60
CSD_code = ADOCAA | q = 0 | S = 0 | Stoichiometry = C14H33B2NO5P2Si2W | MND = 6
W          9.78807        2.16773        4.29798
P          9.66603        5.69649        8.33938
P          8.69855        3.81782        5.85565
Si        11.01363        4.04430        9.16265
Si         7.59050        5.52730        9.28131
O          9.22323       -0.23489        6.23993
O          6.99628        1.63809        2.95959
O         12.62301        2.75243        5.51116
O         11.14991        0.19495        2.28623
N         10.30728        8.65326        8.13754
O         10.30130        4.60515        2.38383
C          8.00981        1.82905        3.45358
C         11.57298        2.53653        5.10817
C          9.44228        0.64672        5.54324
C          6.28356        6.12590        8.01679
H          6.19157        7.20779        7.98843
H          5.30406        5.72305        8.25664
H          6.53781        5.78812        7.01603
C         10.65320        0.91493        3.02729
C          7.16192        3.73943        9.80591
H          7.07879        3.07572        8.95083
H          6.20655        3.72128       10.32305
H          7.90574        3.32369       10.47824
C          8.88168        8.83501        7.86563
H          8.70510        9.77665        7.33980
H          8.33069        8.83977        8.80328
H          8.52293        8.01128        7.25210
C         10.10524        3.71485        3.07432
C         10.98224        4.20486       11.06693
H         11.24420        5.21506       11.36372
H         11.69517        3.52720       11.52499
H         10.00417        3.98232       11.48067
C         11.03722        8.59307        6.86809
H         10.72617        7.71527        6.30853
H         12.10371        8.51505        7.06501
H         10.84832        9.48949        6.27322
C         10.79446        9.80828        8.89784
H         10.68653       10.72610        8.31570
H         11.84279        9.66383        9.14797
H         10.23336        9.90450        9.82440
C         10.43859        2.31309        8.61061
H          9.45292        2.05524        8.98276
H         11.13022        1.55389        8.96368
H         10.41297        2.24913        7.52424
B          9.58250        5.47323        6.38638
C          7.47767        6.59079       10.86801
H          8.29761        6.36853       11.54272
H          6.55171        6.38223       11.39470
H          7.50110        7.65602       10.66393
C         12.78143        4.33477        8.50487
H         12.76478        4.52472        7.43602
H         13.41100        3.46524        8.67142
H         13.25496        5.18446        8.98646
B         10.57200        7.31109        9.01992
H         10.71359        5.44036        5.98915
H          8.11728        3.30215        7.00926
H         11.74493        7.13306        9.00614
H          7.46624        4.27673        5.38555
H         10.16485        7.53604       10.11277
H          8.96813        6.37978        5.89656
