51
CSD_code = CEPJOX | q = 0 | S = 0 | Stoichiometry = C14H27MoO5PSi3 | MND = 6
Mo        -1.99110        5.27152        3.74885
P         -1.73612        7.22499        2.13463
Si        -2.40000        9.23902        2.97960
Si        -2.97573        7.00001        0.22700
Si         0.43301        7.53374        1.49934
O         -2.40101        2.91503        5.70334
O         -1.46531        3.02822        1.68278
O         -2.19663        7.09496        6.24940
O          1.00183        4.73567        4.32827
O         -5.06021        5.21731        3.29317
C         -2.25156        3.79179        4.98315
C         -1.71056        3.92133        2.35316
C         -2.14551        6.48525        5.28340
C         -0.07284        5.04578        4.09225
C         -3.92784        5.29918        3.43355
C         -2.57262       10.57792        1.62583
H         -2.83201       11.52938        2.07931
H         -3.34879       10.33509        0.90893
H         -1.64754       10.71775        1.07859
C         -1.08574        9.83264        4.23160
H         -1.41781       10.73754        4.73206
H         -0.14036       10.05231        3.74634
H         -0.90048        9.08664        4.99796
C         -4.08425        8.99482        3.84930
H         -4.18762        9.66954        4.69382
H         -4.18543        7.97990        4.22793
H         -4.91712        9.18072        3.17896
C         -4.77602        7.53080        0.58729
H         -5.43159        7.20682       -0.21586
H         -4.87667        8.60724        0.67630
H         -5.14248        7.08612        1.50659
C         -2.98443        5.17038       -0.31324
H         -3.47605        5.05597       -1.27522
H         -3.52202        4.55468        0.40337
H         -1.98013        4.76932       -0.40893
C         -2.29744        8.04490       -1.22300
H         -2.97707        7.98341       -2.06716
H         -1.32979        7.68595       -1.55699
H         -2.19755        9.09166       -0.96010
C          0.87353        5.98318        0.47603
H          1.94007        5.92584        0.28090
H          0.36207        5.97602       -0.48182
H          0.58739        5.08096        1.01215
C          0.76733        9.11917        0.48487
H          1.79859        9.12215        0.14544
H          0.62060       10.01010        1.08671
H          0.13505        9.19762       -0.39057
C          1.49637        7.64596        3.08614
H          2.02338        8.59354        3.14702
H          2.24175        6.85714        3.11875
H          0.88157        7.54993        3.97790
