49
CSD_code = VINRIV | q = 0 | S = 0 | Stoichiometry = C17H23CrO5PSi2 | MND = 6
Cr         8.62808        2.55122        0.98337
P          6.91046        3.23275        2.61558
Si         7.46466        3.19758        4.83321
Si         4.95396        2.06153        2.39321
C          9.90819        2.04039       -0.23413
C          7.53480        1.36264        0.05621
C          9.23414        1.17781        2.08398
C          9.97921        3.65626        1.64232
C          8.07503        3.86518       -0.21975
C          6.45703        4.99535        2.49375
C          7.46576        5.91806        2.22411
H          8.47708        5.56720        2.06368
C          7.18682        7.26947        2.14878
H          7.98050        7.97056        1.93648
C          5.89159        7.72341        2.33770
H          5.67048        8.77805        2.27135
C          4.88217        6.81590        2.60979
H          3.86985        7.16293        2.75890
C          5.16239        5.46380        2.69319
H          4.36919        4.76725        2.91334
C          7.26744        1.39716        5.43427
H          7.59979        1.29811        6.46268
H          7.86791        0.72355        4.83052
H          6.23846        1.05652        5.38484
C          6.33519        4.40648        5.78980
H          6.53556        4.35643        6.85523
H          5.28357        4.18671        5.63941
H          6.50420        5.42963        5.46825
C          9.28341        3.75499        4.95795
H          9.62367        3.77558        5.98904
H          9.42134        4.75112        4.54634
H          9.93323        3.07758        4.40944
C          3.65813        2.24824        3.79518
H          2.94611        1.43086        3.73363
H          3.09080        3.17037        3.72791
H          4.11546        2.21112        4.77864
C          4.22900        2.59412        0.70813
H          3.45175        1.91177        0.37727
H          5.00902        2.60111       -0.04954
H          3.80062        3.59154        0.74202
C          5.53431        0.24016        2.38757
H          5.15717       -0.28887        1.51811
H          5.19403       -0.29782        3.26695
H          6.62030        0.17895        2.35773
O         10.71167        1.71735       -0.99679
O          7.03772        0.61292       -0.66369
O          9.70653        0.29835        2.66189
O         10.94830        4.23825        1.86761
O          7.80685        4.60270       -1.06066
