87
CSD_code = NOYMIZ | q = 0 | S = 0 | Stoichiometry = C35H42BN4O3RhSi | MND = 6
Rh         8.08341       21.04202        4.10920
H          6.63501       21.26253        4.41606
Si         7.44885       19.35658        2.59080
H          7.98170       19.49547        1.20093
H          7.97696       17.98603        2.94294
B         10.18719       23.48921        3.61788
C         11.13616       19.11392        2.17747
H         10.18212       18.61274        2.05525
H         11.93585       18.38103        2.09286
H         11.24567       19.84939        1.38286
C         11.20731       19.79846        3.54407
C         11.00222       18.78175        4.66177
H         10.96449       19.27824        5.63011
H         11.82557       18.07034        4.66590
H         10.07418       18.23835        4.50603
C         12.54722       20.56000        3.69860
H         13.02666       20.37855        4.66676
H         13.25919       20.33783        2.90087
C         10.85855       22.01578        3.59907
C          6.85694       23.38600        7.00251
H          6.61195       24.21763        6.34433
H          6.58178       23.64738        8.02180
H          6.28236       22.51593        6.69256
C          8.34960       23.06725        6.92657
C          8.69898       21.92004        7.87394
H          8.06019       21.06376        7.67908
H          8.55198       22.23461        8.90511
H          9.73731       21.62070        7.74120
C          9.22377       24.31488        7.20753
H          8.63186       25.20734        7.42929
H          9.94480       24.15361        8.01397
C          9.58647       23.58928        5.12149
C          8.63076       24.45482        1.79930
H          9.27808       25.28823        1.62084
C          7.43130       24.14395        1.25576
H          6.83380       24.64310        0.52059
C          5.78577       22.37672        1.49618
C          5.68311       21.66329        0.30397
C          6.85995       21.49455       -0.60867
H          6.80134       20.54077       -1.12644
H          7.79815       21.54152       -0.06311
H          6.86182       22.28599       -1.36010
C          4.44406       21.15755       -0.06329
H          4.35893       20.60409       -0.98701
C          3.31896       21.35731        0.71843
C          1.97918       20.84220        0.29255
H          1.36943       21.66039       -0.09213
H          1.45499       20.40098        1.13654
H          2.08165       20.09324       -0.48762
C          3.44485       22.09387        1.88863
H          2.56872       22.27411        2.49480
C          4.66072       22.62351        2.28597
C          4.75558       23.50321        3.49509
H          5.59164       23.20618        4.12478
H          3.83919       23.45458        4.07694
H          4.91797       24.53828        3.19037
C          7.96191       22.55618        2.73452
C         11.24897       24.58249        3.10833
C         11.62501       25.72307        3.81046
H         11.18880       25.91636        4.77782
C         12.55091       26.61833        3.30023
H         12.82341       27.49458        3.87273
C         13.12734       26.39703        2.06285
H         13.85058       27.09402        1.66313
C         12.76745       25.27170        1.34081
H         13.20974       25.08724        0.37108
C         11.84396       24.38440        1.86040
H         11.57117       23.51193        1.28019
C          8.07858       19.73390        5.40866
C          5.60548       18.93542        2.32276
C          5.22703       18.26878        1.16292
H          5.97190       18.07218        0.40532
C          3.92703       17.84275        0.96551
H          3.65965       17.31936        0.05772
C          2.96762       18.07815        1.93515
H          1.95230       17.73643        1.79021
C          3.32079       18.75127        3.09116
H          2.57780       18.94226        3.85344
C          4.62552       19.17164        3.27737
H          4.89024       19.68977        4.18863
N         10.23058       20.89686        3.60609
N          8.72735       22.74129        5.54986
N          8.94278       23.47582        2.69490
N          7.02794       22.97329        1.84396
O         12.19007       21.93335        3.62193
O          9.93975       24.53478        5.99671
O          7.95063       18.92241        6.21219
