241
CSD_code = IBAWEO | q = 0 | S = 0 | Stoichiometry = C72H118B2FeN12O24S6Si6 | MND = 6
Fe        19.47735       19.73263       14.04301
B         19.80631       20.15636       11.12504
B         19.15663       19.28207       16.96801
O         20.45141       18.86649       11.52514
O         20.59979       19.15237       16.59314
O         20.43406       21.27770       11.89172
O         18.67284       20.64596       16.59110
O         18.34710       20.08640       11.45911
O         18.36760       18.25944       16.20365
N         20.53503       18.71392       12.86242
N         20.78319       19.04806       15.25321
N         20.09192       21.28184       13.19464
N         19.04636       21.00526       15.34812
N         18.11288       19.62731       12.71409
N         18.26343       18.54571       14.88618
C         21.51084       18.01886       13.36356
C         21.58027       18.13227       14.78995
C         19.89061       22.41583       13.79744
C         19.42018       22.23049       15.12935
C         17.14370       18.78973       12.92397
C         17.17292       18.24271       14.25056
C         20.00640       20.41945        9.55897
C         21.19226       20.05841        8.92558
H         21.95884       19.56381        9.50078
C         21.39477       20.32299        7.58178
H         22.32966       20.04984        7.11222
C         20.40555       20.94725        6.83861
H         20.56242       21.15352        5.78896
C         19.21706       21.30751        7.45050
H         18.43906       21.79563        6.88062
C         19.02627       21.05087        8.79781
H         18.10213       21.34449        9.27303
C         18.98478       19.00381       18.53336
C         19.33178       17.76141       19.05742
H         19.70300       16.99920       18.38844
C         19.20158       17.49091       20.40785
H         19.47828       16.51969       20.79376
C         18.71699       18.46384       21.26535
H         18.61539       18.25629       22.32141
C         18.36123       19.70285       20.76128
H         17.97902       20.46604       21.42473
C         18.49449       19.96700       19.40920
H         18.21098       20.93121       19.01558
S         22.67709       17.06630       12.45660
C         21.53881       16.08275       11.40326
H         21.07678       15.34562       12.06065
H         20.78757       16.75484       11.00420
C         22.28171       15.40125       10.27079
H         22.71412       16.15439        9.61258
H         23.09847       14.80300       10.68586
C         21.34287       14.50535        9.46525
H         20.84054       13.81791       10.14243
H         21.94871       13.89393        8.79992
Si        20.05437       15.42127        8.41056
N         18.41667       16.57644        7.01384
O         21.01788       16.05226        7.23745
O         19.10342       14.15873        7.93772
O         19.36953       16.45067        9.47904
C         20.67705       17.07042        6.34526
H         21.36662       17.02059        5.49695
H         20.79565       18.03870        6.84510
C         19.22492       16.90661        5.86833
H         18.89113       17.82326        5.36300
H         19.17733       16.07656        5.16134
C         18.18336       14.17962        6.89204
H         17.47404       13.36031        7.04494
H         18.71465       14.00920        5.94618
C         17.44504       15.52727        6.84502
H         16.87623       15.61544        5.90796
H         16.74930       15.57125        7.68345
C         18.21914       17.22494        9.33174
H         18.33300       18.09637        9.97918
H         17.35372       16.63636        9.66235
C         18.04233       17.67321        7.87312
H         17.01086       18.01033        7.70294
H         18.71931       18.50664        7.68438
S         22.57842       17.00572       15.67004
C         23.03769       17.87492       17.21813
H         23.16675       18.92382       16.96391
H         22.22854       17.76981       17.93825
C         24.33726       17.26908       17.72233
H         24.17808       16.22922       18.01084
H         25.07205       17.27580       16.91614
C         24.89569       18.04899       18.90432
H         24.20268       17.98546       19.73962
H         24.96579       19.09915       18.63283
Si        26.59772       17.40902       19.40936
O         26.32395       15.85141       19.85506
O         27.49078       17.56297       18.03045
O         27.06601       18.40659       20.62555
N         28.93781       16.52095       20.07232
C         27.10154       15.08415       20.72451
H         26.73848       14.05348       20.67859
H         26.97401       15.46047       21.74678
C         28.58664       15.14944       20.32772
H         29.20213       14.69461       21.11761
H         28.72734       14.58232       19.40651
C         28.62440       16.82172       17.69161
H         29.06851       17.27447       16.79982
H         28.32527       15.79325       17.45584
C         29.63624       16.81698       18.85052
H         30.44142       16.09856       18.63690
H         30.07223       17.81345       18.93746
C         28.37527       18.67785       21.02203
H         28.33294       19.23479       21.96224
H         28.85961       19.30496       20.26242
C         29.17248       17.37477       21.20549
H         30.23798       17.60917       21.34704
H         28.80609       16.86594       22.09805
S         20.08069       24.00585       13.06709
C         18.77255       23.82933       11.79572
H         18.73749       24.79447       11.29243
H         19.08443       23.05858       11.09173
C         17.45335       23.48972       12.46735
H         17.56290       22.55694       13.02268
H         17.19858       24.27215       13.18372
C         16.30770       23.31266       11.48439
H         16.58994       22.57453       10.73734
H         16.12690       24.24611       10.95669
Si        14.75310       22.75661       12.41612
N         12.80072       22.06818       13.65286
O         13.80339       22.20466       11.19045
O         15.39199       21.60871       13.40597
O         14.29469       24.18263       13.09657
C         12.44102       21.91020       11.27444
H         12.19160       21.22040       10.46345
H         11.87222       22.83893       11.13629
C         12.12038       21.29359       12.64395
H         11.03299       21.25224       12.79938
H         12.51974       20.27924       12.66916
C         14.71489       20.72054       14.24352
H         15.36820       20.48326       15.08812
H         14.50882       19.79306       13.69506
C         13.39865       21.33552       14.74245
H         12.74483       20.54659       15.13682
H         13.62227       22.04029       15.54385
C         13.36764       24.36120       14.12188
H         12.98173       25.38317       14.05892
H         13.87438       24.23816       15.08728
C         12.22179       23.34390       13.99025
H         11.63152       23.31341       14.91648
H         11.57255       23.65466       13.17081
S         19.44848       23.50706       16.34014
C         20.73641       22.76154       17.40950
H         20.91718       23.50461       18.18508
H         20.33328       21.85335       17.85643
C         21.98967       22.48038       16.59949
H         22.30689       23.39069       16.08849
H         21.77113       21.72996       15.83718
C         23.12941       21.96333       17.46107
H         22.79566       21.08043       18.00241
H         23.39181       22.71081       18.20615
Si        24.62959       21.55583       16.37933
N         26.56185       21.04756       14.98035
O         24.98566       23.04152       15.76828
O         25.68413       20.97797       17.49716
O         23.98829       20.46982       15.32219
C         25.80517       23.31617       14.67381
H         26.12590       24.35992       14.74279
H         25.22564       23.18808       13.75118
C         27.02310       22.37698       14.67038
H         27.54348       22.43423       13.70392
H         27.70853       22.69403       15.45753
C         27.05516       20.78861       17.32961
H         27.38332       20.05175       18.06582
H         27.56766       21.74230       17.51277
C         27.35390       20.28372       15.91077
H         28.43201       20.34794       15.70369
H         27.04470       19.23997       15.85730
C         24.68971       19.61704       14.46600
H         24.02279       19.31948       13.65206
H         24.98509       18.71752       15.01886
C         25.93482       20.31832       13.90621
H         26.60348       19.57972       13.44370
H         25.62041       21.03269       13.14449
S         15.90963       18.20427       11.83466
C         15.73955       19.49880       10.54908
H         15.55941       20.44001       11.06108
H         16.66603       19.55501        9.98536
C         14.57758       19.14145        9.64162
H         14.74303       18.16325        9.18784
H         13.65864       19.08455       10.22440
C         14.41927       20.19095        8.55023
H         15.33030       20.23299        7.95740
H         14.30474       21.16484        9.01895
Si        12.93780       19.82089        7.44254
N         10.92675       19.29581        5.98228
O         13.24644       18.29130        6.91695
O         11.67170       19.94738        8.48962
O         13.01295       20.97668        6.28048
C         12.71614       17.68326        5.77803
H         12.93993       16.61372        5.83121
H         13.20183       18.10284        4.88822
C         11.19699       17.91086        5.69799
H         10.82419       17.59828        4.71196
H         10.71279       17.30270        6.46320
C         10.41124       19.36586        8.34279
H          9.74171       19.82094        9.07884
H         10.48618       18.29117        8.55010
C          9.87381       19.58744        6.91908
H          8.97760       18.97100        6.75787
H          9.59968       20.63758        6.80978
C         11.95138       21.43150        5.49814
H         12.36478       22.04081        4.68964
H         11.29543       22.05903        6.11369
C         11.15533       20.24657        4.92586
H         10.22246       20.60780        4.46975
H         11.75649       19.76354        4.15440
S         15.79628       17.33115       14.83134
C         16.53347       16.17843       16.05972
H         17.45135       15.79830       15.61428
H         16.77025       16.74323       16.95901
C         15.54974       15.05847       16.35172
H         15.27076       14.55674       15.42532
H         16.04757       14.33094       16.99437
C         14.29207       15.55910       17.04609
H         13.79863       16.28478       16.40337
H         14.57433       16.08277       17.95679
Si        13.10085       14.15565       17.46645
N         11.50991       12.24606       18.04935
O         12.96838       13.32914       16.05169
O         13.89508       13.35148       18.65921
O         11.73444       14.93841       17.93699
C         11.91696       12.49180       15.67774
H         12.22420       11.94530       14.78138
H         11.03886       13.10342       15.43586
C         11.57266       11.51235       16.81305
H         10.63385       10.98809       16.58167
H         12.37317       10.77558       16.89261
C         13.70790       12.02024       19.03407
H         14.22860       11.86097       19.98269
H         14.15203       11.36710       18.27252
C         12.21007       11.70305       19.18322
H         12.06769       10.61787       19.29088
H         11.83746       12.19457       20.08300
C         10.73955       14.42321       18.76750
H          9.88498       15.10522       18.73373
H         11.11713       14.38046       19.79652
C         10.32252       13.01622       18.30733
H          9.67202       12.55415       19.06435
H          9.76323       13.10647       17.37503
