315
CSD_code = UPOHOX | q = 0 | S = 0 | Stoichiometry = C96H176O26Si16Ti | MND = 4
Ti        14.41382        4.33793       20.16108
O         15.79837        3.18617       20.56541
O         13.30212        5.45019       19.18189
O         15.53510        5.75922       20.39963
O         13.44545        2.90354       19.58191
O         16.59667        2.81965       18.19162
O         18.02467        4.42492       19.77732
O         14.26633        4.27892       17.17477
O         15.02524        6.81236       17.76612
O         15.51613        2.45819       15.82141
O         18.11265        2.35421       16.03813
O         15.29402        4.95254       14.84477
O         17.71279        6.70200       18.48245
O         16.91133        6.81309       15.96298
O         18.71191        4.62950       17.19629
O         17.92896        4.70211       14.68967
Si        17.13175        3.04923       19.72875
Si        13.77385        5.75945       17.70733
Si        16.71810        2.01310       16.80984
Si        14.57045        3.76006       15.67919
Si        16.54776        7.24511       17.49339
Si        18.63368        5.37444       18.63566
Si        18.73469        3.83390       15.79846
Si        16.69658        5.75658       14.75722
O         14.71453        7.08628       22.50755
O         16.23150        4.99332       22.81574
O         11.06023        3.98417       20.21871
O         11.99116        1.94656       21.53762
O         12.72694        5.55098       21.58660
O         12.48421        6.88688       23.80452
O         10.73091        4.34207       22.83431
O         14.06862        3.45478       22.39381
O         12.27821        2.51456       24.06063
O         14.24218        4.96222       24.56982
O         11.70316        4.81663       25.24745
Si        15.99327        6.28519       21.80964
Si        11.95990        2.61346       20.01724
Si        13.13446        6.96647       22.30662
Si        11.17296        5.03161       21.43149
Si        13.08740        2.16526       22.69028
Si        15.10790        4.08744       23.51523
Si        12.93510        5.84152       24.96711
Si        11.13911        3.66224       24.24984
C         18.47196        1.75786       20.21330
H         18.96672        2.12609       21.12035
C         17.99291        0.33552       20.50798
H         17.28124        0.35364       21.32887
H         17.48348       -0.06424       19.63267
C         19.15881       -0.58104       20.87939
H         19.62556       -0.21840       21.79786
H         18.78721       -1.59064       21.06919
C         20.20380       -0.60978       19.76953
H         19.75856       -1.01825       18.86036
H         21.03698       -1.25591       20.05576
C         20.70268        0.80429       19.49285
H         21.43950        0.79016       18.68749
H         21.19103        1.19577       20.38821
C         19.53364        1.70802       19.10798
H         19.07948        1.33773       18.18878
H         19.89115        2.71521       18.90140
C         12.53122        6.48375       16.44279
H         13.01395        6.36507       15.46554
C         11.20476        5.71867       16.40932
H         10.71440        5.82529       17.37593
H         11.40202        4.65966       16.25833
C         10.28627        6.23794       15.30341
H         10.75064        6.06256       14.33126
H          9.33906        5.69399       15.32362
C         10.02814        7.73193       15.46970
H          9.39680        8.09536       14.65560
H          9.49872        7.90394       16.40867
C         11.34943        8.49387       15.49006
H         11.16131        9.56138       15.62517
H         11.85996        8.36143       14.53388
C         12.23824        7.97572       16.61859
H         11.73167        8.13622       17.56970
H         13.17639        8.52789       16.64181
C         16.52795        0.12679       16.93889
H         17.33400       -0.32249       17.52710
C         16.55485       -0.54206       15.55918
H         17.51226       -0.33965       15.07873
H         15.77479       -0.10188       14.93893
C         16.33033       -2.04852       15.67274
H         16.33526       -2.49941       14.67818
H         17.14462       -2.49650       16.24684
C         15.00489       -2.34180       16.36917
H         14.18579       -1.93917       15.77025
H         14.85857       -3.42102       16.45653
C         14.98508       -1.69669       17.75187
H         15.78203       -2.13415       18.35826
H         14.03430       -1.90342       18.24716
C         15.20002       -0.18941       17.63515
H         15.17548        0.28369       18.61874
H         14.39275        0.24813       17.04584
C         13.14267        3.16633       14.54068
H         12.19085        3.16016       15.07929
C         13.38236        1.73030       14.05267
H         13.48638        1.06808       14.91146
H         14.32168        1.69842       13.50011
C         12.24330        1.24307       13.16033
H         12.45348        0.22793       12.81618
H         11.31650        1.21343       13.73624
C         12.06018        2.16892       11.96309
H         11.22583        1.82470       11.34756
H         12.96233        2.14915       11.34892
C         11.80784        3.59464       12.44052
H         10.87867        3.62500       13.01425
H         11.69351        4.25946       11.58134
C         12.96288        4.07339       13.31638
H         12.78071        5.09747       13.63974
H         13.88652        4.07320       12.73752
C         16.64322        9.15366       17.58853
H         16.10709        9.48481       18.48418
C         15.98172        9.83994       16.38893
H         14.95436        9.49175       16.28357
H         16.51984        9.55968       15.48324
C         16.00342       11.35927       16.54263
H         15.52797       11.82781       15.67784
H         15.43609       11.64388       17.43143
C         17.43762       11.85958       16.68042
H         17.44521       12.94372       16.81410
H         17.98913       11.63040       15.76650
C         18.11973       11.18013       17.86341
H         17.60312       11.45711       18.78465
H         19.15382       11.52238       17.94242
C         18.08466        9.66215       17.70233
H         18.57470        9.18659       18.54982
H         18.63297        9.37725       16.80313
C         20.50689        5.72305       18.90524
H         20.98113        5.16094       18.09176
C         20.91152        7.18315       18.68682
H         20.46055        7.54930       17.76409
H         20.53781        7.79318       19.50767
C         22.43153        7.31613       18.61457
H         22.80427        6.75925       17.75208
H         22.70785        8.36404       18.47875
C         23.07847        6.77113       19.88434
H         22.75918        7.37408       20.73684
H         24.16580        6.84604       19.81060
C         22.66921        5.31888       20.11212
H         23.12277        4.94775       21.03397
H         23.04106        4.70588       19.28797
C         21.14774        5.19855       20.19459
H         20.79231        5.76577       21.05043
H         20.86539        4.15761       20.34830
C         20.50722        3.63884       15.14332
H         20.48000        3.13774       14.17055
C         21.14893        5.01308       14.92955
H         20.53902        5.58716       14.23202
H         21.15881        5.55500       15.87538
C         22.57476        4.88610       14.39823
H         22.55551        4.40691       13.41710
H         23.01583        5.87811       14.27795
C         23.42677        4.04948       15.34720
H         23.48541        4.54845       16.31683
H         24.44263        3.95669       14.95620
C         22.80610        2.66807       15.52721
H         22.78637        2.15459       14.56367
H         23.41468        2.07271       16.21182
C         21.38361        2.79044       16.06849
H         21.41408        3.25023       17.05669
H         20.93735        1.80224       16.17830
C         16.66189        6.76914       13.14790
H         16.71007        6.09896       12.28418
C         15.36157        7.57279       13.03733
H         14.51542        6.88594       13.04811
H         15.27188        8.22502       13.90628
C         15.33264        8.41360       11.76331
H         15.35967        7.75512       10.89241
H         14.40570        8.98982       11.71935
C         16.53138        9.35500       11.71772
H         16.50794        9.94845       10.80077
H         16.48299       10.04214       12.56478
C         17.82704        8.55391       11.78972
H         18.68489        9.22963       11.76472
H         17.89269        7.89738       10.91948
C         17.86480        7.71356       13.06363
H         18.78428        7.12850       13.09762
H         17.86033        8.36960       13.93440
C         17.34616        7.55219       22.24806
H         17.23293        7.73942       23.32424
C         17.13731        8.88802       21.53069
H         17.26135        8.73143       20.45938
H         16.12185        9.23946       21.71181
C         18.13382        9.93442       22.02670
H         17.98086       10.87759       21.49736
H         17.96602       10.11628       23.09073
C         19.56509        9.45386       21.81653
H         20.26962       10.19137       22.20886
H         19.75070        9.35233       20.74607
C         19.78147        8.10875       22.50360
H         19.66409        8.23558       23.58245
H         20.80126        7.76254       22.32038
C         18.77228        7.07317       22.00619
H         18.92526        6.12110       22.51513
H         18.89305        6.90470       20.93662
C         10.91420        1.45687       18.92985
H          9.89434        1.39713       19.32316
C         11.48639        0.03806       18.89581
H         12.51874        0.08734       18.55113
H         11.48290       -0.37342       19.90605
C         10.68224       -0.86994       17.96667
H         11.12865       -1.86666       17.94477
H          9.66297       -0.96785       18.34681
C         10.63973       -0.28978       16.55710
H         10.05719       -0.94055       15.90079
H         11.65408       -0.23059       16.15957
C         10.02975        1.10708       16.59141
H          9.00328        1.04229       16.95969
H          9.99527        1.52693       15.58389
C         10.84146        2.01837       17.50872
H         10.39178        3.01060       17.54375
H         11.85874        2.12391       17.12722
C         12.61936        8.60129       21.47725
H         11.55129        8.66125       21.25900
C         13.37679        8.74725       20.15049
H         14.44805        8.69260       20.34390
H         13.14261        7.90998       19.49315
C         13.04671       10.07601       19.47548
H         13.59830       10.15920       18.53892
H         11.98036       10.11754       19.24198
C         13.40028       11.23974       20.39709
H         13.15842       12.18926       19.91397
H         14.47258       11.22786       20.60021
C         12.63720       11.11680       21.71237
H         11.56530       11.17699       21.51273
H         12.90058       11.94363       22.37509
C         12.95370        9.78777       22.39479
H         14.01209        9.75033       22.65111
H         12.38773        9.69652       23.32199
C          9.85480        6.38659       21.18822
H         10.08587        7.18937       21.89658
C          8.44456        5.89177       21.53626
H          8.44808        5.47144       22.54031
H          8.16292        5.09936       20.84260
C          7.43775        7.03782       21.45200
H          6.43711        6.67109       21.68964
H          7.69863        7.79926       22.18967
C          7.43946        7.66321       20.05982
H          6.73775        8.49956       20.02582
H          7.11081        6.92021       19.33083
C          8.84181        8.13939       19.69258
H          9.14600        8.93053       20.38159
H          8.83771        8.55882       18.68390
C          9.82743        6.97586       19.77554
H          9.51150        6.19056       19.08800
H         10.82814        7.29129       19.48302
C         13.92706        0.47070       22.89988
H         14.77765        0.50083       23.58375
C         12.93456       -0.55868       23.45995
H         12.57652       -0.22369       24.43292
H         12.07380       -0.61564       22.79410
C         13.58607       -1.93479       23.57835
H         14.41276       -1.88485       24.28983
H         12.86028       -2.65588       23.95910
C         14.11599       -2.39555       22.22401
H         14.59536       -3.37182       22.32414
H         13.28299       -2.49945       21.52690
C         15.11067       -1.37776       21.67322
H         15.48101       -1.70910       20.70323
H         15.96169       -1.30917       22.35417
C         14.44149       -0.01191       21.53795
H         13.59667       -0.09125       20.85444
H         15.12318        0.73188       21.11842
C         16.05291        2.82279       24.57751
H         15.34721        2.06923       24.94134
C         17.15284        2.12055       23.77456
H         17.87475        2.86989       23.44925
H         16.72537        1.68019       22.87563
C         17.85447        1.06232       24.62205
H         17.13500        0.29932       24.92811
H         18.63431        0.57088       24.03723
C         18.46430        1.70433       25.86477
H         19.22693        2.42267       25.55946
H         18.94676        0.94332       26.48235
C         17.38933        2.42582       26.67280
H         17.84130        2.90288       27.54467
H         16.65814        1.69835       27.03070
C         16.67961        3.47398       25.81733
H         15.90232        3.96954       26.39730
H         17.39291        4.23275       25.49615
C         13.38336        6.84271       26.51110
H         13.62210        6.16907       27.33881
C         14.62444        7.69765       26.22729
H         14.40843        8.36185       25.38986
H         15.44772        7.04945       25.92789
C         15.01483        8.52009       27.45291
H         15.27910        7.84805       28.27195
H         15.88926        9.13323       27.22624
C         13.85624        9.41114       27.88890
H         13.62122       10.11384       27.08759
H         14.13870        9.98825       28.77224
C         12.62557        8.56262       28.19086
H         12.84668        7.88937       29.02144
H         11.79552        9.20500       28.49180
C         12.22988        7.74238       26.96542
H         11.96306        8.41170       26.14773
H         11.35942        7.12650       27.18993
C          9.58116        2.86708       24.97545
H          9.86056        2.24772       25.83285
C          8.92274        1.95077       23.93749
H          8.64066        2.54674       23.06952
H          9.64554        1.20633       23.60365
C          7.68600        1.27057       24.51942
H          7.22129        0.63426       23.76379
H          7.98062        0.63581       25.35756
C          6.68458        2.31330       25.00623
H          6.35452        2.91806       24.15976
H          5.80739        1.82051       25.43139
C          7.33103        3.21912       26.04938
H          7.62060        2.62159       26.91599
H          6.61355        3.97076       26.38475
C          8.56703        3.90251       25.46962
H          8.27141        4.53859       24.63544
H          9.03699        4.53668       26.22054
