78
CSD_code = WOFZOG | q = 0 | S = 0 | Stoichiometry = C31H36CrNO7PSi | MND = 6
Cr         3.57177        4.79978       12.38207
P          5.82941        4.29740       11.86518
Si         8.05060        3.47240       15.70672
O          8.27513        5.04304       16.04924
O          7.64602        2.52393       16.96815
O          9.48952        2.90441       15.21458
O          0.79611        5.73755       12.98968
O          2.42260        3.02220       10.25170
O          3.18645        2.49086       14.26509
O          3.29101        6.58994        9.99414
N          4.50733        7.42721       13.38982
H          4.67052        8.15243       14.08241
H          4.54922        7.69808       12.41879
C          4.14794        6.19000       13.72769
C          4.18362        5.99558       15.18358
C          3.12669        5.38421       15.86293
H          2.24478        5.08971       15.31298
C          3.18762        5.18372       17.22768
H          2.35721        4.71763       17.73691
C          4.30750        5.57512       17.94586
H          4.35348        5.40878       19.01216
C          5.36249        6.18324       17.28735
H          6.24096        6.48892       17.83639
C          5.29680        6.40518       15.92493
H          6.14188        6.85367       15.42237
C          6.47942        5.34106       10.51841
C          6.06323        5.03902        9.22254
H          5.45303        4.15944        9.05760
C          6.41787        5.85247        8.16494
H          6.09237        5.60980        7.16430
C          7.18304        6.98679        8.39027
H          7.45750        7.62667        7.56487
C          7.58653        7.30285        9.67607
H          8.17665        8.19073        9.85345
C          7.23282        6.48821       10.73855
H          7.54601        6.74709       11.74016
C          6.32259        2.64853       11.24128
C          5.49499        1.55498       11.46336
H          4.54255        1.70084       11.95589
C          5.88180        0.29083       11.05148
H          5.23263       -0.55413       11.22744
C          7.09674        0.11214       10.41226
H          7.39773       -0.87289       10.08782
C          7.92556        1.19956       10.18420
H          8.87182        1.06106        9.68175
C          7.54395        2.46144       10.59871
H          8.18867        3.31076       10.41525
C          7.10896        4.45601       13.18728
H          8.09285        4.19304       12.78798
H          7.13660        5.48628       13.54503
C          6.72814        3.54039       14.34528
H          6.55171        2.53131       13.96430
H          5.77859        3.88648       14.75675
C          9.26294        5.63585       16.86448
H         10.22706        5.15668       16.67160
H          9.00262        5.46960       17.91667
C          9.34091        7.12508       16.56379
H         10.10231        7.58888       17.18488
H          8.38383        7.60044       16.76277
H          9.59450        7.27720       15.51808
C          6.53412        2.57385       17.83320
H          6.27237        3.61650       18.03961
H          6.85691        2.09617       18.76477
C          5.32936        1.84143       17.26183
H          4.53262        1.81701       18.00002
H          5.60275        0.82241       17.00096
H          4.96543        2.34386       16.37080
C          9.89095        1.57882       14.96014
H          9.48191        0.92061       15.73178
H         10.98377        1.57400       15.03082
C          9.45414        1.10700       13.58041
H          9.84804        0.11300       13.38768
H          9.82388        1.78784       12.81827
H          8.37013        1.07578       13.51705
C          1.86333        5.34667       12.77323
C          2.91900        3.65086       11.08580
C          3.43490        3.41675       13.61991
C          3.50028        5.98945       10.96132
