71
CSD_code = CAKBEW | q = 0 | S = 0 | Stoichiometry = C17H40B10N2SiZr | MND = 8
Zr         2.89106        1.26145        4.29425
Si         5.81335        2.79667        2.75594
N          1.45275        2.10978        5.44945
N          2.09497       -0.57498        3.94788
C          4.22197        2.98277        1.71633
C          2.84316        2.48502        2.44720
C          6.51183        4.50154        3.26677
C          7.15353        1.88254        1.74353
C          5.30798        1.79011        4.25548
C          4.83509        2.26299        5.51194
C          4.51251        1.15254        6.31338
C          4.77630       -0.01711        5.56775
C          5.25355        0.37062        4.30671
C          1.63597        3.16309        6.43280
C          1.90966        4.54532        5.80986
C          0.07175        1.99863        4.99988
C         -0.89542        1.44744        6.06906
C          2.22060       -1.52802        2.86078
C          3.32012       -2.59613        3.04575
C          1.67289       -1.19209        5.19909
C          0.27190       -1.83594        5.14132
B          3.49962        1.55788        1.14812
B          4.20423        2.70710        0.01438
B          3.96829        4.31868        0.67286
B          3.10956        4.16418        2.21036
B          1.76848        1.86305        1.23856
B          2.61725        1.98551       -0.31955
B          2.90597        3.72784       -0.61952
B          2.23002        4.65332        0.75476
B          1.53601        3.47505        1.88915
B          1.38608        3.20154        0.13748
H          7.40182        4.37772        3.87514
H          5.80267        5.09089        3.83821
H          6.78927        5.08358        2.39470
H          8.00805        1.64475        2.36915
H          7.50933        2.49719        0.92338
H          6.78626        0.95390        1.31859
H          4.87848        3.29342        5.84571
H          4.24123        1.17593        7.36315
H          4.73620       -1.02909        5.95190
H          5.66022       -0.28872        3.54914
H          2.47969        2.90473        7.09206
H          0.74782        3.25116        7.07555
H          2.00606        5.29983        6.58819
H          1.09400        4.83099        5.14872
H          2.83110        4.51363        5.22824
H          0.06060        1.31541        4.13430
H         -0.32944        2.97437        4.66721
H         -1.84522        1.18733        5.60893
H         -1.09013        2.18523        6.84374
H         -0.47341        0.56172        6.53634
H          2.43796       -0.97131        1.94170
H          1.26674       -2.05682        2.69123
H          3.44360       -3.15767        2.12250
H          3.05664       -3.29677        3.83467
H          4.26794       -2.12587        3.30049
H          1.66056       -0.39835        5.97009
H          2.38161       -1.97827        5.53321
H         -0.07621       -2.06353        6.14650
H          0.29306       -2.76367        4.57450
H         -0.42945       -1.15332        4.66667
H          4.03191        0.53677        1.44037
H          5.22235        2.43807       -0.50985
H          4.83323        5.11250        0.58479
H          3.39123        4.81887        3.14921
H          1.04003        0.99174        1.58259
H          2.45511        1.20676       -1.18793
H          2.95217        4.17697       -1.70705
H          1.79558        5.74130        0.63822
H          0.65069        3.68320        2.64013
H          0.34703        3.27342       -0.41185
