75
CSD_code = ETAPUK | q = 0 | S = 0 | Stoichiometry = C26H40O4RuSi4 | MND = 7
Ru         0.61999        3.68545        8.54338
Si         1.61638        2.38737       10.34104
Si        -1.14318        3.31003       10.17408
Si        -1.15055        4.68851        7.04629
Si         2.78774        3.37051        7.28486
O         -0.21792        0.98678        7.45270
O          1.37872        6.22115       10.01670
O          0.01446        2.36224       11.23767
O          0.59226        3.01306        5.29493
C          0.11256        2.03517        7.80078
C          1.09511        5.26739        9.43067
C         -0.24633        1.81413       12.50735
C          1.97722        0.49017       10.29858
C          2.75972        3.04981       11.74461
C         -2.56200        2.00785       10.02298
C         -1.80556        4.57512       11.46904
C         -0.67744        6.20703        5.94115
C         -2.75638        5.32258        7.89799
C          4.34912        2.94624        8.32802
C          3.44289        4.82636        6.18831
C         -1.69320        3.39638        5.74252
C         -3.01901        3.07164        5.49649
C         -3.36022        2.10920        4.56448
C         -2.37586        1.46500        3.83638
C         -1.03762        1.76914        4.03650
C         -0.72045        2.72187        5.00273
C          2.58402        1.96356        6.00325
C          3.46597        0.89885        5.89238
C          3.25994       -0.10940        4.96915
C          2.17303       -0.05966        4.11460
C          1.27389        0.99438        4.17780
C          1.48918        1.98149        5.13754
C          0.10475        1.18163        3.22903
C          0.52057        2.23004        2.17625
C         -0.28379       -0.10894        2.50925
H          0.97708        4.52943        7.31549
H         -1.28726        1.50033       12.55798
H         -0.05334        2.55381       13.28679
H          0.39443        0.94869       12.66518
H          2.29789        0.10272       11.26283
H          2.76781        0.27774        9.58674
H          1.10420       -0.07409        9.98088
H          3.79647        3.00768       11.43034
H          2.66849        2.46164       12.65435
H          2.53658        4.08366       11.99235
H         -3.15438        1.92587       10.93133
H         -3.23803        2.28556        9.22126
H         -2.17320        1.02162        9.78273
H         -1.03466        5.27412       11.78068
H         -2.18856        4.08218       12.35913
H         -2.61600        5.15475       11.04176
H          0.10884        5.95553        5.23573
H         -0.32567        7.03981        6.54353
H         -1.53496        6.55110        5.36965
H         -3.30676        4.53594        8.40094
H         -3.41517        5.78425        7.16971
H         -2.51272        6.07663        8.63809
H          5.22724        2.89410        7.69263
H          4.52762        3.72206        9.06417
H          4.25961        2.00556        8.85887
H          4.39124        4.56592        5.72661
H          3.59765        5.72613        6.77701
H          2.74517        5.06940        5.39254
H         -3.79367        3.57409        6.05459
H         -4.39821        1.86095        4.39584
H         -2.66397        0.72504        3.10713
H          4.32034        0.85572        6.54982
H          3.95134       -0.93737        4.90643
H          2.03658       -0.85067        3.39486
H         -0.30777        2.42806        1.49854
H          0.80467        3.16439        2.65522
H          1.36958        1.86557        1.60093
H          0.55247       -0.47859        1.92128
H         -1.10369        0.07643        1.82000
H         -0.58389       -0.87449        3.22143
