55
CSD_code = FORSEK | q = 0 | S = 0 | Stoichiometry = C23H28MnOPSi | MND = 9
Mn         1.64589        3.70752        0.60794
Si         3.64302        2.47441        1.47976
C          3.22839        0.63657        1.91438
C          5.33102        2.28958        0.54762
C          4.21165        3.23980        3.18712
C          3.15109        4.22812        3.64641
P          2.58083        5.07232        2.12076
C          1.57429        6.47257        2.70887
C          1.37873        7.53556        1.82914
C          0.58339        8.60463        2.19471
C         -0.02400        8.62419        3.44079
C          0.17202        7.57432        4.32191
C          0.96568        6.49991        3.95924
C          4.08891        5.99030        1.66457
C          4.71031        5.74973        0.44500
C          5.85618        6.44860        0.10621
C          6.38392        7.38579        0.97966
C          5.76295        7.63057        2.19426
C          4.61617        6.93864        2.53650
C         -0.35480        3.39160       -0.15153
C          0.11085        2.17058        0.41287
C          0.37229        2.38235        1.78032
C          0.09194        3.73347        2.06887
C         -0.35692        4.35363        0.88456
C         -0.96783        3.55104       -1.50848
C          1.80361        5.09701       -0.45627
O          1.74161        6.02186       -1.15182
H          2.34706        3.04717       -0.58884
H          5.14980        3.77269        3.03430
H          4.38622        2.48415        3.95136
H          3.52220        4.95322        4.37854
H          2.29926        3.69483        4.08153
H          5.83419        3.23623        0.39001
H         -2.02950        3.29266       -1.46125
H         -0.48835        2.89433       -2.23316
H         -0.88320        4.57843       -1.86032
H          2.70637        0.14811        1.10055
H          2.62743        0.53449        2.81152
H          4.15444        0.09827        2.07902
H          5.18498        1.82444       -0.41933
H          5.99029        1.65270        1.12734
H          1.85951        7.51406        0.86017
H          0.43441        9.42410        1.50690
H         -0.64892        9.45774        3.72586
H         -0.29651        7.58980        5.29578
H          1.11351        5.68689        4.65781
H          4.27389        5.01032       -0.22311
H          6.33690        6.26340       -0.84272
H          7.27749        7.93088        0.71354
H          6.17139        8.36512        2.87310
H          4.12268        7.13940        3.47876
H          0.11209        1.21172       -0.09021
H          0.57963        1.61270        2.51022
H          0.02175        4.16265        3.06142
H         -0.76727        5.35388        0.81828
