68
CSD_code = IKIZAD | q = 0 | S = 0 | Stoichiometry = C15H47P3RuSi2 | MND = 7
Ru         9.39537       13.12037        3.74062
P         11.25788       12.53339        2.53951
P          9.29713       15.28863        3.00531
P          7.83107       12.24559        2.31932
Si         9.16498       12.49777        6.15067
Si        10.82433        9.70294        6.91165
C         11.46833       10.75348        2.12274
C         12.87631       12.78977        3.36951
C         11.67471       13.25154        0.88769
C         10.81144       16.31603        3.20058
C          8.84987       15.77849        1.28021
C          8.13160       16.37571        3.91510
C          8.06345       12.10876        0.49083
C          6.16461       13.02656        2.32589
C          7.30737       10.51852        2.65825
C          8.93721       14.02739        7.30991
C          7.64161       11.40372        6.59516
C         10.72349       11.60550        6.88659
C         10.01584        8.82149        5.41810
C         10.02188        9.03389        8.51052
C         12.67597        9.20532        6.92118
H         12.37069       10.59597        1.53085
H         10.60143       10.39499        1.56871
H         11.53790       10.19532        3.05615
H          8.07972       13.57589        4.43927
H         12.85275       12.24784        4.31476
H         13.01291       13.84903        3.58370
H         13.69889       12.42636        2.75208
H         10.46062       13.79982        4.65594
H         12.60788       12.82724        0.51655
H         11.78243       14.33180        0.97501
H         10.87443       13.03640        0.18113
H          9.55571       11.62179        4.10445
H         10.64197       17.33191        2.84176
H         11.64164       15.86978        2.65499
H         11.06603       16.33553        4.26001
H          8.85084       16.86439        1.18357
H          7.85733       15.39820        1.04159
H          9.56496       15.35269        0.57783
H          8.37231       16.30026        4.97529
H          7.11294       16.01807        3.76762
H          8.21293       17.41163        3.58286
H          7.18640       11.65296        0.03066
H          8.93805       11.49330        0.28274
H          8.22204       13.09834        0.06430
H          5.76298       12.94785        3.33592
H          5.49566       12.52994        1.62211
H          6.24644       14.08216        2.06988
H          6.99971       10.46483        3.70206
H          8.15294        9.84669        2.51349
H          6.48408       10.21977        2.00794
H          8.89092       13.71153        8.34767
H          8.01978       14.56355        7.08777
H          9.76017       14.72841        7.21308
H          6.71558       11.85891        6.25675
H          7.57339       11.27954        7.67095
H          7.71068       10.41706        6.15163
H         11.59463       11.98481        6.35413
H         10.83484       11.95205        7.91335
H          9.08588        8.33706        5.69852
H         10.66518        8.05926        4.99731
H          9.78591        9.53423        4.63294
H          8.97545        9.31373        8.57083
H         10.51734        9.42636        9.39299
H         10.07702        7.95038        8.55932
H         12.79939        8.13275        7.03853
H         13.20829        9.68563        7.73625
H         13.16960        9.49162        5.99672
