73
CSD_code = IMUDEZ | q = 0 | S = 0 | Stoichiometry = C30H39PRuSi2 | MND = 9
Ru        -1.18791        3.31211        3.99898
P         -2.79734        1.69530        3.74968
Si         0.65344        1.73973        3.99584
Si        -0.92325        3.73438        1.63429
C         -2.60568        4.48041        5.39192
H         -3.66482        4.38316        5.61487
C         -2.18138        5.38441        4.40675
H         -2.90360        5.98772        3.86930
C         -0.80149        5.58959        4.20530
H         -0.46691        6.34881        3.50644
C          0.13902        4.91264        4.99317
H          1.19204        5.15235        4.90242
C         -0.30185        4.04043        6.01999
H          0.41814        3.61376        6.70837
C         -1.66614        3.84429        6.23311
H         -2.01220        3.26447        7.08072
C          1.29731        0.62725        2.53878
H          2.37042        0.49465        2.62555
H          1.10112        1.05958        1.56567
H          0.84306       -0.35538        2.56727
C          2.33708        2.59407        4.47795
H          3.13421        1.85773        4.45865
H          2.33162        3.02664        5.47294
H          2.60293        3.37536        3.77368
C          0.47911        0.42417        5.42158
H          1.40577       -0.13114        5.52813
H         -0.30565       -0.29241        5.19649
H          0.26034        0.87646        6.38518
C         -1.31568        2.52037        0.17023
H         -1.31658        3.07015       -0.76526
H         -2.29175        2.05756        0.27760
H         -0.57464        1.73497        0.07955
C         -1.96803        5.25345        0.98670
H         -1.59662        5.54435        0.00841
H         -1.90952        6.13202        1.62071
H         -3.01529        4.99597        0.86806
C          0.88620        4.31014        1.22712
H          0.95031        4.64996        0.19854
H          1.59624        3.50167        1.35456
H          1.20737        5.12962        1.86300
C         -3.79985        1.54195        5.28323
C         -3.15152        1.02757        6.40586
H         -2.12045        0.71331        6.31073
C         -3.81520        0.91588        7.61277
H         -3.30548        0.50833        8.47440
C         -5.13424        1.33077        7.71822
H         -5.65390        1.24989        8.66166
C         -5.78263        1.84824        6.61024
H         -6.81067        2.17205        6.68859
C         -5.12259        1.95294        5.39646
H         -5.64146        2.35380        4.53709
C         -2.51449       -0.08025        3.39175
C         -3.06008       -1.14031        4.10775
H         -3.67379       -0.96103        4.97835
C         -2.82310       -2.44332        3.70233
H         -3.24386       -3.26209        4.26837
C         -2.06110       -2.70019        2.57545
H         -1.88498       -3.71915        2.26337
C         -1.52971       -1.64584        1.84952
H         -0.93995       -1.84002        0.96570
C         -1.75018       -0.34477        2.25990
H         -1.33744        0.49505        1.72492
C         -4.14744        2.00929        2.54206
C         -4.80786        1.00890        1.83787
H         -4.51849       -0.02396        1.96084
C         -5.83719        1.33420        0.97087
H         -6.33965        0.55100        0.42194
C         -6.22676        2.65238        0.80576
H         -7.03081        2.89957        0.12841
C         -5.58022        3.65381        1.51205
H         -5.88225        4.68430        1.38905
C         -4.54553        3.33090        2.36877
H         -4.02431        4.10431        2.91519
