61
CSD_code = OMIPUV | q = 0 | S = 0 | Stoichiometry = C27H32HfSi | MND = 12
Hf         6.01951        3.65233       11.36820
Si         4.94191        1.54757       12.60302
C          7.39800        2.71789        9.90721
C          8.03433        3.85144       13.37961
C          8.45452        4.53241       12.23123
C          7.52877        5.56393       11.96490
C          6.53357        5.51873       12.97689
C          6.85428        4.45358       13.84387
C          4.95517        4.49459        9.11488
C          4.92300        5.52560       10.07892
C          3.97722        5.16095       11.06616
C          3.42759        3.91767       10.69609
C          4.03669        3.50546        9.50250
C          6.11641        0.22963       13.49528
C          6.37120        0.66035       14.94107
C          7.45946        0.16200       12.76360
C          5.51380       -1.17610       13.50173
C          3.98870        0.56585       11.24412
C          4.69655       -0.00360       10.18607
C          4.05444       -0.66905        9.15867
C          2.67288       -0.76996        9.15550
C          1.94824       -0.20182       10.18834
C          2.60103        0.45571       11.21604
C          3.58246        2.00849       13.89457
C          3.39252        3.34211       14.24494
C          2.42605        3.72251       15.15893
C          1.61718        2.76612       15.74846
C          1.78379        1.43357       15.41220
C          2.75358        1.06498       14.49684
H          6.85981        2.08920        9.18733
H          8.16151        2.07693       10.36340
H          7.94190        3.46298        9.31345
H          8.58979        3.08132       13.88934
H          9.38666        4.37587       11.71070
H          7.68070        6.37182       11.26175
H          5.81175        6.29878       13.17981
H          6.36500        4.23447       14.78111
H          5.37528        6.50187        9.96934
H          3.57825        5.81810       11.82681
H          2.59947        3.42616       11.18202
H          3.76967        2.63001        8.93169
H          5.48239        4.53210        8.17299
H          6.84458        1.63845       14.97789
H          5.43928        0.71329       15.49920
H          7.02566       -0.05346       15.44125
H          7.91821        1.14813       12.68661
H          8.14679       -0.49467       13.29767
H          7.33255       -0.23885       11.76088
H          6.21911       -1.88567       13.93527
H          4.60415       -1.20995       14.09401
H          5.27736       -1.50433       12.49236
H          5.77546        0.07267       10.17015
H          4.62975       -1.10640        8.35455
H          2.16648       -1.28463        8.35192
H          0.86962       -0.27040       10.19247
H          2.01816        0.89501       12.01248
H          2.86199        0.02238       14.23763
H          1.15382        0.67989       15.86321
H          0.86054        3.05754       16.46230
H          2.30062        4.76577       15.41248
H          4.01776        4.10295       13.78725
