69
CSD_code = POZVAC | q = 0 | S = 0 | Stoichiometry = C27H36N2O2SiW | MND = 9
W         -0.09617        1.92798        4.90897
Si        -2.01103        3.53989        5.54228
O         -2.73538        0.42083        4.24018
O         -0.01932        4.17656        2.76190
N          0.55178        0.74199        3.09179
N          1.91643       -1.53048       -0.15328
C         -1.77337        1.03923        4.42644
C         -0.13131        3.31784        3.53176
C         -1.49754        5.31005        6.12779
H         -2.33964        5.98905        6.03883
H         -0.68746        5.70630        5.52530
H         -1.17992        5.32945        7.16481
C         -3.24672        2.93556        6.90358
H         -2.92552        3.21052        7.90149
H         -3.37062        1.85778        6.87803
H         -4.22342        3.38161        6.74525
C         -3.18432        3.93461        4.07412
C         -4.28530        3.13115        3.79208
H         -4.49792        2.28421        4.42625
C         -5.11504        3.38853        2.71582
H         -5.96224        2.74489        2.52031
C         -4.86292        4.46870        1.88789
H         -5.50952        4.67425        1.04568
C         -3.77773        5.28590        2.15243
H         -3.57468        6.13643        1.51565
C         -2.95478        5.01824        3.23142
H         -2.11604        5.66929        3.42407
C          0.15700       -0.51807        2.89592
H         -0.54212       -0.92435        3.61402
C          0.57719       -1.30726        1.85177
H          0.19183       -2.30943        1.77794
C          1.48367       -0.80028        0.90110
C          1.91346        0.52006        1.13415
H          2.61555        1.00389        0.47731
C          1.42919        1.22590        2.21015
H          1.76333        2.24208        2.36617
C          1.41523       -2.86702       -0.36863
H          1.66989       -3.51874        0.47150
H          1.86319       -3.28307       -1.26694
H          0.32886       -2.86670       -0.49577
C          2.80292       -0.94416       -1.13035
H          2.35386       -0.05918       -1.59014
H          3.00942       -1.66744       -1.91448
H          3.75386       -0.65733       -0.67291
C          0.44976        2.11046        7.20949
C          1.46269        2.77866        6.43160
C          2.09734        1.81035        5.62038
C          1.49874        0.53043        5.90654
C          0.49133        0.71968        6.87540
C         -0.16143        2.64267        8.47026
H         -0.38875        3.70189        8.39426
H          0.54631        2.50588        9.29280
H         -1.07458        2.10929        8.71998
C          1.95038        4.18051        6.64689
H          2.25798        4.64048        5.70871
H          2.81278        4.17456        7.31875
H          1.17701        4.80059        7.09110
C          3.36836        2.02604        4.85203
H          4.22869        1.94699        5.52215
H          3.38911        3.01729        4.40020
H          3.49270        1.28566        4.06199
C          2.04201       -0.79456        5.46047
H          2.78645       -1.14447        6.18045
H          2.52800       -0.72697        4.48733
H          1.25908       -1.54973        5.39864
C         -0.27808       -0.35487        7.58613
H         -0.33117       -1.26417        6.98981
H         -1.29522       -0.02961        7.79977
H          0.20589       -0.60049        8.53476
