73
CSD_code = QUSBUB | q = 1 | S = 0 | Stoichiometry = C24H45N2RuSi(1+) | MND = 9
Ru         9.64309        2.38957       11.30817
Si         8.14802        4.28338       11.30320
N          8.81268        1.91370       13.09109
N         10.37030        3.31885       13.86933
C         11.44143        1.61277       10.26857
C         10.69669        0.46058       10.65574
C          9.39518        0.25537       10.12160
C          8.79921        1.22021        9.28230
C          9.53781        2.39095        8.91995
C         10.88711        2.53860        9.33818
C         12.87678        1.77424       10.70238
C         11.34810       -0.66816       11.41412
C          8.71847       -1.07329       10.32744
C          7.49962        0.87347        8.60165
C          8.96720        3.34722        7.90603
C         11.79594        3.55045        8.68366
C          7.71544        0.94877       13.10589
C          8.02747       -0.30496       13.93682
C          6.35974        1.55702       13.47560
C          9.31176        2.48733       14.15202
C          8.87287        2.32788       15.57295
C         11.21217        3.95624       14.89233
C         12.57674        3.26716       14.92438
C         11.34377        5.45695       14.64700
C         10.66260        3.40264       12.56019
C          6.43772        3.88799       10.47564
C          8.94385        5.78408       10.37384
C          7.63997        5.07578       12.99810
H         13.01670        1.46396       11.73553
H         13.52927        1.16884       10.07118
H         13.19584        2.80933       10.62812
H         10.78920       -0.92397       12.31383
H         11.38543       -1.55523       10.78094
H         12.36353       -0.43325       11.71123
H          8.98184       -1.52424       11.27923
H          7.63615       -0.99806       10.27685
H          9.03784       -1.75494        9.53648
H          6.70513        0.67298        9.31976
H          7.15601        1.65888        7.94022
H          7.64014       -0.02689        8.00213
H          7.90027        3.48409        8.04715
H          9.42547        4.32663        7.98387
H          9.13577        2.95943        6.89976
H         11.94504        4.43004        9.30964
H         12.76834        3.10189        8.49170
H         11.39955        3.87792        7.72841
H          7.63048        0.63457       12.05793
H          7.73711       -0.19779       14.97709
H          7.48075       -1.15262       13.53209
H          9.09147       -0.52971       13.90062
H          6.32126        1.90431       14.50288
H          6.13730        2.39268       12.81937
H          5.59114        0.79910       13.34752
H          8.63829        3.30263       15.99931
H          7.98982        1.70955       15.65011
H          9.65992        1.86762       16.16995
H         10.73116        3.81642       15.86070
H         13.17252        3.66798       15.73905
H         12.46058        2.19627       15.07735
H         13.11699        3.42872       13.99517
H         10.36382        5.92486       14.60218
H         11.89930        5.90503       15.46590
H         11.87173        5.67245       13.72277
H         11.53090        4.03348       12.35212
H          5.63110        4.26629       11.09462
H          6.35323        4.38162        9.51400
H          6.25928        2.82901       10.31961
H          8.92146        6.66462       11.00626
H          9.97916        5.61199       10.09729
H          8.39227        6.02401        9.47223
H          7.18330        4.37338       13.68631
H          8.49191        5.52316       13.49840
H          6.92121        5.86856       12.81648
