61
CSD_code = RASZOC | q = 0 | S = 0 | Stoichiometry = C21H36MoP2Si | MND = 12
C         -0.54963        5.49108        6.03418
C         -1.94267        5.42168        6.39258
H         -2.63468        6.24868        6.31571
C         -2.28844        4.07358        6.59346
H         -3.28307        3.68759        6.75964
C         -1.13258        3.29314        6.35716
H         -1.11746        2.21262        6.31075
C         -0.06512        4.14958        6.01571
H          0.91481        3.83566        5.68803
C          0.54442        2.79540        8.77252
H          0.82594        1.95708        8.15039
C         -0.57798        2.82986        9.63436
H         -1.32544        2.05418        9.72642
C         -0.48675        3.97986       10.42273
H         -1.11453        4.21709       11.26953
C          0.68847        4.69258       10.03136
H          1.13312        5.49620       10.60443
C          1.34861        3.92825        9.02924
H          2.35171        4.08008        8.66071
C         -2.69107        7.92843        8.32816
H         -3.59389        7.70162        7.76919
H         -1.95789        8.32816        7.63277
H         -2.94030        8.72141        9.02579
C         -3.64730        5.53729        9.86802
H         -4.26957        6.24330       10.40820
H         -3.46008        4.69638       10.52738
H         -4.22966        5.16899        9.02940
C         -1.27903        7.25746       10.81855
H         -2.01579        7.92138       11.25980
H         -0.41991        7.86353       10.54708
H         -0.96440        6.56703       11.59385
C          3.26776        7.52972        7.42625
C          2.78776        7.26474        8.85493
H          3.01850        6.24499        9.15371
H          1.71249        7.42454        8.94008
H          3.28915        7.94130        9.54689
C          2.97506        8.98711        7.08706
H          1.90062        9.16472        7.06045
H          3.41111        9.27703        6.13506
H          3.40607        9.62919        7.85593
C          4.77503        7.26341        7.38932
H          5.27396        7.85280        8.15834
H          5.21261        7.52466        6.43108
H          4.97880        6.21101        7.58225
C          2.45290        6.81658        4.50490
C          1.97755        5.60632        3.69267
H          2.10480        5.79857        2.62757
H          0.92214        5.40790        3.87131
H          2.55605        4.71835        3.94637
C          1.55753        8.00168        4.15483
H          1.60455        8.17965        3.07992
H          1.86281        8.91115        4.66094
H          0.51937        7.79328        4.41605
C          3.89760        7.10873        4.10295
H          4.55465        6.29777        4.41331
H          4.25457        8.03862        4.53663
H          3.96457        7.20283        3.01878
Mo        -0.57259        4.67143        8.12605
P          0.36620        6.79242        6.84313
P          2.39341        6.22047        6.33860
Si        -2.02889        6.38335        9.27225
