105
CSD_code = RIZRID | q = 0 | S = 0 | Stoichiometry = C55H44FeO2Si3 | MND = 8
Fe        13.86447       13.71809        8.55317
Si        15.57315       12.61009        9.49618
Si        10.29554       14.40145        7.99963
Si         9.21610       16.41687        7.51521
O         15.41844       13.84555        6.12127
O         12.81589       11.12026        7.84813
C         14.83140       13.77581        7.10576
C         13.25048       12.14312        8.13836
C         16.84504       11.77724        8.34113
C         16.42167       11.02754        7.24862
H         15.36291       10.93572        7.05309
C         17.32928       10.40396        6.41246
H         16.97883        9.82701        5.56867
C         18.68812       10.52012        6.65540
H         19.39991       10.03550        6.00284
C         19.12830       11.26103        7.73854
H         20.18679       11.35534        7.93550
C         18.21286       11.88102        8.57053
H         18.56246       12.45652        9.41541
C         16.58309       13.90192       10.46632
C         17.18047       14.95671        9.78317
H         17.07132       15.00877        8.70856
C         17.90743       15.92181       10.45448
H         18.36761       16.73330        9.90827
C         18.04644       15.84878       11.83157
H         18.61219       16.60225       12.36039
C         17.46004       14.80440       12.52597
H         17.56954       14.74087       13.59944
C         16.73566       13.84074       11.84547
H         16.28196       13.02400       12.38885
C         15.00273       11.23844       10.69467
C         15.59768        9.98104       10.67692
H         16.40345        9.78985        9.98358
C         15.17489        8.97717       11.52995
H         15.65219        8.00805       11.49998
C         14.14060        9.21195       12.41989
H         13.80641        8.42840       13.08461
C         13.53675       10.45782       12.45213
H         12.72793       10.64951       13.14342
C         13.96709       11.45575       11.59731
H         13.49333       12.42405       11.63013
C         11.96700       14.78161        8.77439
C         12.95182       15.68715        8.31892
H         12.88889       16.28569        7.42339
C         13.97670       15.77594        9.29772
H         14.80017       16.47086        9.28631
C         13.60388       14.96860       10.39538
H         14.12444       14.91120       11.33632
C         12.40345       14.31589       10.05381
H         11.79749       13.71149       10.70964
C         10.49084       13.39175        6.40887
C          9.40076       12.70018        5.88683
H          8.46183       12.71170        6.42233
C          9.50503       11.99709        4.70115
H          8.64947       11.46242        4.31406
C         10.70590       11.97652        4.01062
H         10.79064       11.42337        3.08656
C         11.79631       12.66859        4.51008
H         12.73658       12.65993        3.97816
C         11.68305       13.37367        5.69409
H         12.53847       13.91351        6.07812
C          9.41133       13.31340        9.28084
C          9.61932       11.93727        9.31290
H         10.27044       11.48361        8.58029
C          9.00585       11.14505       10.26634
H          9.18337       10.07931       10.27652
C          8.16643       11.71791       11.20730
H          7.68390       11.10122       11.95178
C          7.94855       13.08564       11.19033
H          7.29565       13.53956       11.92232
C          8.56829       13.87306       10.23642
H          8.39815       14.94132       10.23522
C          8.81762       17.39275        9.09313
C          9.80748       17.58934       10.05364
H         10.79864       17.19322        9.88038
C          9.54200       18.28015       11.22117
H         10.32354       18.42353       11.95373
C          8.27319       18.78643       11.45266
H          8.06248       19.32572       12.36480
C          7.27642       18.59685       10.51056
H          6.28487       18.98875       10.68677
C          7.54913       17.90598        9.34308
H          6.76749       17.75832        8.61133
C         10.36644       17.46726        6.43237
C         10.76510       18.75017        6.79254
H         10.37977       19.18671        7.70301
C         11.64439       19.47165        6.00424
H         11.94125       20.46792        6.29969
C         12.14421       18.91779        4.83780
H         12.83231       19.47848        4.22196
C         11.75761       17.64071        4.46361
H         12.14481       17.20209        3.55520
C         10.87829       16.92543        5.25516
H         10.58184       15.92860        4.95892
C          7.60703       16.07903        6.57309
C          6.70140       15.14339        7.06702
H          6.92104       14.63280        7.99492
C          5.52804       14.86061        6.39309
H          4.83646       14.13299        6.79370
C          5.23953       15.50948        5.20353
H          4.32356       15.29007        4.67432
C          6.13044       16.43991        4.69642
H          5.91051       16.94857        3.76864
C          7.30205       16.71947        5.37720
H          7.99402       17.44652        4.97640
