54
CSD_code = ROZNEA | q = 0 | S = 0 | Stoichiometry = C22H28FeOSi2 | MND = 9
Fe         3.26512        1.20027        7.04857
H          3.01183       -0.01179        7.75639
Si         4.06049       -0.64778        6.06697
Si         3.36261        1.39126        9.27714
O          6.10013        1.61969        7.23458
C          1.25870        1.46389        6.47442
H          0.39460        0.85903        6.68412
C          2.05495        1.36856        5.31374
H          1.89693        0.67994        4.50374
C          3.01957        2.39673        5.37125
H          3.74492        2.62978        4.61254
C          2.78251        3.15492        6.53980
H          3.29584        4.05682        6.82206
C          1.67031        2.59777        7.20467
H          1.18037        3.01414        8.06549
C          4.96607        1.41457        7.21422
C          2.58404       -1.73290        5.54999
C          1.50511       -1.89912        6.41021
H          1.53010       -1.40024        7.36882
C          0.41562       -2.67366        6.05900
H         -0.41249       -2.78940        6.74440
C          0.38337       -3.30103        4.82426
H         -0.46806       -3.90350        4.54182
C          1.44919       -3.15013        3.95406
H          1.43138       -3.63739        2.98922
C          2.53656       -2.37513        4.31866
H          3.36365       -2.26480        3.63340
C          5.23309       -1.77165        7.08457
H          5.61805       -2.58600        6.47990
H          4.71711       -2.20708        7.93283
H          6.07840       -1.20899        7.46271
C          5.01911       -0.13300        4.48973
H          5.72719        0.65308        4.72381
H          4.36009        0.23743        3.71263
H          5.58176       -0.96457        4.07889
C          3.48393        3.24802        9.68932
C          4.56921        3.99345        9.23913
H          5.34402        3.50021        8.67496
C          4.66976        5.34852        9.49477
H          5.52344        5.90535        9.13471
C          3.67434        5.99439       10.20968
H          3.74675        7.05403       10.40820
C          2.58633        5.27180       10.66718
H          1.80520        5.76781       11.22622
C          2.49803        3.91503       10.40843
H          1.64477        3.36295       10.77368
C          4.82818        0.54413       10.17112
H          4.72362        0.61391       11.24851
H          5.77118        1.00471        9.90387
H          4.88714       -0.50477        9.90684
C          1.76491        0.68914       10.06949
H          1.76218       -0.39241        9.99346
H          0.87545        1.05020        9.56655
H          1.68617        0.94120       11.12147
