50
CSD_code = ROZNAW | q = 0 | S = 0 | Stoichiometry = C21H25FeNOSi | MND = 8
Fe         7.73970        9.71266        2.82387
O         10.57867       10.14219        3.09646
N          7.31032        9.29649        4.66455
Si         8.29030        7.57930        2.48620
C          6.01044       11.12535        2.55972
H          5.36790       11.52329        3.32976
C          7.18202       11.72974        2.07512
H          7.59001       12.67351        2.39356
C          7.66610       10.93180        1.00782
H          8.48725       11.18579        0.35697
C          6.75853        9.86446        0.81145
H          6.78159        9.16026       -0.00095
C          5.75080        9.96618        1.78788
H          4.86383        9.35582        1.83687
C          9.44333        9.93597        3.05026
C          6.05579        8.93568        4.96882
H          5.38400        8.79981        4.13555
C          5.60466        8.70697        6.25766
C          6.51066        8.85257        7.30231
H          6.20392        8.67547        8.32252
C          7.82250        9.21724        7.01427
C          8.16524        9.42327        5.68886
H          9.17371        9.70231        5.42494
C          4.18333        8.31252        6.50862
H          3.72444        7.93134        5.60022
H          3.61008        9.17474        6.84940
H          4.12933        7.54940        7.28187
C          8.83965        9.35939        8.10241
H          9.73586        9.84835        7.73162
H          9.11614        8.37675        8.48366
H          8.43526        9.93694        8.93111
C          9.21273        7.25709        0.83394
H         10.21508        7.66666        0.88484
H          8.71794        7.71990       -0.01087
H          9.29603        6.19411        0.63261
C          9.35784        6.69161        3.82159
H          9.38347        5.61929        3.65731
H          8.97989        6.86750        4.82310
H         10.37819        7.05642        3.79138
C          6.62600        6.64324        2.45175
C          5.90354        6.48119        1.27472
H          6.33265        6.82009        0.34417
C          4.65560        5.88537        1.26749
H          4.11499        5.76952        0.33809
C          4.09564        5.43707        2.45234
H          3.11793        4.97615        2.45265
C          4.80317        5.57585        3.63460
H          4.37905        5.21708        4.56275
C          6.05204        6.17079        3.62825
H          6.59848        6.26579        4.55480
