78
CSD_code = SAMKAV | q = 0 | S = 0 | Stoichiometry = C42H32FeO2Si | MND = 8
Fe         6.26745        9.22542       12.28321
C          6.18636       10.77523       11.48193
O          6.26664       11.73725       10.86622
C          7.68099        9.81624       13.11683
O          8.64337       10.18856       13.61375
Si         5.06309        9.81613       14.05027
C          5.40996        8.70320       15.58521
H          5.18091        7.66344       15.37882
H          4.83507        9.00877       16.45468
H          6.46294        8.76165       15.84252
C          4.96530       11.69356       14.61098
C          4.23981       12.27041       13.41149
C          3.27864       11.44547       12.94966
C          3.14293       10.19151       13.79278
C          2.84715       10.73610       15.16801
C          1.68916       10.57705       15.90231
H          0.88067        9.96412       15.53048
C          1.56403       11.22893       17.12178
H          0.66073       11.10777       17.70151
C          2.57834       12.04648       17.58582
H          2.46663       12.56110       18.52894
C          3.73282       12.23181       16.83709
H          4.50304       12.89995       17.19416
C          3.87235       11.57044       15.63264
C          6.27674       12.25639       15.01237
C          7.08198       12.95750       14.11893
H          6.73296       13.15457       13.11807
C          8.33432       13.40733       14.49354
H          8.93542       13.95718       13.78400
C          8.82199       13.14986       15.76233
H          9.79931       13.50424       16.05476
C          8.05172       12.41317       16.64544
H          8.43171       12.17976       17.63005
C          6.79978       11.96456       16.27091
H          6.22357       11.36532       16.95988
C          4.37717       13.68566       13.05871
C          4.41920       14.14252       11.74386
H          4.39914       13.43901       10.92870
C          4.51170       15.49449       11.46948
H          4.54800       15.82824       10.44232
C          4.56226       16.41740       12.49924
H          4.63634       17.47292       12.28196
C          4.52012       15.97578       13.81126
H          4.55731       16.68761       14.62337
C          4.43110       14.62650       14.08879
H          4.38773       14.29336       15.11389
C          2.27631       11.82858       11.94434
C          1.01638       12.24383       12.36120
H          0.79464       12.27266       13.41824
C          0.06319       12.62469       11.43444
H         -0.91064       12.95117       11.76965
C          0.35460       12.59204       10.08152
H         -0.39000       12.89162        9.35868
C          1.60324       12.16944        9.65646
H          1.83215       12.13491        8.60071
C          2.55796       11.78780       10.58072
H          3.52409       11.43093       10.24888
C          2.31650        9.03281       13.37034
C          2.11179        8.00994       14.30087
H          2.51903        8.11478       15.29568
C          1.40865        6.86767       13.97348
H          1.26163        6.09674       14.71677
C          0.89921        6.70505       12.69514
H          0.34743        5.81383       12.43561
C          1.11563        7.69579       11.75560
H          0.73422        7.57942       10.75095
C          1.81988        8.84157       12.08575
H          1.97317        9.59069       11.32844
C          4.95720        7.95811       11.05486
H          4.03872        8.20008       10.54760
C          6.25266        7.95803       10.47150
H          6.48666        8.24055        9.45801
C          7.14931        7.40086       11.40318
H          8.19046        7.18260       11.23057
C          6.41230        7.05791       12.56772
H          6.79632        6.49912       13.40538
C          5.04968        7.35401       12.32838
H          4.21841        7.08755       12.95709
