76
CSD_code = TAYBAX | q = 0 | S = 0 | Stoichiometry = C27H39BFeN2O5Si | MND = 8
Fe         4.01515        0.51555        3.04628
Si         4.40787       -1.43333        4.08638
O          6.01240       -0.25540        1.10559
O          2.32591       -1.03800        1.29007
O          5.50930        3.70754        2.81314
O          5.73993        6.80924        1.97214
O          6.02379        6.51284        4.16767
N          3.28478        2.61318        2.95303
N          8.63004        0.84930        2.46466
B          4.65017        2.83858        3.42690
C          2.62099        1.78292        3.86887
H          1.54566        1.72164        3.88852
C          3.47212        1.47840        4.94664
H          3.15306        0.96499        5.83877
C          4.76855        1.94477        4.66470
H          5.58045        1.80951        5.36152
C          2.64704        3.24898        1.80094
C          2.57065        4.75798        2.06301
H          2.02321        4.95412        2.98366
H          2.06385        5.25953        1.24276
H          3.57304        5.16732        2.15150
C          1.24667        2.68985        1.54525
H          1.28054        1.60619        1.45541
H          0.86324        3.09756        0.61334
H          0.55378        2.96388        2.33784
C          3.52303        2.97202        0.57602
H          4.52018        3.36552        0.74558
H          3.10530        3.44170       -0.31054
H          3.59386        1.89578        0.41474
C          5.31109        0.10097        1.94990
C          2.95446       -0.41560        2.02992
C          2.85205       -2.00321        5.07109
H          3.00280       -2.99095        5.49385
H          1.98192       -2.04947        4.42534
H          2.61909       -1.33090        5.88796
C          4.90224       -2.95595        3.01532
H          5.04869       -3.83977        3.62819
H          5.82334       -2.77441        2.47304
H          4.13426       -3.18526        2.28509
C          5.86132       -1.16869        5.31579
H          5.54965       -0.58987        6.17647
H          6.68170       -0.63892        4.84414
H          6.24191       -2.11737        5.67894
C          6.78869        3.91965        3.38953
H          6.65914        4.13428        4.45991
C          7.64939        2.70408        3.26862
C          8.35128        2.06901        4.33741
C          8.52670        2.35509        5.69150
H          8.08024        3.23600        6.12916
C          9.27693        1.49228        6.45721
H          9.42010        1.69519        7.50848
C          9.86423        0.35082        5.90369
H         10.44654       -0.30113        6.53772
C          9.71400        0.04428        4.56917
H         10.16931       -0.83790        4.14494
C          8.95199        0.90800        3.79021
C          7.84610        1.92252        2.16333
H          7.46293        2.05242        1.17026
C          9.04223       -0.17977        1.55441
H          8.74300       -1.16036        1.93068
H         10.12824       -0.16961        1.42547
H          8.56681       -0.01859        0.58983
C          7.38649        5.19720        2.73996
C          8.64281        5.62344        3.50116
H          9.08142        6.50389        3.03681
H          9.37227        4.81677        3.48322
H          8.40526        5.85473        4.53606
C          7.69141        4.99830        1.25847
H          6.82052        4.59007        0.75366
H          8.53316        4.32299        1.13570
H          7.93132        5.95492        0.80068
C          6.30178        6.25844        2.88108
C          4.99462        7.46212        4.40316
H          5.23795        8.41199        3.92253
H          4.93208        7.58325        5.48154
H          4.04596        7.09930        4.00206
