68
CSD_code = VUHVOK | q = 0 | S = 0 | Stoichiometry = C30H34MoO2Si | MND = 10
Mo         4.30522        7.23169        1.72143
Si         3.65382        4.81361        1.83288
O          2.42873        8.78849       -0.15219
O          1.39121        7.39113        2.69304
C          4.63392        5.21712        0.30011
C          4.81352        6.23027       -0.40640
C          5.06783        6.67531       -1.79453
C          5.53210        8.12919       -1.88039
C          6.12705        5.75389       -2.41776
C          3.74160        6.51838       -2.55725
C          1.96798        4.16977        1.24581
C          1.27135        4.87516        0.26771
C          0.03076        4.44883       -0.16634
C         -0.53929        3.30755        0.37542
C          0.13979        2.59731        1.35005
C          1.38332        3.02639        1.77941
C          4.39602        3.51254        2.98430
C          5.40430        2.65061        2.56851
C          5.93198        1.70689        3.43154
C          5.45553        1.60908        4.72827
C          4.44498        2.45527        5.15455
C          3.92187        3.39713        4.28714
C          3.15569        8.17152        0.50280
C          2.48376        7.29341        2.32788
C          6.25796        6.80371        2.91079
C          5.32807        7.45362        3.75897
C          5.06656        8.75513        3.20785
C          5.91151        8.92076        2.06042
C          6.62716        7.71973        1.87247
C          7.03990        5.56110        3.21983
C          4.85367        6.97395        5.09593
C          4.35531        9.86872        3.92001
C          6.11200       10.21744        1.33731
C          7.80005        7.48851        0.96702
H          6.51313        8.24606       -1.42851
H          4.82879        8.78731       -1.37614
H          5.60021        8.43313       -2.92323
H          7.07487        5.83930       -1.88995
H          6.28771        6.02563       -3.45899
H          5.79928        4.71813       -2.37134
H          3.88648        6.76575       -3.60689
H          2.98440        7.18285       -2.14754
H          3.38055        5.49467       -2.48277
H          1.71419        5.77103       -0.15152
H         -0.49708        5.00871       -0.92470
H         -1.51148        2.97572        0.04066
H         -0.30039        1.70732        1.77710
H          1.90987        2.46331        2.53752
H          5.77532        2.72167        1.55633
H          6.71567        1.04386        3.09353
H          5.86766        0.87398        5.40430
H          4.06542        2.37958        6.16383
H          3.12903        4.05225        4.62148
H          8.01447        5.83763        3.63213
H          7.21102        4.96478        2.32386
H          6.53003        4.93695        3.94970
H          5.47717        7.40151        5.88501
H          4.91076        5.88948        5.16679
H          3.82336        7.27583        5.27824
H          5.04869       10.39231        4.58294
H          3.53255        9.48377        4.52065
H          3.94968       10.58956        3.21154
H          6.79227       10.85508        1.90726
H          5.16901       10.74874        1.22037
H          6.53699       10.06296        0.34838
H          8.70724        7.40245        1.57070
H          7.93901        8.31586        0.27472
H          7.69234        6.56442        0.39744
