62
CSD_code = YEBTUU | q = 0 | S = 0 | Stoichiometry = C21H38Si2W | MND = 12
W          4.72660        1.85412        4.87851
Si         2.71387        2.97492        6.01123
Si         6.01625        3.97601        4.37112
C          5.65529        2.07241        6.96542
C          4.70979        1.00114        7.13287
C          5.11423       -0.06117        6.32294
C          6.32662        0.29726        5.68233
C          6.69583        1.58429        6.10191
C          4.55641        0.11741        3.40407
C          3.26670        0.69737        3.50239
C          3.34641        2.00504        2.93462
C          4.66602        2.18064        2.42962
C          5.41702        1.03862        2.74816
C          1.12831        1.78698        6.22841
C          0.27257        2.17260        7.44153
C          0.22159        1.81797        4.99712
C          1.54930        0.33533        6.48725
C          2.12583        4.80055        5.56483
C          3.17893        5.76681        6.10267
C          1.98644        5.00947        4.06052
C          0.80847        5.21053        6.21937
C          5.49205        5.45958        3.23336
C          6.81417        4.93117        5.85627
C          7.61796        3.44110        3.39733
H          2.90797        3.24956        7.49142
H          5.76055        2.90050        7.65650
H          3.92696        0.98024        7.87217
H          4.64454       -1.03398        6.27684
H          6.93902       -0.36755        5.08755
H          7.66364        2.03890        5.96640
H          4.78542       -0.92512        3.58867
H          2.35585        0.15845        3.70860
H          2.49877        2.62066        2.66481
H          4.98777        2.99124        1.79475
H          6.42558        0.83744        2.41955
H          0.88607        2.27499        8.33311
H         -0.47096        1.39675        7.63027
H         -0.25687        3.10321        7.28411
H          0.74220        1.50379        4.09825
H         -0.63615        1.15776        5.13722
H         -0.16001        2.81959        4.82563
H          0.69163       -0.33017        6.37886
H          2.32682       -0.00551        5.81292
H          1.91645        0.22620        7.50444
H          2.92685        6.79364        5.83662
H          4.15670        5.53668        5.70189
H          3.22942        5.70281        7.18639
H          2.91716        4.77504        3.55336
H          1.73042        6.04719        3.84182
H          1.19350        4.38356        3.65625
H          0.84809        5.05640        7.29368
H         -0.03450        4.66118        5.81186
H          0.62243        6.27087        6.03983
H          6.38818        5.95943        2.87647
H          4.92491        5.16027        2.35757
H          4.90334        6.20017        3.75982
H          6.11502        5.13550        6.65900
H          7.65077        4.38885        6.28411
H          7.19553        5.88687        5.51110
H          8.02750        2.48758        3.71863
H          8.40295        4.18197        3.52739
H          7.43220        3.36506        2.32957
