72
CSD_code = NOGTIM | q = 0 | S = 0 | Stoichiometry = C23H37ClF6P3RhSi | MND = 6
Rh         4.37487        4.99754        8.55379
Cl         3.61213        3.31782        6.96864
P          3.48376        6.43321        6.99417
P          4.71662        3.14886        9.87349
P          6.53368        4.98698        7.64206
Si         4.73047        6.55063       10.30575
F         11.14052        8.73223       11.48257
F         10.22118       10.59314       10.91661
F         10.91774        9.23458        9.40338
F         -0.68967       10.62451       11.34613
F          0.85606       12.10759       11.53661
F          0.15948       11.52385        9.58810
C          6.43231        7.42614       10.41291
C          7.39641        6.97086       11.30471
C          8.64764        7.55449       11.38759
C          8.95102        8.62729       10.56161
C          8.00280        9.11228        9.66877
C          6.76253        8.50591        9.59978
C         10.29612        9.28615       10.60157
C          3.44277        7.96583       10.48771
C          3.80222        9.28160       10.75431
C          2.85375       10.28124       10.87474
C          1.50853        9.96596       10.74433
C          1.11976        8.65263       10.51144
C          2.08629        7.67352       10.39073
C          0.47049       11.04435       10.81487
C          3.75889        8.24920        7.03108
C          1.65813        6.37578        6.93454
C          3.84140        6.08581        5.22827
C          3.14178        2.41677       10.44224
C          5.64119        3.20088       11.46013
C          5.47570        1.66446        9.10753
C          7.95996        4.55956        8.72085
C          7.26272        6.49498        6.88399
C          6.79828        3.80059        6.27092
H          2.97689        4.96296        9.12037
H          4.64418        6.02999       11.71640
H          7.15823        6.14341       11.95604
H          9.38409        7.18591       12.08586
H          8.24531        9.95402        9.03633
H          6.03016        8.88604        8.90322
H          4.84363        9.53538       10.87610
H          3.15113       11.29985       11.07445
H          0.07061        8.40922       10.43035
H          1.78488        6.65139       10.21744
H          7.82022        3.57916        9.17059
H          8.87929        4.55837        8.13597
H          8.03881        5.30175        9.51382
H          7.42261        7.23970        7.66092
H          8.21836        6.24755        6.42228
H          6.59845        6.91056        6.12980
H          6.13528        4.05503        5.44587
H          7.83665        3.83057        5.94026
H          6.53812        2.79725        6.60102
H          2.61523        3.13751       11.06644
H          2.53335        2.19368        9.56639
H          3.32948        1.50293       11.00648
H          5.72087        2.19472       11.86969
H          6.63606        3.61239       11.30750
H          5.10561        3.83537       12.16138
H          4.93132        1.43127        8.19368
H          6.52271        1.83894        8.86815
H          5.39827        0.82979        9.80456
H          3.43316        8.64638        7.98991
H          4.81541        8.47002        6.89502
H          3.18771        8.72145        6.23279
H          1.24974        6.77610        7.86019
H          1.29276        6.95961        6.08962
H          1.35082        5.33637        6.82549
H          3.26639        6.77364        4.60819
H          4.90084        6.20202        5.01017
H          3.54575        5.05995        5.01366
