157
CSD_code = HIWMAE | q = 0 | S = 0 | Stoichiometry = C59H89FeN2O3PSi2 | MND = 6
Fe         0.86933       10.25677       17.87856
P          1.40453       12.85977       17.66527
Si        -0.49654       11.91258       17.07904
Si         2.60283       11.18083       16.69513
O          2.69969        8.97270       19.75235
O         -1.37659        9.39076       19.50664
O          0.59143        7.77908       16.36463
N         -3.01234       13.26302       17.97170
N         -1.77676       12.63362       19.64678
C         -1.78728       12.79000       18.30518
C         -3.79693       13.33020       19.10427
C         -3.01656       12.94594       20.15553
C         -3.24958       14.04039       16.76053
H         -2.43328       13.77825       16.09018
C         -3.12950       15.52830       17.10021
H         -3.92997       15.85939       17.75660
H         -3.17844       16.10916       16.18379
H         -2.17802       15.73077       17.58588
C         -4.56060       13.74402       16.04062
H         -4.72925       12.67560       15.96734
H         -4.48200       14.13498       15.02980
H         -5.41308       14.21599       16.51859
C         -5.24288       13.67957       19.11480
H         -5.79786       13.01697       18.45342
H         -5.41988       14.70736       18.80474
H         -5.64006       13.55948       20.11857
C         -3.40093       12.87435       21.58981
H         -4.40473       13.26904       21.72013
H         -2.72744       13.46210       22.20834
H         -3.39011       11.84623       21.94541
C         -0.55525       12.49888       20.43141
H          0.19028       12.07910       19.74492
C         -0.07335       13.89506       20.82344
H          0.21062       14.44547       19.92863
H          0.80338       13.80175       21.45713
H         -0.83825       14.45297       21.36059
C         -0.66177       11.57105       21.63818
H         -1.01065       12.08602       22.52836
H          0.32902       11.17568       21.85005
H         -1.31459       10.72871       21.43206
C         -1.38805       12.00296       15.38330
C         -2.45767       11.13106       15.14521
C         -3.21808       11.27329       13.99262
H         -4.03732       10.59250       13.81637
C         -2.95501       12.26771       13.06609
C         -1.85669       13.08500       13.28280
H         -1.62076       13.83640       12.54457
C         -1.04479       12.94695       14.40137
C         -2.78704        9.97917       16.06797
H         -2.06326        9.96826       16.88597
C         -4.17817       10.09076       16.69287
H         -4.23716       10.96125       17.34278
H         -4.37904        9.20862       17.29720
H         -4.95248       10.16355       15.93144
C         -2.64348        8.64688       15.32766
H         -3.37762        8.55086       14.53109
H         -2.78118        7.82073       16.02193
H         -1.64993        8.56352       14.89562
C         -3.79006       12.42068       11.81891
H         -3.42978       13.29949       11.27190
C         -5.26734       12.63958       12.14915
H         -5.67761       11.78641       12.68346
H         -5.83957       12.77554       11.23401
H         -5.39431       13.52523       12.76857
C         -3.61246       11.19525       10.91898
H         -2.55917       11.04277       10.69463
H         -4.15266       11.32947        9.98424
H         -3.98973       10.30097       11.40887
C          0.18803       13.81379       14.52638
H          0.92401       13.26398       15.12198
C         -0.12740       15.11500       15.26662
H         -0.98795       15.61521       14.82544
H          0.72692       15.78578       15.21462
H         -0.32506       14.90776       16.31605
C          0.84371       14.13513       13.18173
H          0.95763       13.24008       12.57583
H          1.83695       14.54143       13.35578
H          0.27220       14.87343       12.62238
C          2.98219       11.58188       14.82737
C          2.44155       10.87991       13.73660
C          2.94683       11.09100       12.45908
H          2.54771       10.51851       11.63455
C          3.94264       12.01203       12.19568
C          4.42067       12.75032       13.26249
H          5.17711       13.49977       13.08534
C          3.96835       12.54459       14.55780
C          1.29252        9.89930       13.83257
H          0.86292        9.97112       14.83700
C          0.18446       10.23227       12.82657
H         -0.05784       11.28875       12.84705
H         -0.71791        9.67648       13.07111
H          0.47618        9.96165       11.81439
C          1.74025        8.45755       13.57793
H          2.24221        8.37858       12.61559
H          0.87341        7.79928       13.56797
H          2.41822        8.10632       14.34684
C          4.46266       12.21426       10.79440
H          3.94675       11.50821       10.13320
C          4.15836       13.63228       10.30634
H          3.09035       13.83114       10.36596
H          4.47855       13.75461        9.27355
H          4.67704       14.36840       10.91551
C          5.96280       11.92377       10.72273
H          6.52192       12.62600       11.33614
H          6.31639       12.00748        9.69697
H          6.16991       10.91754       11.08096
C          4.57957       13.41538       15.62908
H          4.12959       13.16340       16.58816
C          4.27287       14.89355       15.37907
H          4.71845       15.50172       16.16360
H          3.19680       15.05021       15.39671
H          4.66132       15.23159       14.42085
C          6.08591       13.16949       15.72977
H          6.28090       12.12410       15.95806
H          6.51706       13.77759       16.52203
H          6.59107       13.42069       14.79995
C          4.32613       10.83725       17.52239
C          4.89161       11.54128       18.59983
C          6.11146       11.14153       19.12775
H          6.51373       11.68033       19.97102
C          6.83190       10.07974       18.61118
C          6.27322        9.39080       17.55191
H          6.81140        8.55164       17.13404
C          5.03654        9.73795       17.02617
C          4.23663       12.72603       19.27148
H          3.45138       13.12051       18.62267
C          5.20908       13.87853       19.53874
H          5.86618       13.66739       20.37965
H          4.64693       14.77983       19.77537
H          5.82104       14.07579       18.66254
C          3.57255       12.28614       20.57740
H          2.73529       11.62435       20.36272
H          3.19552       13.15381       21.11550
H          4.27974       11.75722       21.21396
C          8.16984        9.67983       19.18161
H          8.53908        8.81805       18.61322
C          8.03313        9.26016       20.64636
H          8.98730        8.90340       21.02947
H          7.29930        8.46295       20.74280
H          7.70959       10.09815       21.25895
C          9.18245       10.81737       19.03362
H          9.27363       11.10808       17.98903
H         10.16033       10.50384       19.39407
H          8.86902       11.68838       19.60389
C          4.49679        8.86570       15.92341
H          3.50250        9.22623       15.66328
C          4.34468        7.42063       16.40338
H          5.30610        6.98081       16.65547
H          3.88507        6.80834       15.62938
H          3.71029        7.38999       17.28742
C          5.36813        8.95664       14.67058
H          5.41272        9.98710       14.32413
H          4.94979        8.34553       13.87359
H          6.38015        8.61319       14.87151
C          2.03330        9.57253       19.02918
C         -0.46574        9.80174       18.91744
C          0.69772        8.83565       16.81435
