96
CSD_code = WODHOO | q = 0 | S = 0 | Stoichiometry = C43H44N3P2RhS2Si | MND = 6
N         -0.10391        3.55992       16.18528
N         -1.27821        2.94512       14.00098
N          0.76006        9.86840       13.09729
P          0.20157        6.25712       16.35577
P         -1.76569        5.17507       12.54063
Rh        -0.84027        6.19111       14.34236
S          1.00167        7.22483       13.13594
S         -1.36983        8.61171       14.05646
Si         0.00898        4.03943       14.49505
C          0.06209        4.58086       17.17399
C         -2.18476        3.41387       12.99666
C         -1.09646        2.59752       16.31841
C         -1.47487        1.99013       17.50065
C         -2.49111        1.04341       17.48949
C         -3.12868        0.71403       16.30905
C         -2.76129        1.32399       15.11659
C         -1.74450        2.25986       15.11512
C          1.65028        3.30424       13.81603
C          2.57713        4.04950       13.09967
C          3.73893        3.46738       12.62437
C          3.98875        2.12625       12.86024
C          3.07268        1.37104       13.57436
C          1.91291        1.95732       14.04798
C          1.98895        6.54909       16.23216
C          2.41859        7.87157       16.14100
C          3.74898        8.15501       15.90301
C          4.65807        7.12045       15.74327
C          4.23287        5.80483       15.82217
C          2.90108        5.51521       16.06073
C         -0.25360        7.35995       17.72775
C         -1.44046        8.07813       17.65226
C         -1.81780        8.90236       18.69790
C         -1.01407        9.00581       19.82092
C          0.16883        8.28585       19.90068
C          0.55302        7.46447       18.85802
C         -0.63105        5.01080       11.13397
C         -0.47681        6.12797       10.31551
C          0.45445        6.11953        9.29618
C          1.24563        4.99903        9.09350
C          1.10197        3.89083        9.91089
C          0.16980        3.89386       10.93381
C         -3.29898        5.70819       11.72353
C         -3.69972        5.15081       10.51245
C         -4.88811        5.55373        9.93360
C         -5.67645        6.51079       10.55515
C         -5.27783        7.06744       11.75904
C         -4.09015        6.66637       12.34484
C          0.18984        8.69754       13.39929
C          2.10119        9.91901       12.55645
C          2.09882        9.76521       11.03778
C          0.06615       11.11470       13.34186
C          0.28956       11.60839       14.76924
H         -2.11180        5.81266       15.10072
H         -0.81572        4.62815       17.83572
H          0.95194        4.41999       17.80135
H         -3.21746        3.42604       13.37784
H         -2.16812        2.79550       12.08648
H         -0.98649        2.25537       18.42742
H         -2.78379        0.56730       18.41374
H         -3.92130       -0.01967       16.30854
H         -3.26950        1.07452       14.19619
H          2.38996        5.09516       12.91010
H          4.44901        4.06215       12.06781
H          4.89506        1.66919       12.48878
H          3.26378        0.32373       13.76103
H          1.19554        1.37232       14.60478
H          1.69634        8.67184       16.25375
H          4.07885        9.18209       15.83358
H          5.69742        7.34197       15.54943
H          4.93775        4.99770       15.68573
H          2.56810        4.48813       16.09977
H         -2.05495        7.98948       16.76481
H         -2.73759        9.46528       18.63608
H         -1.30660        9.65001       20.63724
H          0.79328        8.36892       20.77858
H          1.47966        6.90830       18.90874
H         -1.09295        7.00146       10.49481
H          0.57145        6.98718        8.66234
H          1.97932        4.99417        8.30069
H          1.72548        3.02155        9.76079
H          0.07566        3.03467       11.58143
H         -3.07385        4.41299       10.02824
H         -5.20179        5.12386        8.99319
H         -6.60242        6.82431       10.09542
H         -5.89120        7.81564       12.23940
H         -3.75792        7.09605       13.28235
H          2.54587       10.87467       12.84348
H          2.68552        9.10923       13.00413
H          1.68853        8.79515       10.76855
H          1.49571       10.54322       10.57438
H          3.11384        9.83262       10.65649
H          0.42743       11.85088       12.62017
H         -1.00240       10.95319       13.17614
H         -0.10864       10.88425       15.47590
H          1.35065       11.74551       14.96758
H         -0.22081       12.55553       14.91880
