113
CSD_code = WODHEE | q = 0 | S = 0 | Stoichiometry = C56H49ClN2P3RhSi | MND = 6
Cl         6.10360        1.90550       12.90666
N          3.06589        3.58976        9.70719
N          4.82459        2.40273        8.34006
P          4.22335        4.81594       11.88303
P          7.13778        2.18513        9.71463
P          7.77382        4.63884       12.33908
Rh         6.03082        3.54484       11.18428
Si         4.33573        2.40946       10.03643
C          2.70891        4.40310       10.81135
C          6.21733        2.20653        8.09292
C          3.13752        4.03293        8.40173
C          2.35881        5.01488        7.81565
C          2.54824        5.33330        6.47680
C          3.50450        4.67673        5.72715
C          4.29068        3.68615        6.30321
C          4.10985        3.36095        7.63334
C          3.42997        0.74901       10.35558
C          3.64177       -0.04785       11.47281
C          2.97039       -1.24975       11.61956
C          2.07647       -1.67049       10.65056
C          1.85219       -0.88154        9.53374
C          2.52423        0.31786        9.38920
C          3.36244        4.79944       13.48882
C          2.62345        5.88256       13.95270
C          1.91807        5.77719       15.13782
C          1.92987        4.59258       15.85616
C          2.63839        3.50194       15.37929
C          3.34821        3.60105       14.19670
C          4.51484        6.58337       11.55896
C          4.98484        7.42892       12.55966
C          5.33307        8.73346       12.26017
C          5.21840        9.20572       10.96312
C          4.75657        8.36681        9.96138
C          4.41501        7.05897       10.25351
C          7.18691        0.44272       10.20031
C          8.06361        0.10255       11.22993
C          8.07391       -1.18160       11.73689
C          7.20161       -2.13197       11.22947
C          6.32007       -1.79414       10.21690
C          6.30387       -0.50842        9.70480
C          8.81718        2.52300        9.09331
C          9.10872        3.85271        8.79744
C         10.35336        4.20628        8.31372
C         11.31730        3.22902        8.11723
C         11.02656        1.90348        8.39446
C          9.78050        1.54485        8.88023
C          9.06732        3.49163       12.92834
C          8.96568        2.85579       14.16111
C          9.89037        1.89274       14.52454
C         10.92319        1.55300       13.66728
C         11.03179        2.18454       12.43863
C         10.10673        3.14263       12.06788
C          7.30469        5.48206       13.89461
C          7.80536        6.72592       14.26526
C          7.37790        7.32364       15.43797
C          6.44912        6.69407       16.25019
C          5.94978        5.45378       15.88860
C          6.37349        4.85242       14.71776
C          8.75829        5.95891       11.54502
C          8.12882        6.76369       10.60235
C          8.80806        7.80562        9.99772
C         10.12959        8.05289       10.32870
C         10.76069        7.26503       11.27834
C         10.07987        6.22874       11.89079
H          6.05837        4.54500       10.04859
H          2.04618        3.82955       11.47544
H          2.20221        5.32836       10.52272
H          6.63365        3.03685        7.50285
H          6.43371        1.27262        7.55176
H          1.60839        5.53675        8.39296
H          1.93894        6.10203        6.02433
H          3.64582        4.93017        4.68683
H          5.03985        3.17482        5.71559
H          4.34292        0.26617       12.22941
H          3.14988       -1.86066       12.49273
H          1.55442       -2.61031       10.76331
H          1.15296       -1.20412        8.77504
H          2.35267        0.93426        8.51861
H          2.59776        6.80547       13.39090
H          1.35246        6.62360       15.49998
H          1.38016        4.51936       16.78335
H          2.63920        2.57216       15.92886
H          3.90800        2.75453       13.82156
H          5.07318        7.06361       13.57257
H          5.69872        9.38104       13.04389
H          5.49227       10.22463       10.73198
H          4.66961        8.72844        8.94686
H          4.08333        6.39883        9.46233
H          8.72491        0.85756       11.63499
H          8.75138       -1.43576       12.53882
H          7.20171       -3.13402       11.63265
H          5.62788       -2.52839        9.83180
H          5.59270       -0.24744        8.93530
H          8.35218        4.60769        8.97051
H         10.57466        5.24211        8.10049
H         12.29493        3.50153        7.74792
H         11.77604        1.14208        8.23367
H          9.55961        0.51001        9.09942
H          8.15984        3.10471       14.83425
H          9.79757        1.40062       15.48156
H         11.64038        0.79705       13.95227
H         11.83158        1.92523       11.75936
H         10.19228        3.62600       11.10512
H          8.51941        7.23880       13.63826
H          7.77051        8.29138       15.71586
H          6.11406        7.17076       17.15985
H          5.22078        4.95606       16.51169
H          5.97825        3.88702       14.43459
H          7.09696        6.56852       10.34381
H          8.30442        8.42262        9.26768
H         10.66681        8.86060        9.85329
H         11.78811        7.46330       11.54876
H         10.57502        5.63160       12.64374
