110
CSD_code = EMERUK | q = 0 | S = 0 | Stoichiometry = C39H63FeN2P3Si2 | MND = 5
C          9.67904        5.57181        7.09625
Fe         6.84393        4.02505        5.88206
P          5.36710        4.14414        7.57829
Si         7.76974        5.69231        7.07626
P          6.79520        5.67101        4.34039
P          8.84659        3.10966        6.33417
Si         5.08946        0.64611        3.56747
N          6.15573        2.86420        5.02447
C          6.21201        8.49119        4.50975
H          5.70994        8.45934        3.55356
C          6.73184        7.34149        5.09058
C          8.19121        6.01475        3.11465
H          8.31642        5.07159        2.56756
C          7.32426        7.40640        6.35540
C          7.17793        5.67157        8.89486
C          9.54331        1.96245        5.02483
H         10.60708        1.78729        5.21752
C          6.10186        4.80732        9.11954
C          7.77835        6.30478        9.96665
H          8.61845        6.96112        9.79394
C          3.83322        5.24529        7.55631
H          3.27734        4.92521        6.66576
C         10.16062        4.35762        6.59701
C          8.91965        2.88465        9.10881
H          9.01080        2.27040       10.00433
H          7.91259        3.29005        9.06844
H          9.61505        3.71859        9.19482
C         11.52324        4.18233        6.39287
H         11.91331        3.26980        5.96539
C          7.32625        6.08534       11.25764
H          7.79944        6.58286       12.09239
C         10.57085        6.57923        7.41246
H         10.19823        7.52237        7.78405
C          9.21301        2.06049        7.86248
H          8.48855        1.23763        7.81387
C          6.91763        9.77419        6.41507
H          6.98927       10.72318        6.92746
C         10.61966        1.47786        7.97205
H         11.35998        2.27198        8.03621
H         10.87182        0.82441        7.14150
H         10.68379        0.88864        8.88704
C          6.30560        9.70272        5.17560
H          5.89455       10.59448        4.72323
C          5.35434        5.65124        3.13971
H          5.29370        6.62577        2.64242
C          4.56173        2.53307        8.10320
H          4.09830        2.66744        9.08688
C         11.93229        6.39636        7.23223
H         12.62535        7.18808        7.47940
C          7.41394        8.62313        7.00472
H          7.85804        8.66950        7.98807
C          9.39131        2.62027        3.66052
H          9.67932        1.93253        2.86577
H         10.01750        3.50678        3.58971
H          8.35063        2.91220        3.51019
C         12.40364        5.20445        6.70945
H         13.46319        5.06840        6.54304
N          5.55710        2.07274        4.37083
C          7.96185        7.14332        2.11269
H          7.85334        8.09583        2.62624
H          7.09223        6.97890        1.48271
H          8.83305        7.21418        1.46115
C          2.91437        5.16459        8.77262
H          3.43360        5.49890        9.66785
H          2.52408        4.16505        8.94211
H          2.06458        5.82860        8.61338
C          4.06562        5.41824        3.91670
H          3.22419        5.29158        3.23618
H          3.85382        6.26097        4.57099
H          4.16042        4.51728        4.52340
C          5.63810        1.46164        8.21133
H          5.19367        0.48572        8.40503
H          6.32762        1.69067        9.02079
H          6.19895        1.41139        7.27666
C          5.66436        4.56767       10.41583
H          4.86471        3.86977       10.61821
C          9.47164        6.29352        3.88992
H         10.31947        6.38101        3.21094
H          9.67280        5.49041        4.59316
H          9.38889        7.22173        4.45382
C          8.79036        0.63526        5.06114
H          7.71837        0.81823        5.05469
H          9.03655        0.05171        5.94506
H          9.04006        0.03712        4.18486
C          6.28009        5.20664       11.48004
H          5.94100        5.01349       12.48827
C          4.26668        6.69140        7.35782
H          3.39891        7.33599        7.22016
H          4.90641        6.78028        6.48431
H          4.82485        7.05044        8.22151
C          3.49318        2.11302        7.09573
H          3.90493        2.09487        6.09013
H          2.63808        2.78446        7.10654
H          3.13461        1.11118        7.33344
C          5.54353        4.56144        2.08630
H          5.71387        3.59932        2.56173
H          6.38048        4.77505        1.42584
H          4.64521        4.48140        1.47386
C          5.22209       -0.87165        4.71717
H          6.24970       -1.19913        4.84261
H          4.65899       -1.70779        4.31393
H          4.82429       -0.65456        5.70380
C          6.16997        0.40485        2.01474
H          6.02962        1.21649        1.30676
H          5.91421       -0.52015        1.50723
H          7.22656        0.36444        2.26050
C          3.27463        0.92981        3.06736
H          2.62277        0.98699        3.93402
H          2.91739        0.11775        2.44207
H          3.15560        1.85218        2.50704
