39
CSD_code = NECVAV | q = 0 | S = 0 | Stoichiometry = C13H18FeN2O4Si | MND = 5
Fe         4.63200        2.20632       11.44389
Si         5.51093        2.17792        9.30934
N          8.13418        3.43386        9.79991
N          6.73357        4.87595        9.03602
C          5.45163        3.75319       11.75229
O          5.98983        4.75887       11.98107
O          3.50550        2.27094       14.11925
C          7.86487        5.57459        9.38728
C          6.90785        3.56839        9.27527
O          1.92422        2.13321       10.29272
C          6.48191        0.67203        8.55820
H          5.76695       -0.00402        8.10095
H          7.01897        0.09616        9.30319
H          7.18377        0.96981        7.78363
C          4.47255        2.59430        7.72380
H          5.08998        2.89761        6.88274
H          3.71862        3.35541        7.88988
H          3.94262        1.69584        7.42448
C          2.99443        2.15454       10.72406
C         10.13028        4.84487       10.39775
H         10.45065        5.87065       10.24247
H         10.83224        4.18331        9.89155
H         10.16633        4.63791       11.46741
C          8.75380        4.65966        9.87140
C          8.68196        2.21036       10.31323
H          7.92546        1.70786       10.91748
H          9.54532        2.43000       10.93596
H          8.98400        1.54941        9.50156
C          3.94793        2.23973       13.05643
C          5.46410        0.66492       11.79450
C          5.51111        5.47859        8.58426
H          5.35470        5.29043        7.52243
H          5.54907        6.55111        8.75668
H          4.67693        5.05896        9.14557
C          7.98931        7.04712        9.24036
H          9.00644        7.35615        9.46178
H          7.32184        7.55987        9.93314
H          7.74637        7.35972        8.22555
O          6.00949       -0.31814       12.06561
