110
CSD_code = UTOYAE | q = 0 | S = 0 | Stoichiometry = C40H63FeOP3Si2 | MND = 5
Fe         2.31472       13.40076        1.44323
Si         1.87978       14.32912        3.42891
P          0.10733       13.41364        1.35678
P          3.27445       11.90802        2.75715
P          3.35395       15.32958        1.17234
Si         3.28724       11.50424       -2.59028
C          1.51356       12.10221        6.99847
H          1.11017       12.20222        7.99636
C          3.27017       10.12278        2.17328
H          3.52954        9.46779        3.01144
C          3.10582       15.73802        3.83292
C          1.31078       17.21644        1.29954
H          1.60944       17.52507        2.30067
H          0.66024       16.35152        1.39440
H          0.74451       18.02966        0.84564
C          2.55406       11.83658        4.44001
C          3.90179       16.09923        2.74207
C         -2.48294       12.15059        1.82810
H         -2.96738       11.24570        2.19601
H         -2.79793       12.29697        0.79872
H         -2.83840       12.98496        2.42829
C          5.31657       13.32365        4.01408
H          4.75996       13.36612        4.94948
H          4.98719       14.14881        3.38899
H          6.37442       13.45856        4.23929
C          0.12290       15.07743        3.48771
C          3.39534       18.11818        0.30410
H          2.79285       18.91088       -0.14039
H          4.25789       17.96194       -0.33777
H          3.73638       18.46606        1.27642
C         -0.36006       15.99450        4.40112
H          0.25327       16.28130        5.24248
C          2.62290       12.69840       -0.05883
C          0.00922       14.75924       -1.07153
H          1.08599       14.58230       -1.06809
H         -0.18671       15.71286       -0.58690
H         -0.33636       14.82095       -2.10350
C          5.77743       14.16127        0.48760
H          5.18473       13.24462        0.47946
H          6.18062       14.30469        1.48740
H          6.61133       14.05181       -0.20599
C          2.56068       10.75236        5.30815
H          2.94351        9.78939        5.00159
C         -1.61100       16.56488        4.23018
H         -1.98439       17.28366        4.94604
C         -0.97175       11.98860        1.97405
H         -0.64623       11.12226        1.38398
C         -0.68954       13.62818       -0.33125
H         -1.74309       13.89518       -0.19687
C          1.48534       13.17595        6.12334
H          1.04316       14.11176        6.43170
C          2.03724       10.88983        6.58377
H          2.03675       10.04249        7.25548
C         -0.66158       14.71908        2.38775
C          1.99734       13.05270        4.84612
C          3.34908       16.30029        5.07116
H          2.74255       16.00979        5.91617
C          4.37886       17.21179        5.23914
H          4.56725       17.64801        6.21009
C         -2.37396       16.23094        3.12460
H         -3.34012       16.69276        2.97475
C          5.18712       11.37922       -2.59225
H          5.65157       12.32832       -2.33876
H          5.55103       11.08751       -3.57221
H          5.54499       10.64143       -1.87898
C          2.52729       16.87095        0.45275
H          2.17914       16.55773       -0.53986
C          5.08347       11.99794        3.30382
H          5.65441       12.00395        2.36657
C         -1.90592       15.30801        2.20302
H         -2.51279       15.08094        1.33820
C          4.49201       15.23179       -1.37665
H          5.35800       14.97412       -1.98696
H          4.08486       16.16710       -1.75311
H          3.73988       14.45679       -1.50223
C          2.46083        9.79171       -2.66057
H          2.72024        9.18342       -1.79826
H          2.77190        9.25129       -3.54864
H          1.37701        9.87017       -2.68865
C          4.29402        9.94792        1.05425
H          4.12388        9.00769        0.52920
H          5.31330        9.93969        1.43304
H          4.20108       10.76269        0.34008
C          4.89175       15.33385        0.09343
H          5.44500       16.26438        0.25723
C          5.59740       10.86611        4.19038
H          6.65190       11.04290        4.40424
H          5.51651        9.88899        3.72224
H          5.06478       10.84944        5.13840
C         -0.59606       12.32860       -1.12844
H         -0.81719       12.51634       -2.17949
H         -1.29737       11.57976       -0.76831
H          0.40745       11.91735       -1.05878
C          4.94964       16.99447        2.91472
H          5.60705       17.25470        2.09745
C          5.18499       17.54503        4.16439
H          6.00566       18.23634        4.29776
C          2.64992       12.65547       -3.96502
H          1.58666       12.85410       -3.85787
H          2.80255       12.20729       -4.94149
H          3.16184       13.61429       -3.96214
C         -0.64483       11.72202        3.43618
H         -0.94306       12.56350        4.06042
H          0.42388       11.57261        3.56145
H         -1.16479       10.83207        3.79057
C          1.87675        9.76041        1.68124
H          1.54489       10.50679        0.95745
H          1.17048        9.74107        2.50791
H          1.87501        8.77973        1.20531
O          2.80650       12.17875       -1.18088
