37
CSD_code = WIDYAK | q = 0 | S = 0 | Stoichiometry = C14H15BrFeO4Si2 | MND = 6
C         20.58945        3.68827        2.77479
C         20.80570        3.85718        5.46926
C         20.36010        1.56017        4.27171
C         18.59765        4.58978        4.23109
C         15.57066        0.99300        3.33298
C         16.71065        1.58692        3.84937
C         16.82192        1.66926        5.24011
C         15.81418        1.16938        6.05268
H         15.91692        1.24096        7.12448
C         14.68503        0.58476        5.50876
H         13.90276        0.19945        6.14557
C         14.55890        0.49325        4.13432
H         13.68666        0.03991        3.68828
C         18.82871        0.86993        1.68634
H         18.88650       -0.06161        2.24150
H         19.82882        1.10460        1.33300
H         18.20722        0.69442        0.81529
C         17.38221        3.59815        1.56380
H         16.54381        4.12171        2.01318
H         17.02627        3.13340        0.65120
H         18.12133        4.34350        1.28470
C         19.15132        1.13686        7.14474
H         20.09292        1.47484        7.56639
H         19.33895        0.20628        6.61956
H         18.48259        0.91674        7.97029
C         17.75391        3.83225        7.20067
H         18.58145        4.38648        7.63279
H         17.19547        3.38878        8.01832
H         17.10104        4.54467        6.70749
O         21.15712        3.99201        1.83178
O         21.50822        4.27268        6.26789
O         20.80972        0.50764        4.29269
O         17.89504        5.49366        4.22513
Si        18.13048        2.29811        2.77440
Si        18.38434        2.47363        5.99130
Fe        19.70294        3.20470        4.23623
Br        15.33084        0.83027        1.44783
