112
CSD_code = AJUKUM | q = 0 | S = 0 | Stoichiometry = C35H65ClCrO3Si7 | MND = 9
Si         1.68236       19.81922        1.52812
Cl         3.07317       19.72404        3.06799
C          1.75517       21.63772        1.02693
H          2.71426       22.11016        0.84300
C          0.65380       22.23163        0.45077
H          0.77180       23.10854       -0.18273
C         -0.67558       21.72263        0.60630
H         -1.46010       22.15909       -0.00377
C         -1.00914       20.77573        1.54234
H         -2.04777       20.45796        1.59238
C         -0.03677       20.00008        2.36711
H         -0.50354       19.08177        2.72105
H          0.18828       20.59874        3.29890
Cr         0.10394       22.39986        2.58418
C          1.33571       23.01384        3.79205
O          2.07222       23.51198        4.52464
C         -1.21654       22.71356        3.81164
O         -2.03874       23.06265        4.54279
C         -0.11582       24.19252        2.42516
O         -0.28186       25.33657        2.43318
C          1.93478       18.35277        0.35385
C          1.81806       17.03735        0.84793
C          2.11696       15.96129        0.02547
H          2.02245       14.96535        0.42536
C          2.53792       16.13022       -1.28552
C          2.62450       17.42658       -1.76367
H          2.93662       17.59402       -2.78119
C          2.32910       18.53310       -0.98187
C          1.36061       16.74444        2.23710
H          1.25465       17.68895        2.77027
C          2.87740       14.98247       -2.17328
H          3.10332       15.40689       -3.15793
C          2.44114       19.87065       -1.63184
H          2.14942       20.62976       -0.90744
Si        -0.42223       16.01070        2.21382
Si         2.72748       15.84024        3.26145
Si         1.35083       13.85009       -2.47727
Si         4.54015       14.17037       -1.63462
Si         1.11348       20.03612       -3.01627
Si         4.29133       20.27663       -1.97714
C         -1.50151       17.07450        1.03787
H         -2.18499       17.72006        1.58112
H         -2.10834       16.44584        0.39329
H         -0.89136       17.70165        0.39499
C         -1.11125       16.12205        3.99149
H         -2.17935       15.92902        4.00594
H         -0.94987       17.09802        4.43881
H         -0.64166       15.38799        4.63768
C         -0.60141       14.20813        1.62197
H         -1.63636       13.89264        1.72275
H          0.00237       13.51969        2.20109
H         -0.33072       14.09834        0.57776
C          2.59588       16.47770        5.05363
H          2.77164       17.54735        5.10095
H          3.33014       15.99847        5.69330
H          1.61699       16.28553        5.48027
C          2.54978       13.93926        3.31844
H          3.42788       13.49806        3.78034
H          2.44288       13.49190        2.33690
H          1.69133       13.64624        3.91423
C          4.43241       16.31629        2.55106
H          5.23001       15.72856        2.99520
H          4.64516       17.36133        2.75085
H          4.47554       16.17783        1.47536
C          1.23621       12.35655       -1.29571
H          2.01219       11.62979       -1.51414
H          0.28038       11.85347       -1.40832
H          1.33306       12.63984       -0.25374
C         -0.22150       14.92659       -2.34337
H         -1.12469       14.32815       -2.41576
H         -0.25344       15.66303       -3.14112
H         -0.25434       15.46787       -1.40327
C          1.46109       13.17366       -4.25920
H          1.46240       13.97533       -4.99112
H          0.61654       12.52997       -4.48403
H          2.36376       12.59179       -4.41031
C          4.51765       13.25755        0.03712
H          4.31121       13.93037        0.86132
H          5.48749       12.80490        0.22330
H          3.78162       12.46194        0.05959
C          5.06428       12.92951       -2.98671
H          6.08304       12.59200       -2.82533
H          5.02005       13.36945       -3.97766
H          4.42757       12.05104       -2.98737
C          5.83059       15.57550       -1.53328
H          6.08522       15.95362       -2.51884
H          6.75166       15.23908       -1.06766
H          5.45393       16.41101       -0.95056
C          0.83732       21.88403       -3.40000
H          0.03125       22.01118       -4.11573
H          1.72356       22.34297       -3.82344
H          0.57219       22.44429       -2.51021
C         -0.49666       19.29976       -2.29725
H         -0.38166       18.23909       -2.09598
H         -1.33367       19.41643       -2.97889
H         -0.76611       19.78287       -1.36222
C          1.48763       19.15826       -4.66875
H          0.68892       19.35124       -5.37895
H          1.56498       18.08244       -4.55469
H          2.40906       19.51603       -5.11601
C          4.43512       22.12763       -2.41777
H          4.14620       22.31599       -3.44646
H          5.45797       22.47135       -2.30181
H          3.80968       22.74601       -1.78259
C          5.11141       19.26331       -3.36974
H          6.09935       19.65978       -3.58498
H          4.54208       19.29459       -4.29242
H          5.23326       18.22340       -3.08724
C          5.22639       19.91923       -0.35167
H          6.29677       20.06131       -0.46468
H          5.06296       18.89553       -0.02782
H          4.89480       20.56572        0.45484
