43
CSD_code = BOYDOK | q = 0 | S = 0 | Stoichiometry = C14H18Br2ClMnO4Si3 | MND = 8
Mn         3.14791       11.02471        3.91394
C          1.82917        9.34395        3.42176
C          1.94226        9.44396        4.84622
C          3.32794        9.20292        5.10867
C          4.04896        9.05179        3.90594
C          3.09481        9.14320        2.83238
Br         0.19214        9.14609        2.46092
Si         0.50447        9.44723        6.09089
C         -0.15507        7.65998        6.12045
H         -0.48884        7.33672        5.13778
H         -1.00413        7.58780        6.79280
H          0.59868        6.95787        6.46612
C          1.03128       10.07215        7.80506
H          1.53779        9.30515        8.38092
H          0.15235       10.37719        8.36503
H          1.69259       10.93287        7.74430
Cl        -0.90359       10.74501        5.38704
Br         4.06374        8.78738        6.81899
Si         5.68445        8.25482        3.37056
C          5.84207        6.55140        4.18928
H          4.93012        5.96636        4.10579
H          6.08396        6.64566        5.24274
H          6.63923        5.98680        3.71717
C          7.20297        9.37170        3.52023
H          8.07477        8.87467        3.10787
H          7.41440        9.59887        4.56018
H          7.07502       10.31121        2.99084
O          5.25552        8.07907        1.78596
Si         3.75697        8.44972        1.19657
C          2.82238        6.85799        0.76389
H          3.33334        6.33472       -0.03750
H          1.81572        7.07878        0.42500
H          2.74991        6.17788        1.60819
C          3.90161        9.71448       -0.20183
H          4.45985       10.59671        0.09768
H          2.91943       10.03575       -0.53311
H          4.40920        9.27413       -1.05371
C          1.88205       12.16430        3.36013
O          1.03806       12.84643        2.99414
C          4.41079       11.75237        2.89335
O          5.23829       12.17061        2.21444
C          3.57225       12.00655        5.34418
O          3.83230       12.57911        6.30445
