77
CSD_code = CAJZOD | q = 0 | S = 0 | Stoichiometry = C21H42B10N2SiZr | MND = 8
Zr         9.88967        8.25708        2.11466
Si        11.96594        5.29853        2.25981
N         10.53572       10.17001        1.97594
N          7.88727        8.28779        1.84479
C         11.84554        6.05923        0.51347
C         10.88262        7.37676        0.33690
C         13.78456        5.29160        2.85983
C         11.36896        3.48151        2.25245
C         10.95396        6.43368        3.34757
C         11.46356        7.59416        3.99698
C         10.45073        8.23849        4.71775
C          8.02608        7.50930        5.24221
C          7.10228        6.52012        5.00362
C          7.36720        5.48000        4.09944
C          8.57639        5.38501        3.45345
C          9.57078        6.34369        3.71709
C          9.26975        7.45267        4.59379
C         11.65869       10.79187        2.65962
C         12.77552       11.31204        1.73268
C          9.83509       11.09229        1.09307
C          7.21541        9.39774        2.51053
C          9.18432       12.29299        1.81076
C          5.83399        9.06503        3.10525
C          7.07887        7.65125        0.82213
C          6.61959        8.58783       -0.31402
B         12.59119        7.56670        0.27718
B         11.57865        8.39787       -0.88596
B         10.21988        7.36009       -1.26069
B         10.38487        5.87907       -0.33419
B         11.85877        5.06480       -0.88129
B         13.22528        6.11049       -0.50447
B         13.07328        7.61057       -1.42727
B         11.57782        7.47092       -2.40026
B         10.81722        5.88720       -2.05209
B         12.60023        6.04220       -2.15880
H         13.83774        5.02482        3.91082
H         14.26615        6.25638        2.73840
H         14.37316        4.56549        2.30946
H         11.11922        3.15464        3.25681
H         12.15123        2.82741        1.88143
H         10.49764        3.32840        1.62474
H         12.51645        7.85639        4.02618
H         10.57925        9.07506        5.39427
H          7.81342        8.30621        5.94386
H          6.15531        6.53097        5.52505
H          6.60609        4.73293        3.92643
H          8.77874        4.55091        2.79468
H         12.10836       10.04783        3.33081
H         11.32177       11.63575        3.29138
H         13.64542       11.58319        2.32643
H         12.45200       12.19373        1.18605
H         13.05681       10.54149        1.01859
H          9.05271       10.51669        0.57320
H         10.50922       11.49764        0.31741
H          7.87613        9.73168        3.33362
H          7.06947       10.25781        1.82627
H          8.47820       12.78352        1.14519
H          9.93517       13.02330        2.10302
H          8.65686       11.96061        2.70353
H          5.51999        9.86784        3.76872
H          5.88222        8.13793        3.66950
H          5.08713        8.96107        2.32221
H          6.17909        7.19083        1.26807
H          7.67446        6.83746        0.38439
H          6.19980        8.00230       -1.12800
H          7.46637        9.16019       -0.69302
H          5.85884        9.28179        0.03547
H         13.09881        8.07544        1.22076
H         11.40736        9.56005       -0.78206
H          9.15223        7.83545       -1.41055
H          9.49656        5.32098        0.21894
H         11.95985        3.90336       -0.72113
H         14.22114        5.63379       -0.09856
H         14.01232        8.22370       -1.78600
H         11.46125        8.00035       -3.44550
H         10.18086        5.29907       -2.84907
H         13.21824        5.54898       -3.03115
