112
CSD_code = CITQAA | q = 0 | S = 0 | Stoichiometry = C40H67FeP3Si | MND = 6
Fe         4.04333        6.13869       21.88783
H          3.03910        5.39857       22.64581
H          5.47646        6.00209       22.01578
H          4.49900        7.08285       20.90544
P          4.54448        7.62275       23.39148
P          4.53022        4.55416       20.49181
P          2.12666        6.81100       21.12547
Si         4.42138        4.62670       23.52512
C          3.21768        3.65057       24.67693
H          2.47286        4.28948       25.13731
H          3.76932        3.16595       25.47330
H          2.69620        2.87793       24.12200
C          1.32851        8.35116       21.73876
H          2.02570        9.18118       21.66265
H          1.02741        8.21881       22.77537
H          0.44472        8.56457       21.13536
C          0.65488        5.72659       21.32468
H          0.81245        4.77835       20.82000
H         -0.23596        6.20943       20.92211
H          0.51262        5.52988       22.38732
C          1.99815        7.20302       19.33704
H          2.34820        6.36176       18.74533
H          2.64023        8.05836       19.13130
H          0.96861        7.44243       19.06774
C          5.69159        6.89085       24.60245
C          5.58887        5.50804       24.74106
C          6.35180        4.87113       25.70681
H          6.26274        3.80379       25.83628
C          7.23342        5.58180       26.50205
H          7.82929        5.07102       27.24525
C          7.35984        6.95017       26.33338
H          8.05960        7.50992       26.93822
C          6.58399        7.60654       25.39406
H          6.69529        8.67503       25.28113
C          5.47124        3.22847       21.31572
C          5.38139        3.20799       22.70473
C          5.97345        2.16555       23.39977
H          5.87642        2.12122       24.47319
C          6.67979        1.17660       22.73935
H          7.14018        0.37175       23.29482
C          6.80275        1.22575       21.36083
H          7.36780        0.46653       20.83807
C          6.19312        2.24294       20.64890
H          6.30117        2.26368       19.57415
C          3.30401        8.38837       24.57270
H          2.68943        9.05818       23.95896
C          3.85017        9.19153       25.75008
H          4.46222       10.02529       25.40084
H          4.46878        8.54990       26.38040
C          2.69242        9.73990       26.58406
H          3.08811       10.31812       27.42221
H          2.08683       10.41304       25.97104
C          1.81792        8.60411       27.10456
H          2.41248        7.96142       27.75788
H          0.99048        9.00815       27.69219
C          1.27956        7.77778       25.94109
H          0.62667        8.40432       25.32614
H          0.68200        6.94456       26.31852
C          2.43124        7.24988       25.09211
H          3.05220        6.57822       25.69206
H          2.04834        6.67313       24.24452
C          5.49565        9.11489       22.81794
H          5.76848        9.71822       23.69300
C          6.75783        8.64158       22.10644
H          6.44654        8.01112       21.27308
H          7.36151        8.02747       22.77986
C          7.57124        9.81617       21.57583
H          7.89721       10.44743       22.40720
H          8.46442        9.44573       21.06770
C          6.72495       10.64120       20.61218
H          6.44037       10.01911       19.76024
H          7.29978       11.48922       20.23269
C          5.46614       11.13637       21.31542
H          4.85004       11.71190       20.61981
H          5.74960       11.80087       22.13655
C          4.65739        9.96643       21.87055
H          4.31930        9.32435       21.05118
H          3.77962       10.35703       22.39336
C          3.18957        3.52422       19.67006
H          2.44263        4.26302       19.34443
C          3.54997        2.65409       18.46918
H          4.28035        1.89977       18.76518
H          3.97621        3.25722       17.66503
C          2.29757        1.94737       17.94926
H          1.57194        2.69338       17.61359
H          2.55875        1.32695       17.08869
C          1.66912        1.08511       19.03917
H          2.37619        0.30779       19.33798
H          0.77228        0.59375       18.65528
C          1.31933        1.94049       20.25294
H          0.55655        2.67081       19.96807
H          0.90075        1.31484       21.04454
C          2.56615        2.65633       20.76372
H          2.33184        3.27720       21.63350
H          3.29574        1.90942       21.08744
C          5.69694        4.96114       19.10040
H          5.86104        4.05005       18.51132
C          7.02626        5.41825       19.69351
H          7.45161        4.62528       20.31410
H          6.83586        6.27300       20.34204
C          8.01196        5.81489       18.59980
H          8.94643        6.15174       19.05391
H          8.23808        4.94622       17.97495
C          7.42225        6.92207       17.73321
H          8.12820        7.20543       16.94899
H          7.23589        7.80196       18.35310
C          6.11090        6.45362       17.11283
H          6.30617        5.59940       16.45810
H          5.67868        7.24945       16.50109
C          5.11995        6.04573       18.19914
H          4.87972        6.90853       18.82508
H          4.19522        5.69217       17.73367
