52
CSD_code = DERLIV | q = 0 | S = 0 | Stoichiometry = C18H29NS2SiZr | MND = 13
Zr         2.91796        3.30010        2.58588
S          2.99892        1.87599       -0.17108
S          0.67098        2.78167        1.33304
Si         1.14190        4.37971        4.32861
N          0.51109        1.41732       -0.94350
C          1.32773        1.96681       -0.03411
C          1.06437        0.73608       -2.09735
C          1.42798        1.68912       -3.23244
C         -0.92719        1.54079       -0.82189
C         -1.45416        2.87474       -1.34431
C          4.68338        4.31128        1.11735
C          5.01077        4.74862        2.41761
C          3.98299        5.59948        2.86559
C          3.02159        5.70599        1.82907
C          3.45694        4.91230        0.75132
C          4.59339        1.47963        2.87923
C          4.59415        2.18915        4.10104
C          3.34845        1.98130        4.72677
C          2.57332        1.14099        3.89168
C          3.34748        0.82126        2.76246
C         -0.05654        5.68766        3.51582
C         -0.11252        3.05020        5.00863
C          1.78291        5.28901        5.93112
H          0.33200        0.00170       -2.43935
H          1.96763        0.20979       -1.77450
H          1.88451        1.12928       -4.04388
H          0.54819        2.20069       -3.61314
H          2.14116        2.42839       -2.87804
H         -1.18692        1.44619        0.23667
H         -1.38386        0.71436       -1.37064
H         -2.52846        2.92552       -1.19122
H         -0.98764        3.69329       -0.80260
H         -1.24668        2.98977       -2.40464
H          5.31973        3.73113        0.45921
H          5.95365        4.57493        2.92087
H          3.99276        6.17932        3.77937
H          2.17615        6.38078        1.81307
H          2.99696        4.86700       -0.22995
H          5.44044        1.34138        2.21625
H          5.44833        2.67691        4.55504
H          3.08854        2.28340        5.73208
H          1.60618        0.71937        4.13516
H          3.08538        0.09666        2.00069
H         -0.96366        5.81268        4.10315
H          0.40582        6.66786        3.42912
H         -0.35648        5.36931        2.51826
H         -0.94931        3.51909        5.52238
H         -0.52289        2.46008        4.19046
H          0.35442        2.36528        5.71194
H          0.96798        5.46277        6.62887
H          2.54275        4.71370        6.45462
H          2.21444        6.25725        5.69273
