112
CSD_code = EGIPEQ | q = 0 | S = 0 | Stoichiometry = C45H57O3P3RuSi3 | MND = 7
C          9.26156       -0.62093       14.81294
H          8.94381       -1.60383       15.19355
H          9.83492       -0.76297       13.88364
C         10.79716        2.58209       16.51029
H         11.75674        2.14547       16.25146
H         10.93162        3.16152       17.41692
H         10.52210        3.27608       15.72158
C         10.25418        0.55953       18.50738
H          9.73503       -0.27370       18.96400
H         10.25077        1.38827       19.20868
H         11.28643        0.26485       18.35299
C          6.00940        3.33420       13.55124
H          7.09342        3.33445       13.38322
H          5.59114        2.46323       13.02393
C          5.92450        4.71186       10.21773
H          6.58483        3.84932       10.16794
H          6.23185        5.40538        9.44192
H          4.92166        4.37025        9.97222
C          4.78377        6.97397       12.11156
H          3.75535        6.67009       11.94118
H          5.02365        7.74624       11.38955
H          4.83881        7.41588       13.10175
C          6.97279        0.85953       19.66227
H          8.01641        0.77431       20.00213
H          6.32488        1.05202       20.53005
C          8.17090       -2.12960       17.59302
H          9.20851       -1.85047       17.45879
H          7.92600       -2.88801       16.85640
H          8.07185       -2.58678       18.57261
C          5.33266       -1.75559       17.10198
H          5.24273       -2.52722       17.85872
H          5.42611       -2.24481       16.13801
H          4.40306       -1.19504       17.09452
C          8.25698        1.13039       12.88605
C          9.38935        1.94021       12.95439
H          9.89595        2.05121       13.90334
C          9.85916        2.58127       11.82411
H         10.73792        3.20691       11.88407
C          9.20660        2.41694       10.61190
H          9.57291        2.91693        9.72738
C          8.08711        1.60527       10.53616
H          7.58555        1.46208        9.58933
C          7.60761        0.96684       11.66735
H          6.73162        0.33653       11.60030
C          6.58337       -0.92316       13.78064
C          7.00389       -2.15416       13.28822
H          8.05323       -2.40795       13.27742
C          6.07465       -3.05902       12.80469
H          6.40600       -4.01790       12.43328
C          4.72615       -2.74245       12.79250
H          4.00737       -3.45584       12.41745
C          4.30273       -1.50875       13.25941
H          3.25329       -1.25226       13.24524
C          5.22800       -0.60830       13.75141
H          4.90662        0.35588       14.12779
C          5.95834        4.84666       15.89386
C          7.12359        5.49815       15.50080
H          7.84328        4.97960       14.88089
C          7.36737        6.79858       15.89805
H          8.26970        7.29934       15.57818
C          6.45747        7.45826       16.70844
H          6.64853        8.47379       17.02297
C          5.30325        6.81124       17.11369
H          4.59065        7.31928       17.74731
C          5.05120        5.51191       16.70950
H          4.14362        5.01677       17.02410
C          3.87356        3.02305       15.33293
C          3.20799        1.88312       15.76381
H          3.77219        1.05013       16.16006
C          1.82851        1.79845       15.69437
H          1.32869        0.90363       16.03652
C          1.09520        2.85617       15.18786
H          0.01797        2.79503       15.13391
C          1.75064        3.99539       14.74799
H          1.18342        4.82353       14.34777
C          3.12788        4.08408       14.81981
H          3.62762        4.97392       14.47043
C          8.01748        3.49773       19.27550
C          8.66108        4.43218       18.47396
H          8.50402        4.40004       17.40553
C          9.49178        5.38553       19.03397
H          9.98405        6.10983       18.40156
C          9.69472        5.40534       20.40335
H         10.34935        6.14244       20.84480
C          9.05354        4.47827       21.20989
H          9.20803        4.49563       22.27916
C          8.21097        3.53293       20.65405
H          7.70075        2.82677       21.29250
C          5.28056        2.99348       18.99594
C          4.17740        2.14853       18.89275
H          4.32762        1.13018       18.55827
C          2.91836        2.59888       19.23817
H          2.06555        1.94135       19.15172
C          2.75054        3.89491       19.70153
H          1.76650        4.24924       19.97207
C          3.84640        4.73173       19.82525
H          3.71865        5.73803       20.19792
C          5.10928        4.28938       19.46845
H          5.95996        4.95054       19.55627
O         10.06192        0.00698       15.73781
O          5.42506        4.50430       13.08947
O          6.55826       -0.30245       19.05888
Si         9.51369        1.15578       16.82932
Si         5.98055        5.51769       11.93998
H          7.37044        5.90481       12.23405
Si         6.89745       -0.67431       17.46306
P          7.70415        0.34901       14.45247
P          5.70471        3.11672       15.37432
P          6.89389        2.30557       18.47641
Ru         7.13987        1.52687       16.33299
H          5.74434        0.91950       16.39122
H          7.98943        2.72390       15.84606
