73
CSD_code = FAPVOJ | q = 0 | S = 0 | Stoichiometry = C29H40NPRuSi | MND = 9
Ru        -0.39920        3.50680        1.90660
P         -2.60200        3.02271        2.48698
Si         0.08022        1.71387        3.33776
N          1.27925        4.55100        4.17275
C          0.59662       -0.02805        2.66623
H          0.15470       -0.26625        1.70660
H          0.29918       -0.80487        3.36126
H          1.67407       -0.06991        2.55669
C          1.29362        4.89920        1.13308
H          1.93585        5.61714        1.63014
C          1.69902        3.55914        1.04849
H          2.63825        3.24498        1.48992
C          0.95224        2.65071        0.25297
H          1.33632        1.65089        0.08241
C         -0.17037        3.10128       -0.45171
H         -0.66731        2.45115       -1.16373
C         -0.62459        4.42578       -0.26980
H         -1.46327        4.78865       -0.85653
C          0.13241        5.34594        0.47791
H         -0.13443        6.39645        0.48363
C         -1.48702        1.41014        4.41339
C         -2.67501        2.03966        4.03239
C         -3.82529        1.85643        4.79472
H         -4.75697        2.31887        4.50908
C         -3.79683        1.07119        5.93399
H         -4.69666        0.94143        6.51907
C         -2.61938        0.45400        6.31979
H         -2.59488       -0.15662        7.21120
C         -1.47795        0.62533        5.55678
H         -0.55607        0.15028        5.85748
C          1.47027        2.16355        4.56766
C          1.91673        3.48401        4.77492
C          3.04770        3.69151        5.57888
H          3.42061        4.68667        5.76143
C          3.70542        2.63868        6.17976
H          4.56856        2.83645        6.80043
C          3.25864        1.34237        5.99572
H          3.76420        0.51337        6.46922
C          2.15940        1.12914        5.18610
H          1.82358        0.11696        5.02254
C         -3.78100        4.52028        2.78360
C         -3.53613        5.04288        4.20157
H         -2.47463        5.14240        4.39736
H         -3.95602        4.37907        4.95131
H         -4.00185        6.02189        4.31512
C         -3.29970        5.57874        1.78747
H         -3.48666        5.26212        0.76337
H         -2.22949        5.74371        1.91552
H         -3.81754        6.52324        1.95204
C         -5.28913        4.34815        2.59873
H         -5.54989        4.06038        1.58505
H         -5.76746        5.30835        2.79815
H         -5.71093        3.62794        3.29256
C         -3.49810        1.80198        1.31004
C         -2.47622        0.68461        1.09703
H         -2.28776        0.16339        2.03278
H         -1.53406        1.09539        0.73807
H         -2.84751       -0.03470        0.36760
C         -3.77364        2.47840       -0.03212
H         -4.60505        3.17570        0.02560
H         -4.02267        1.72747       -0.78221
H         -2.89244        3.01687       -0.36928
C         -4.77430        1.15108        1.83975
H         -4.58461        0.63242        2.77540
H         -5.11176        0.41326        1.11118
H         -5.58006        1.86055        1.98504
C         -0.10712        4.45853        3.82524
H         -0.47404        5.48580        3.68868
H         -0.65928        4.00938        4.66716
C          1.83137        5.87587        4.34546
H          1.75185        6.22611        5.38337
H          1.28816        6.57958        3.71585
H          2.88334        5.89650        4.05172
