66
CSD_code = FIHJAI | q = 0 | S = 0 | Stoichiometry = C20H41Cl2PRuSi | MND = 9
Ru         3.20862        0.11001        4.35425
P          3.01253       -0.45802        2.08091
Si         3.78983        2.43809        4.28374
Cl         2.33291        3.60175        5.26763
Cl         5.50411        2.84090        5.43475
C          4.12212       -0.65998        6.23127
C          3.05804        0.20418        6.61817
C          1.84553       -0.33933        6.09218
C          2.14894       -1.57883        5.43649
C          3.55915       -1.77398        5.50936
C          5.51444       -0.58631        6.78019
C          3.14772        1.28027        7.65524
C          0.47840        0.14252        6.47299
C          1.13925       -2.64258        5.12053
C          4.27341       -3.07382        5.28457
C          4.13243        3.62372        2.78761
H          3.28123        3.67291        2.11539
H          5.00207        3.31227        2.21907
H          4.31905        4.62870        3.15784
C          1.33234       -0.19137        1.29245
C          0.25806       -0.87565        2.12927
C          1.00582        1.29159        1.14503
C          4.07999        0.50910        0.86666
C          3.93924        0.13404       -0.60845
C          5.56382        0.57493        1.22147
C          3.29112       -2.29371        1.77219
C          4.78243       -2.60910        1.85481
C          2.68460       -2.92224        0.51918
H          5.51474       -0.95025        7.81040
H          5.88049        0.43906        6.77928
H          6.20428       -1.19533        6.19988
H          3.00412        0.83259        8.64238
H          2.38396        2.04051        7.51025
H          4.12035        1.76632        7.63848
H          0.23492       -0.22418        7.47311
H         -0.28305       -0.21653        5.78312
H          0.44043        1.23042        6.49007
H          0.95873       -3.23405        6.02245
H          1.48738       -3.32173        4.34383
H          0.18949       -2.21718        4.80433
H          4.28913       -3.63432        6.22326
H          5.30370       -2.91747        4.97130
H          3.77617       -3.68691        4.53637
H          1.35481       -0.65531        0.30178
H         -0.71453       -0.78110        1.64800
H          0.20342       -0.39848        3.10580
H          0.47093       -1.93331        2.26751
H         -0.04682        1.41190        0.89322
H          1.59243        1.76022        0.35955
H          1.19426        1.81168        2.08410
H          3.67599        1.51893        1.01685
H          4.43287        0.89478       -1.21230
H          2.90392        0.07753       -0.93049
H          4.42770       -0.81427       -0.81706
H          6.02518        1.39990        0.68062
H          6.08484       -0.33567        0.94226
H          5.70131        0.74654        2.28569
H          2.80132       -2.75071        2.64166
H          4.93883       -3.66364        2.07961
H          5.25232       -2.01186        2.63430
H          5.27044       -2.39530        0.90758
H          2.96170       -3.97647        0.49296
H          3.05832       -2.45839       -0.38773
H          1.59952       -2.86770        0.51733
H          4.68089        0.02200        3.94883
H          1.90131        0.79755        3.96974
