73
CSD_code = FIKZEF | q = 0 | S = 0 | Stoichiometry = C31H37FeO2PSi | MND = 8
Fe         2.40408        5.04978        6.38039
Si         2.52915        5.19362        4.17719
P          3.31723        6.95586        6.58969
H          2.56774        8.14525        6.70112
C          3.89186        4.20674        6.11998
O          4.84568        3.56947        5.98037
C          1.35860        6.63930        3.65983
H          1.66319        7.09595        2.72326
H          1.37597        7.41162        4.42300
H          0.33317        6.30679        3.55003
C          4.09121        5.43019        3.07228
H          4.95691        4.94241        3.50632
H          4.34584        6.47151        2.91553
H          3.91669        4.97641        2.10049
O          1.97116        3.69405        3.74362
C          1.77766        3.13641        2.53357
C          1.96413        1.76209        2.39842
H          2.29464        1.19598        3.25588
C          1.74011        1.14401        1.18320
H          1.88927        0.07803        1.09126
C          1.32941        1.88391        0.08707
H          1.15464        1.39962       -0.86189
C          1.14707        3.25001        0.21720
H          0.82935        3.83573       -0.63341
C          1.36822        3.87592        1.43013
H          1.22636        4.93816        1.53941
C          1.18397        3.39922        6.84982
C          0.31478        4.38960        6.30024
C          0.45526        5.55586        7.08499
C          1.31738        5.25200        8.19937
C          1.75595        3.91687        8.05617
C          1.26875        1.97943        6.39582
H          2.23218        1.54957        6.65809
H          1.14702        1.92531        5.31863
H          0.48505        1.38148        6.86533
C         -0.70928        4.14069        5.24255
H         -1.53100        3.56230        5.67044
H         -0.29477        3.57469        4.41477
H         -1.11672        5.07168        4.85925
C         -0.35050        6.81025        6.97332
H         -0.71021        6.95401        5.95823
H          0.24557        7.67904        7.25101
H         -1.21251        6.76991        7.64194
C          1.48585        6.14431        9.38680
H          0.58053        6.12007        9.99685
H          1.65599        7.17699        9.08203
H          2.32460        5.83347       10.00450
C          2.55907        3.11602        9.03189
H          3.05832        3.75980        9.75143
H          3.31315        2.52473        8.51692
H          1.90815        2.43088        9.57782
C          4.27219        7.18919        8.13201
C          4.49930        8.45187        8.66726
H          4.07785        9.32199        8.18015
C          5.25697        8.59043        9.81557
H          5.42846        9.57175       10.23384
C          5.79718        7.47186       10.43022
H          6.38843        7.58364       11.32725
C          5.57922        6.21206        9.89625
H          6.00257        5.34126       10.37597
C          4.81708        6.07174        8.75061
H          4.62054        5.09975        8.31876
C          4.55461        7.65666        5.45724
C          5.81106        7.06163        5.40023
H          6.01882        6.21136        6.03523
C          6.77578        7.55341        4.54236
H          7.75092        7.09077        4.50241
C          6.49088        8.63978        3.72960
H          7.24382        9.02307        3.05682
C          5.24101        9.23410        3.77951
H          5.01958       10.08070        3.14566
C          4.27501        8.74618        4.64155
H          3.29760        9.20770        4.68054
