71
CSD_code = FOCNAN | q = 0 | S = 0 | Stoichiometry = C29H37FeO2PSi | MND = 8
Fe        -1.15885        3.28779       16.04130
Si         0.18287        3.65695       17.77204
P          0.53478        2.27220       15.25685
C         -0.63389        4.80199       15.39649
O         -0.50922        5.85301       14.93443
C          0.14863        2.61567       19.39169
H         -0.24521        1.61479       19.26139
H         -0.45585        3.11800       20.13460
H          1.15454        2.52865       19.78887
C          0.07752        5.45701       18.43152
H          0.91238        5.68083       19.08618
H         -0.82845        5.57119       19.01389
H          0.05514        6.19560       17.64032
O          1.76107        3.34818       17.31262
C          2.07035        3.12604       15.97979
C          3.36962        2.31845       15.87464
H          4.14031        2.84025       16.43931
H          3.68668        2.24675       14.83722
H          3.25102        1.32076       16.29019
C          2.25915        4.40861       15.21324
H          2.29190        4.29251       14.13685
C          2.45233        5.58363       15.78085
H          2.43960        5.68717       16.85135
H          2.61203        6.47645       15.20123
C          0.76638        0.51049       15.66184
C          1.11628        0.16424       16.96591
H          1.34320        0.94620       17.67296
C          1.17340       -1.16343       17.34626
H          1.45585       -1.42238       18.35644
C          0.86052       -2.16233       16.43766
H          0.89915       -3.19962       16.73614
C          0.49007       -1.82595       15.14617
H          0.23599       -2.60112       14.43715
C          0.43830       -0.49838       14.75907
H          0.14569       -0.24433       13.74986
C          0.84086        2.28360       13.45724
C          1.83023        1.53239       12.82705
H          2.46085        0.87392       13.40795
C          1.99725        1.62038       11.45679
H          2.76764        1.03833       10.97166
C          1.17983        2.44911       10.70414
H          1.31421        2.51111        9.63426
C          0.19057        3.19491       11.32434
H         -0.44817        3.84033       10.73902
C          0.02380        3.11126       12.69457
H         -0.73520        3.68717       13.20596
C         -2.69705        2.05886       15.22203
C         -3.05128        3.42317       15.08760
C         -3.09562        3.99508       16.39950
C         -2.83331        2.96271       17.34565
C         -2.52918        1.77803       16.61948
C         -2.68817        1.05206       14.11591
H         -3.71264        0.81441       13.82319
H         -2.20458        0.13262       14.43397
H         -2.16448        1.43089       13.23919
C         -3.46705        4.12031       13.83069
H         -3.18276        3.54476       12.95337
H         -3.01134        5.10630       13.76264
H         -4.55067        4.25044       13.81810
C         -3.55950        5.37687       16.72944
H         -4.64203        5.39277       16.86910
H         -3.30807        6.06807       15.92943
H         -3.08906        5.72662       17.64438
C         -3.08175        3.07539       18.81313
H         -2.68029        4.00396       19.20837
H         -2.63442        2.24839       19.35284
H         -4.15798        3.06399       18.99791
C         -2.37203        0.41531       17.21636
H         -1.84676        0.46792       18.16631
H         -1.80841       -0.24210       16.55920
H         -3.35089       -0.03531       17.39212
