110
CSD_code = GAMZEB | q = 0 | S = 0 | Stoichiometry = C52H52BP3RuSi | MND = 6
Ru         2.64111        2.39793        6.48964
P          4.87519        1.80458        6.07901
P          1.89599        1.08168        4.70134
P          3.32112        4.02794        4.90465
Si         1.06264        1.86918        8.14682
B          4.30560        1.89120        3.20966
C          4.93707        1.55509        1.75670
C          4.54975        2.28849        0.63402
H          3.84721        3.10380        0.75081
C          5.02404        2.00528       -0.63335
H          4.70117        2.60120       -1.47709
C          5.90852        0.95808       -0.82593
H          6.28453        0.73204       -1.81422
C          6.29764        0.20012        0.26335
H          6.98019       -0.62898        0.12813
C          5.81472        0.49684        1.52646
H          6.13295       -0.12529        2.35259
C          2.11914       -0.72727        4.92151
C          2.88905       -1.53923        4.09748
H          3.41022       -1.12287        3.24781
C          2.99989       -2.89454        4.36182
H          3.60888       -3.51392        3.71908
C          2.33738       -3.45608        5.43883
H          2.43083       -4.51265        5.64275
C          1.54682       -2.65790        6.25130
H          1.01653       -3.09229        7.08680
C          1.44018       -1.30598        5.99211
H          0.82370       -0.67532        6.62377
C          0.11592        0.91425        4.25298
C         -0.23340        0.10420        3.17571
H          0.53680       -0.40471        2.61342
C         -1.55880       -0.06189        2.82390
H         -1.81585       -0.69109        1.98391
C         -2.55788        0.57093        3.54708
H         -3.59358        0.43797        3.27074
C         -2.22145        1.36879        4.62615
H         -2.99011        1.86251        5.20364
C         -0.89293        1.53770        4.97524
H         -0.64377        2.16402        5.82073
C          2.01499        4.91054        3.96134
C          2.34625        6.09382        3.30437
H          3.34399        6.50084        3.39623
C          1.40585        6.75593        2.53894
H          1.67422        7.67535        2.03860
C          0.12418        6.24409        2.40852
H         -0.60754        6.76278        1.80667
C         -0.21010        5.06518        3.05054
H         -1.20317        4.65039        2.95211
C          0.73076        4.40715        3.82293
H          0.45994        3.48680        4.32011
C          4.08724        5.50925        5.66096
C          5.23841        6.12270        5.18290
H          5.76248        5.72225        4.32720
C          5.73376        7.25593        5.80383
H          6.63521        7.71861        5.42823
C          5.08054        7.79587        6.89738
H          5.47381        8.67754        7.38215
C          3.91687        7.20539        7.36346
H          3.39579        7.63011        8.20952
C          3.42307        6.07267        6.74670
H          2.51775        5.60144        7.11015
C          5.62805        0.49763        7.12721
C          6.84030        0.64731        7.79172
H          7.37565        1.58440        7.75037
C          7.37377       -0.40276        8.52007
H          8.31403       -0.26792        9.03526
C          6.71453       -1.61711        8.58867
H          7.13571       -2.43331        9.15698
C          5.51008       -1.77868        7.92293
H          4.98581       -2.72275        7.96394
C          4.97390       -0.73019        7.20243
H          4.02799       -0.86796        6.69456
C          6.14254        3.10663        6.32230
C          7.21844        3.30287        5.46243
H          7.32246        2.71150        4.56417
C          8.17295        4.26461        5.74587
H          8.99825        4.41238        5.06379
C          8.07813        5.02972        6.89545
H          8.82493        5.77978        7.11077
C          7.02663        4.82142        7.77222
H          6.95069        5.40491        8.67810
C          6.07039        3.86567        7.48793
H          5.25112        3.69913        8.17522
C         -0.73572        2.51215        8.34995
C         -1.78208        1.65164        8.68107
H         -1.57747        0.60649        8.86146
C         -3.08316        2.11106        8.77098
H         -3.88024        1.42625        9.02290
C         -3.36587        3.44679        8.53798
H         -4.38183        3.80687        8.60941
C         -2.33997        4.31749        8.20907
H         -2.55433        5.36020        8.02415
C         -1.04231        3.85125        8.10940
H         -0.24873        4.53388        7.83745
C          5.10309        1.09525        4.42739
H          6.18444        1.03474        4.26035
H          4.75410        0.06196        4.53850
C          2.69320        1.47010        3.12001
H          2.51380        0.64010        2.42797
H          2.13224        2.32752        2.72357
C          4.40915        3.50790        3.54005
H          4.14602        4.13537        2.68280
H          5.43453        3.75120        3.82575
C          1.24740        0.71829        9.68753
H          0.79063        1.15434       10.57305
H          2.29478        0.52290        9.90488
H          0.77110       -0.24391        9.51223
H          3.00549        1.06921        7.17058
H          1.49139        3.41359        6.31887
H          3.25003        3.28699        7.60694
