83
CSD_code = GURYAV | q = 0 | S = 0 | Stoichiometry = C24H52P4Si2W | MND = 8
W          0.79793       36.20484       -7.33471
P         -0.25466       34.81709       -9.09226
P         -0.18024       38.37802       -7.95167
P          2.80699       34.75129       -7.01846
P          0.67929       36.70465       -4.92137
Si         2.09696       36.75794       -9.46788
Si         4.17330       37.85446       -9.49426
C         -0.78091       35.26111      -10.80576
H         -1.15772       34.37345      -11.31447
H          0.06738       35.66036      -11.35535
H         -1.56820       36.01024      -10.76886
C          0.58224       33.23432       -9.52549
H         -0.09189       32.57544      -10.07428
H          0.90473       32.74480       -8.60798
H          1.44901       33.45953      -10.14398
C         -1.85669       34.12123       -8.51233
H         -2.27574       33.43431       -9.24943
H         -2.55231       34.94091       -8.33467
H         -1.68810       33.60189       -7.56994
C          0.89030       39.83712       -8.27577
H          0.28441       40.73141       -8.42430
H          1.49342       39.65652       -9.16194
H          1.56295       39.98651       -7.43240
C         -1.38438       39.18056       -6.80346
H         -1.74250       40.12036       -7.22605
H         -0.91727       39.37613       -5.84092
H         -2.22704       38.50419       -6.66369
C         -1.25905       38.47437       -9.44173
H         -1.64921       39.48440       -9.57056
H         -2.08715       37.77899       -9.30758
H         -0.68717       38.19142      -10.32192
C          2.60157       33.22226       -6.00869
H          3.57008       32.77831       -5.77587
H          2.00729       32.50988       -6.57979
H          2.06660       33.44947       -5.09168
C          3.88764       33.99048       -8.31751
H          4.72845       33.49121       -7.83512
H          4.26096       34.76056       -8.98733
H          3.32882       33.26133       -8.89809
C          4.18396       35.57337       -6.10733
H          4.89398       34.83889       -5.72521
H          3.78793       36.16863       -5.28771
H          4.69197       36.23946       -6.80326
C          1.37600       38.29074       -4.29731
H          1.01769       38.51098       -3.29165
H          1.11186       39.09970       -4.97469
H          2.46184       38.20483       -4.28647
C         -1.01787       36.73699       -4.20754
H         -0.98668       36.91364       -3.13201
H         -1.46893       35.76590       -4.40833
H         -1.62110       37.49993       -4.68866
C          1.38004       35.59991       -3.60675
H          1.24867       36.06104       -2.62732
H          2.43720       35.40895       -3.77238
H          0.83840       34.65508       -3.63023
C          4.30040       39.46743       -8.50572
C          4.51063       40.70222       -9.11217
H          4.64128       40.74695      -10.18402
C          4.56536       41.86956       -8.37173
H          4.73249       42.81596       -8.86751
C          4.41092       41.82825       -6.99668
H          4.45360       42.73841       -6.41496
C          4.20532       40.60940       -6.37188
H          4.08583       40.56759       -5.29711
C          4.15151       39.44869       -7.12137
H          3.97774       38.50498       -6.62575
C          4.66729       38.26405      -11.27123
C          3.84317       39.05594      -12.06484
H          2.93120       39.45652      -11.64275
C          4.16225       39.33937      -13.37978
H          3.50847       39.96297      -13.97449
C          5.31974       38.82233      -13.93747
H          5.57302       39.04055      -14.96542
C          6.14776       38.02227      -13.16907
H          7.05164       37.61210      -13.59839
C          5.82018       37.75061      -11.85288
H          6.47397       37.12798      -11.25864
H          2.46370       35.64024      -10.41591
H          1.42178       37.56353      -10.55177
H          0.30964       34.76776       -6.65584
H         -0.83646       36.28335       -7.06717
H          1.99704       37.27519       -6.93344
H          5.32528       37.06246       -8.99213
