66
CSD_code = IKIZEH | q = 0 | S = 0 | Stoichiometry = C15H45P3RuSi2 | MND = 7
Ru        11.18453        6.56770        5.50330
P         10.83230        4.31663        5.15164
P         13.44680        6.74008        4.82970
P         10.35973        7.22335        3.43259
Si        11.69087        7.53843        7.83020
Si         8.89867        6.75129        6.35820
C         10.35326        3.36185        6.64579
C         12.28616        3.28899        4.67023
C          9.62963        3.60266        3.95461
C         14.71380        6.49910        6.14161
C         14.34582        5.76991        3.52490
C         13.95194        8.42803        4.29314
C         11.28328        6.72290        1.91190
C         10.29871        9.03324        3.13846
C          8.66920        6.82824        2.81873
C         12.67633        6.51192        9.15090
C         12.58032        9.25308        7.89875
C          7.35892        5.59792        6.03817
C          8.03680        8.47871        6.10441
C         10.00685        7.79076        8.71474
C          9.00607        6.73001        8.28715
H         11.74132        5.72662        6.68706
H         11.22147        8.11528        5.57570
H         10.14728        2.32060        6.39429
H          9.47560        3.81493        7.09994
H         11.17439        3.41124        7.36160
H         12.03980        2.22826        4.73518
H         13.11232        3.51269        5.34539
H         12.58303        3.52687        3.64964
H          9.64998        2.51383        4.01244
H          9.88964        3.91057        2.94231
H          8.63226        3.96070        4.19851
H         14.56778        7.24392        6.91889
H         15.71671        6.59243        5.72352
H         14.59458        5.50953        6.58132
H         13.73158        5.60512        2.64375
H         14.63064        4.80360        3.93637
H         15.24802        6.30867        3.23467
H         15.03809        8.50326        4.23177
H         13.57302        9.14503        5.01950
H         13.51952        8.65465        3.31935
H         10.75689        7.06237        1.01951
H         11.37947        5.63751        1.88158
H         12.27763        7.16669        1.93150
H         11.27615        9.47227        3.33091
H          9.58512        9.46076        3.84071
H          9.98811        9.24963        2.11526
H          8.50912        7.31901        1.85793
H          7.93843        7.18849        3.53665
H          8.54302        5.75616        2.69862
H         12.12110        5.62156        9.43179
H         12.81956        7.10389       10.05021
H         13.65625        6.19037        8.81398
H         13.60522        9.20409        7.54438
H         12.60662        9.61048        8.92323
H         12.06000        9.99544        7.30273
H          7.54173        4.56550        6.31748
H          7.03961        5.60574        5.00081
H          6.52350        5.94964        6.63454
H          8.75258        9.29028        6.18937
H          7.28177        8.62511        6.87051
H          7.54070        8.57575        5.14289
H          9.60290        8.77128        8.47004
H         10.14915        7.77108        9.79642
H          8.03112        6.92285        8.73656
H          9.33641        5.75834        8.65690
