61
CSD_code = IMUDOJ | q = 0 | S = 0 | Stoichiometry = C26H27Cl4PRuSi2 | MND = 9
Ru        15.54347        9.79576       11.56857
Cl        16.12466        6.37268       10.49134
Cl        14.18021        8.12226        8.57020
Cl        19.27942       11.05068       10.77578
Cl        18.28672       10.86971       13.80782
P         15.32591       11.60311       10.12517
Si        15.92824        8.33124        9.72297
Si        17.90690        9.95711       11.92444
C         13.88764       10.68365       12.89140
H         13.41852       11.66384       12.89007
C         14.97142       10.42970       13.74305
H         15.35471       11.20222       14.39846
C         15.50554        9.12708       13.81453
H         16.29674        8.91789       14.52559
C         14.95993        8.09106       13.04690
H         15.32733        7.07674       13.15345
C         13.83690        8.34634       12.22473
H         13.35418        7.52399       11.70934
C         13.28644        9.62779       12.16820
H         12.36551        9.80312       11.62604
C         17.29421        8.32298        8.35800
H         17.57106        7.30455        8.10067
H         18.18466        8.84199        8.69515
H         16.94644        8.81536        7.45614
C         18.84866        8.28450       12.13757
H         19.83234        8.44172       12.57302
H         18.97987        7.79341       11.17888
H         18.30204        7.60065       12.78028
C         16.13823       13.17373       10.58718
C         16.57261       13.36071       11.89266
H         16.45287       12.56198       12.61082
C         17.17212       14.54928       12.26864
H         17.52003       14.67759       13.28266
C         17.33313       15.56443       11.34134
H         17.80820       16.49034       11.62940
C         16.88443       15.39158       10.04104
H         17.00374       16.18547        9.31840
C         16.28714       14.20437        9.66160
H         15.93647       14.07171        8.64783
C         13.57449       12.12899       10.01844
C         13.14027       13.37682       10.45322
H         13.84839       14.08756       10.85502
C         11.79905       13.71244       10.37439
H         11.47132       14.68369       10.71526
C         10.88113       12.81136        9.86213
H          9.83684       13.07904        9.79892
C         11.30565       11.56215        9.43762
H         10.59353       10.85195        9.04300
C         12.64227       11.21645        9.52346
H         12.97084       10.23243        9.21364
C         15.80419       11.51428        8.36053
C         17.17135       11.57523        8.09383
H         17.86513       11.67227        8.91510
C         17.63395       11.51621        6.79343
H         18.69489       11.56827        6.60112
C         16.73902       11.38362        5.74313
H         17.09867       11.33003        4.72626
C         15.38099       11.32298        6.00277
H         14.67818       11.22347        5.18873
C         14.91036       11.39224        7.30354
H         13.84690       11.35914        7.47954
