68
CSD_code = IRAVEC | q = 0 | S = 0 | Stoichiometry = C27H38CoPSi | MND = 8
Co         0.88051        1.49303        2.91812
H          0.84783        1.15636        4.30559
P         -1.36080        1.56812        2.73170
Si         1.49387       -0.71179        2.81293
H          0.53052       -1.74488        3.33609
C          0.74921        3.49393        2.28093
C          1.13964        2.65743        1.18997
H          0.66825        2.63705        0.21977
C          2.37452        2.07790        1.50536
H          2.99250        1.50344        0.83596
C          2.72412        2.49324        2.81602
H          3.66544        2.29056        3.30416
C          1.74449        3.41978        3.26339
H          1.79427        4.00905        4.16589
C         -0.54348        4.24288        2.35564
H         -0.55591        5.05844        1.62265
H         -0.64635        4.68853        3.34662
C         -1.69779        3.27768        2.05820
H         -1.77069        3.16007        0.97507
H         -2.65287        3.66734        2.41888
C         -2.31253        1.56964        4.37931
C         -1.77492        2.76948        5.16443
H         -0.68657        2.77765        5.13969
H         -2.08768        2.70075        6.20528
H         -2.15229        3.70785        4.76477
C         -3.82995        1.70230        4.26555
H         -4.28500        0.78173        3.91134
H         -4.12185        2.52039        3.61083
H         -4.23856        1.90866        5.25466
C         -1.97018        0.29670        5.15362
H         -0.89201        0.16598        5.20481
H         -2.39767       -0.58629        4.69076
H         -2.36044        0.36857        6.16782
C         -2.30992        0.52059        1.45247
C         -1.40445        0.46468        0.21827
H         -1.36404        1.42611       -0.29005
H         -1.78940       -0.26346       -0.49441
H         -0.39442        0.16628        0.49170
C         -3.67479        1.05605        1.01441
H         -3.62049        2.07650        0.64520
H         -4.40906        1.01619        1.81044
H         -4.04012        0.43196        0.19870
C         -2.47250       -0.89625        2.00016
H         -3.26755       -0.94342        2.73983
H         -1.54358       -1.23319        2.45477
H         -2.73396       -1.57929        1.19254
C          3.09550       -1.15110        3.76546
C          3.56186       -0.39830        4.83586
H          3.00666        0.47606        5.14318
C          4.71622       -0.74673        5.51446
H          5.06005       -0.14272        6.34305
C          5.43236       -1.86792        5.13250
H          6.33725       -2.14172        5.65654
C          4.97794       -2.63780        4.07514
H          5.52690       -3.51902        3.77330
C          3.82250       -2.28108        3.40384
H          3.47701       -2.89044        2.58130
C          1.84219       -1.37331        1.04749
C          0.89224       -2.10531        0.34431
H         -0.06203       -2.30980        0.80602
C          1.15095       -2.59036       -0.92535
H          0.39572       -3.15796       -1.45145
C          2.37786       -2.35452       -1.52146
H          2.58322       -2.72894       -2.51426
C          3.34565       -1.64617       -0.82918
H          4.31375       -1.47273       -1.27889
C          3.07596       -1.16498        0.43893
H          3.84998       -0.63700        0.97911
