54
CSD_code = KUFFAT | q = 0 | S = 0 | Stoichiometry = C16H33Cl2PRuSi | MND = 9
Ru         2.48834        4.07753        2.31943
Cl         2.14701        3.55389       -0.00322
Si         3.40129        5.90643        1.01241
Cl         4.10307        7.36971        2.33683
P          3.49284        1.94444        2.32832
C          1.66877        4.93512        4.24553
H          2.20005        5.32982        5.10159
C          1.13770        5.70807        3.18110
H          1.20003        6.78350        3.10245
C          0.37928        4.84498        2.35616
H         -0.22529        5.14818        1.51103
C          0.40565        3.54788        2.92124
H         -0.21682        2.72168        2.60679
C          1.19819        3.60544        4.09720
H          1.30572        2.82260        4.83628
C          4.89802        5.62628       -0.16452
H          5.02484        6.50463       -0.78881
H          4.74289        4.77130       -0.81188
H          5.81983        5.47829        0.38678
C          2.09895        6.88075       -0.02120
H          2.58124        7.73366       -0.48938
H          1.28174        7.26272        0.58366
H          1.67943        6.25880       -0.80425
C          2.46728        0.40289        1.99697
H          3.20324       -0.40112        1.88862
C          1.51867        0.02651        3.13410
H          0.87317       -0.78610        2.80224
H          0.88152        0.86131        3.41242
H          2.05043       -0.31800        4.01762
C          1.68428        0.51158        0.69298
H          1.24759       -0.45503        0.44257
H          2.31636        0.83238       -0.13065
H          0.87830        1.23522        0.78569
C          4.84269        1.81325        1.02954
H          4.39361        2.34949        0.18211
C          6.08172        2.59483        1.46304
H          6.70811        2.79767        0.59660
H          6.67359        2.02839        2.17791
H          5.79186        3.54604        1.90545
C          5.24242        0.41776        0.55185
H          6.03987        0.52687       -0.18210
H          4.42044       -0.09785        0.06420
H          5.62039       -0.20112        1.36063
C          4.19747        1.48296        4.01005
H          3.28893        1.30977        4.60141
C          5.03367        0.20503        4.03835
H          5.23941       -0.06282        5.07453
H          5.98843        0.35513        3.54263
H          4.52287       -0.63456        3.57476
C          4.95733        2.60883        4.70528
H          5.14346        2.33044        5.74205
H          4.37985        3.53140        4.69785
H          5.91373        2.80087        4.22991
H          3.90663        4.35258        2.78097
