133
CSD_code = LAMQOF | q = 0 | S = 0 | Stoichiometry = C42H86P2RuSi2 | MND = 8
Ru        12.00823        0.47988       14.59738
P         10.03083        1.91633       14.79490
P         13.79440        2.00941       13.98662
Si        11.69117       -1.65220       13.30619
Si        12.56065       -1.05561       16.49495
C         11.66748       -3.05400       14.63542
C         12.70942       -2.81749       15.72405
C         10.14076       -1.95455       12.19830
C         13.10012       -2.18321       12.09399
C         11.24239       -1.22814       17.89637
C         14.19079       -0.75867       17.47867
C          8.61498        1.07392       15.71424
C          8.05207       -0.12694       14.95321
C          7.25338       -1.01819       15.90179
C          6.11177       -0.23651       16.54536
C          6.64412        1.01730       17.23240
C          7.42126        1.87969       16.23618
C          9.24577        2.67390       13.24983
C          9.25900        1.67027       12.09373
C          8.95482        2.37087       10.77158
C          7.59854        3.06714       10.82744
C          7.53947        4.01703       12.01927
C          7.83711        3.26408       13.31708
C         10.40131        3.40088       15.92300
C         10.39905        3.01227       17.40556
C         10.99745        4.12782       18.26139
C         10.24004        5.43417       18.04945
C         10.26137        5.81369       16.57335
C          9.63321        4.70757       15.72470
C         15.05434        1.05964       12.91397
C         15.99826        0.21228       13.77356
C         16.74966       -0.80919       12.92263
C         17.55823       -0.10715       11.83876
C         16.63543        0.76216       10.99417
C         15.90083        1.78693       11.86171
C         14.90590        2.64739       15.36755
C         16.01875        3.61513       14.96632
C         16.97774        3.82063       16.13936
C         16.23717        4.36413       17.35644
C         15.09721        3.42596       17.73950
C         14.14963        3.23024       16.55870
C         13.56597        3.51527       12.87985
C         12.84793        4.69608       13.52438
C         12.78331        5.87412       12.55311
C         12.05540        5.48150       11.27188
C         12.72705        4.27007       10.63312
C         12.78955        3.11308       11.62637
H         11.88098        0.63245       13.05916
H         12.14920        1.11427       15.99653
H         13.34307       -0.28048       14.44703
H         10.81040       -0.36560       15.06268
H         11.83794       -4.02407       14.16427
H         10.68023       -3.10221       15.09770
H         12.61420       -3.57839       16.50117
H         13.70330       -2.93924       15.29058
H         10.15702       -1.31731       11.32082
H          9.20187       -1.78490       12.71152
H         10.14234       -2.98402       11.85527
H         13.25424       -1.45673       11.30130
H         14.04202       -2.31971       12.61520
H         12.84567       -3.12814       11.62278
H         10.28899       -1.57171       17.50674
H         11.57535       -1.95026       18.63592
H         11.07121       -0.28798       18.41266
H         15.06189       -0.71250       16.83370
H         14.34891       -1.56697       18.18511
H         14.14551        0.16699       18.04278
H          9.15632        0.67539       16.58605
H          8.86682       -0.70254       14.51150
H          7.39644        0.21320       14.14844
H          7.91765       -1.39902       16.68104
H          6.85498       -1.87661       15.35616
H          5.58823       -0.86564       17.26827
H          5.39237        0.05367       15.77515
H          7.29814        0.73057       18.05952
H          5.81301        1.59323       17.64725
H          7.72378        2.80489       16.72157
H          6.74804        2.14021       15.42156
H          9.94168        3.48616       12.99298
H         10.22675        1.17017       12.03341
H          8.50994        0.89720       12.27116
H          9.73115        3.11055       10.56039
H          8.96470        1.64063        9.95953
H          6.81056        2.31666       10.92659
H          7.42009        3.61659        9.90052
H          8.26753        4.82146       11.88412
H          6.54932        4.47482       12.08109
H          7.71233        3.93740       14.16173
H          7.11105        2.45598       13.40941
H         11.45001        3.60348       15.66648
H         10.97791        2.09540       17.54235
H          9.38738        2.82252       17.76041
H         10.95509        3.83790       19.31388
H         12.04567        4.27603       18.00010
H         10.69091        6.22930       18.64712
H          9.20470        5.31606       18.37888
H         11.29398        5.97617       16.25469
H          9.71402        6.74655       16.41815
H          8.59119        4.59569       16.02718
H          9.65457        5.01552       14.67801
H         14.39447        0.36507       12.37529
H         16.73463        0.85290       14.26404
H         15.42624       -0.31420       14.54236
H         17.41025       -1.40058       13.56110
H         16.03798       -1.49118       12.45459
H         18.32642        0.51831       12.30105
H         18.06182       -0.84266       11.20815
H         17.21239        1.28559       10.22769
H         15.90489        0.12741       10.48726
H         16.64669        2.42897       12.33383
H         15.29376        2.40499       11.20310
H         15.36215        1.71725       15.73208
H         16.58105        3.23415       14.11529
H         15.59507        4.58097       14.68410
H         17.77225        4.51173       15.84706
H         17.44360        2.86635       16.39787
H         16.92833        4.47722       18.19428
H         15.83204        5.35243       17.12326
H         15.50709        2.45866       18.03905
H         14.54907        3.83354       18.59263
H         13.71099        4.19603       16.29816
H         13.34693        2.54814       16.84343
H         14.57406        3.84335       12.60341
H         13.35864        5.01454       14.43407
H         11.83299        4.39703       13.78897
H         13.79819        6.19783       12.30718
H         12.27232        6.71493       13.02914
H         12.04896        6.32092       10.57303
H         11.01579        5.23802       11.50633
H         13.73905        4.54100       10.31987
H         12.17539        3.96364        9.74113
H         13.23091        2.23519       11.15121
H         11.77779        2.83718       11.92392
