40
CSD_code = LAXFEV | q = 0 | S = 0 | Stoichiometry = C14H22OSi2W | MND = 12
W          0.67056        3.46933        0.62812
C         -1.29590        3.46929       -0.51946
C         -1.34090        2.30689        0.33229
C         -1.35323        2.75909        1.65890
C          2.90804        3.46926        1.05222
C          2.38309        2.30688        1.72435
C          1.52191        2.75902        2.73353
C          3.01462        1.03090       -1.38783
C          0.22440        1.03052       -2.43035
Si         1.41835        2.09821       -1.37111
O          1.75503        3.46924       -2.27213
H         -1.56403        3.46929       -1.56964
H         -1.50030        1.29183        0.00329
H         -1.46642        2.13675        2.53664
H          3.79927        3.46927        0.43542
H          2.71931        1.29185        1.58064
H          1.03152        2.13667        3.47024
H          3.29959        0.82897       -2.41485
H          3.85930        1.50588       -0.90273
H          2.84095        0.07612       -0.90368
H         -0.73348        1.50301       -2.61395
H          0.04247        0.07376       -1.95309
H          0.68079        0.83292       -3.39445
C         -1.34089        4.63168        0.33230
C         -1.35323        4.17946        1.65891
C          2.38308        4.63161        1.72439
C          1.52190        4.17942        2.73355
Si         1.41834        4.84028       -1.37115
H         -1.50025        5.64675        0.00331
H         -1.46640        4.80180        2.53666
H          2.71927        5.64665        1.58071
H          1.03150        4.80173        3.47029
C          3.01458        5.90762       -1.38781
C          0.22438        5.90795       -2.43040
H          3.29948        6.10970       -2.41482
H          3.85930        5.43260       -0.90283
H          2.84093        6.86233       -0.90353
H         -0.73348        5.43541       -2.61404
H          0.04241        6.86469       -1.95313
H          0.68082        6.10556       -3.39448
