84
CSD_code = MITTIS | q = 0 | S = 0 | Stoichiometry = C33H46O2Si2W | MND = 9
W          7.41263        5.61383       12.24513
Si         5.68891        4.99786       13.88932
Si         8.45831        7.98164       11.98266
O          5.25356        7.70807       11.41766
O          8.55901        6.68644       14.95240
C          6.04462        6.96110       11.82252
C          8.10525        6.31637       13.94450
C          8.28868        8.76255       10.23039
H          7.26772        8.71418        9.86952
H          8.92859        8.29232        9.49219
H          8.57100        9.80955       10.27393
C          7.71611        9.34742       13.12528
H          7.87939        9.11994       14.17355
H          6.64601        9.45242       12.97842
H          8.17238       10.31246       12.92465
C         10.35042        8.02869       12.36583
H         10.58296        8.91532       12.94594
H         10.94597        8.06837       11.46049
H         10.67543        7.17246       12.94824
C          5.55663        3.36052       14.90260
C          6.62075        2.92096       15.70596
C          6.51964        1.72597       16.40582
H          7.34776        1.40850       17.02480
C          5.39049        0.92877       16.33012
C          4.34872        1.35370       15.51806
H          3.46203        0.73996       15.43723
C          4.41860        2.54209       14.81074
C          7.88691        3.70880       15.84466
H          8.28412        3.98981       14.87060
H          8.63915        3.12941       16.37613
H          7.71973        4.62828       16.40153
C          5.28900       -0.36156       17.08308
H          6.14836       -0.50308       17.73356
H          5.23783       -1.20026       16.38899
H          4.38446       -0.37743       17.68932
C          3.25764        2.92983       13.94740
H          2.50864        2.14137       13.93532
H          3.57820        3.11447       12.92464
H          2.79558        3.83960       14.32371
C          4.21571        6.07447       14.49304
C          3.13787        6.39920       13.66235
C          2.13842        7.24739       14.12281
H          1.31117        7.48318       13.46751
C          2.17832        7.80011       15.39123
C          3.25584        7.48441       16.20736
H          3.30938        7.91130       17.19935
C          4.26472        6.64107       15.77601
C          2.97999        5.85714       12.27243
H          2.10278        5.21223       12.21511
H          3.85144        5.29378       11.95399
H          2.83217        6.68054       11.57637
C          1.10554        8.73520       15.85837
H          1.34806        9.75485       15.55741
H          1.01714        8.71581       16.94211
H          0.14497        8.47548       15.41903
C          5.41040        6.34088       16.69286
H          5.29533        6.86638       17.63795
H          6.34997        6.65362       16.24090
H          5.46173        5.27300       16.89895
C          7.80022        3.31654       11.78199
C          6.96257        3.88563       10.76208
C          7.72054        4.86232       10.06370
C          9.02338        4.91250       10.65121
C          9.05853        3.97180       11.72452
C          7.50992        2.04117       12.51704
H          7.82562        1.19396       11.90283
H          6.44863        1.92556       12.72678
H          8.04401        1.98405       13.46248
C          5.64121        3.33504       10.30704
H          4.98703        4.12562        9.93925
H          5.13012        2.81161       11.11408
H          5.79409        2.62318        9.49183
C          7.30211        5.50582        8.77428
H          7.90458        6.38368        8.55659
H          6.25638        5.81164        8.80575
H          7.42136        4.79841        7.94940
C         10.24615        5.50944       10.02524
H         11.00105        5.74221       10.77170
H         10.01854        6.41644        9.47216
H         10.67648        4.78770        9.32502
C         10.30155        3.57256       12.46850
H         10.92842        2.93832       11.83666
H         10.06104        3.01329       13.37107
H         10.88976        4.44450       12.75518
