79
CSD_code = MIZJIO | q = 0 | S = 0 | Stoichiometry = C24H44MoN4O4Si2 | MND = 6
Mo         6.19725        6.21226        4.61821
Si         4.34145        4.55477        4.71948
O          4.34519        8.31051        3.25875
O          5.01957        7.74718        7.05774
N          3.21488        3.95817        3.54505
N          3.78397        3.43947        5.92268
C          5.03951        7.50648        3.70419
C          5.48146        7.14757        6.19321
C          2.31138        2.96658        4.09720
H          2.11482        2.16531        3.38333
H          1.35337        3.43207        4.36861
C          2.97929        2.38549        5.33216
H          2.21869        2.02396        6.02318
H          3.61612        1.53757        5.04510
C          2.80414        4.59172        2.29125
C          4.03920        5.02777        1.50084
H          4.55573        5.84177        1.99856
H          3.74569        5.36549        0.50986
H          4.72622        4.19224        1.39335
C          1.91872        5.80940        2.59030
H          2.46407        6.53475        3.18718
H          1.03188        5.50723        3.14297
H          1.60264        6.28485        1.66539
C          2.01730        3.62376        1.39392
H          2.59064        2.71827        1.21012
H          1.83016        4.10433        0.43682
H          1.05517        3.36034        1.82476
C          4.27205        3.19586        7.27727
C          4.80738        4.49256        7.88290
H          5.70858        4.81879        7.37400
H          5.04862        4.33818        8.93187
H          4.05811        5.27648        7.81195
C          5.39136        2.14535        7.26231
H          6.20297        2.47277        6.61798
H          5.02239        1.19024        6.89626
H          5.78059        1.99954        8.26657
C          3.13183        2.70967        8.19014
H          2.25778        3.34560        8.07079
H          3.45355        2.76312        9.22683
H          2.85653        1.67815        7.98668
Si         8.05185        7.86768        4.51613
N          9.17813        8.46470        5.69069
C         10.08156        9.45637        5.13854
H         10.27810       10.25767        5.85240
H         11.03960        8.99095        4.86710
C          9.41356       10.03742        3.90363
N          8.60902        8.98333        3.31310
C          8.12097        9.22693        1.95850
C          7.58558        7.93020        1.35300
H          6.68439        7.60406        1.86195
H          7.34431        8.08452        0.30403
H          8.33482        7.14626        1.42399
C          7.00174       10.27753        1.97335
H          6.19008        9.95023        2.61768
H          7.37076       11.23266        2.33932
H          6.61256       10.42328        0.96906
C          9.26129        9.71296        1.04567
H         10.13530        9.07699        1.16516
H          8.93963        9.65936        0.00896
H          9.53663       10.74449        1.24899
H         10.17408       10.39910        3.21260
H          8.77665       10.88526        4.19077
C          9.58892        7.83139        6.94460
C          8.35390        7.39533        7.73505
H          7.83746        6.58121        7.23741
H          8.64741        7.05777        8.72607
H          7.66680        8.23081        7.84242
C         10.47447        6.61378        6.64568
H          9.92918        5.88834        6.04883
H         11.36130        6.91597        6.09301
H         10.79055        6.13842        7.57063
C         10.37571        8.79949        7.84186
H          9.80234        9.70497        8.02560
H         10.56288        8.31902        8.79901
H         11.33783        9.06292        7.41102
C          7.35437        4.91712        5.53166
O          8.04759        4.11220        5.97712
C          6.91228        5.27635        3.04308
O          7.37286        4.67578        2.17853
