75
CSD_code = MIZJOU | q = 0 | S = 0 | Stoichiometry = C24H40CrN4O4Si2 | MND = 6
Cr         5.71722        7.45710        8.32455
Si         5.01774        9.37773        6.93461
O          5.03164        8.87278       10.90586
O          8.56850        8.26958        7.73469
N          5.69617       10.97627        6.68513
N          4.25386        9.49374        5.35968
C          5.35570        8.37152        9.90621
C          7.47953        7.98323        8.03094
C          5.40433       11.45977        5.42394
H          5.79294       12.39922        5.08384
C          4.61946       10.65322        4.70284
H          4.28960       10.85462        3.70292
C          6.51233       11.81339        7.55971
C          6.54478       11.24593        8.97685
H          5.53689       11.13959        9.36875
H          7.09644       11.92179        9.62631
H          7.03730       10.27777        8.99811
C          5.91641       13.22795        7.63727
H          4.86214       13.16897        7.89761
H          6.01062       13.76311        6.69722
H          6.43172       13.80357        8.40171
C          7.94439       11.86265        7.01250
H          8.36375       10.85983        6.98753
H          8.56890       12.48637        7.64673
H          7.96297       12.26659        6.00358
C          3.36074        8.57289        4.66266
C          2.12303        9.32820        4.15317
H          1.67243        9.88875        4.96892
H          1.39143        8.62091        3.77153
H          2.36722       10.01961        3.35239
C          2.87701        7.47150        5.60297
H          2.38913        7.90002        6.47423
H          3.70377        6.84748        5.93081
H          2.16003        6.83976        5.08363
C          4.11803        7.92987        3.49405
H          4.97432        7.37555        3.87061
H          4.47753        8.68484        2.79958
H          3.46813        7.24509        2.95542
Si         6.41677        5.53407        9.71262
N          5.73692        3.93638        9.96345
C          6.02810        3.45360       11.22501
H          5.63885        2.51463       11.56567
C          6.81294        4.26036       11.94592
N          7.17922        5.41931       11.28849
C          8.07227        6.34028       11.98564
C          9.30984        5.58507       12.49566
H          9.76032        5.02434       11.68000
H         10.04169        6.29214       12.87734
H          9.06540        4.89372       13.29642
C          8.55656        7.44157       11.04549
H          9.04436        7.01287       10.17428
H          7.73000        8.06580       10.71763
H          9.27368        8.07315       11.56488
C          7.31537        6.98377       13.15428
H          6.45919        7.53806       12.77749
H          6.95563        6.22904       13.84888
H          7.96521        7.66864       13.69292
H          7.14213        4.05963       12.94621
C          4.92059        3.09938        9.08908
C          4.88854        3.66677        7.67188
H          5.89649        3.77290        7.28002
H          4.33680        2.99084        7.02259
H          4.39617        4.63501        7.65039
C          5.51666        1.68489        9.01208
H          6.57096        1.74371        8.75177
H          5.42230        1.14996        9.95227
H          5.00129        1.10928        8.24770
C          3.48857        3.05089        9.63640
H          3.06949        4.05385        9.66107
H          2.86400        2.42714        9.00230
H          3.46985        2.64723       10.64544
C          6.07816        6.54188        6.74294
O          6.40175        6.04046        5.74318
C          3.95517        6.92929        8.61728
O          2.86563        6.64429        8.91257
