42
CSD_code = NEDKIS | q = 0 | S = 0 | Stoichiometry = C14H23ClFNbSi2 | MND = 13
Nb         1.02072        4.99832        9.88428
Si        -1.29374        6.12806        8.91701
Si         1.01045        3.26852        7.86854
Cl        -0.70989        6.58380       11.10264
F          2.48154        2.52139        8.03129
C          0.45516        2.27710       12.35142
C          0.66813        3.55222       12.88499
C          1.71570        4.16687       12.18504
C          2.15673        3.24441       11.17445
C          1.36275        2.07172       11.32966
C          2.17016        6.55299        8.25904
C          1.82802        7.33857        9.37589
C          2.55169        6.86673       10.47999
C          3.36707        5.80763       10.04582
C          3.13207        5.60827        8.67486
C         -1.72866        7.92305        8.34233
C         -3.00912        5.32913        9.27639
C          1.09026        3.87670        6.04472
C         -0.24735        1.82079        7.89787
H         -0.30501        1.58700       12.67281
H          0.11715        3.99342       13.70053
H          2.28868        4.99972       12.57744
H          3.16729        3.18659       10.78535
H          1.46528        1.18269       10.73020
H          1.85634        6.73547        7.23954
H          1.19575        8.21626        9.37061
H          2.57147        7.32945       11.45980
H          4.15206        5.33852       10.62581
H          3.69136        4.94351        8.03070
H         -2.28459        8.45306        9.11322
H         -0.85150        8.51649        8.10076
H         -2.34770        7.88843        7.45046
H         -3.64681        5.99621        9.85292
H         -3.53063        5.08763        8.35542
H         -2.88760        4.40809        9.84163
H          1.14515        3.02894        5.36795
H          0.21328        4.45726        5.77544
H          1.96657        4.49042        5.85785
H          0.13014        0.96316        7.34737
H         -0.45297        1.50326        8.91604
H         -1.19159        2.11364        7.45015
H         -0.21319        4.03084       10.34137
