109
CSD_code = NEJWUV | q = 0 | S = 0 | Stoichiometry = C43H57Cl2N5RuSi | MND = 6
Ru        10.33152       10.27679       15.62056
Cl         8.34069        8.94919       15.83442
Cl        12.32914       11.58924       15.78616
Si        10.00698       10.72184       13.33144
N         11.48017        8.51085       15.73978
N         10.44215       10.06855       17.47889
N          9.23593       11.93090       16.23220
N         10.18803       12.22326       12.45774
N          8.69968       10.28875       12.26064
C         11.76529        8.22438       16.97168
C         11.17601        9.07034       17.99329
C         11.26183        8.89332       19.37436
H         11.86311        8.10094       19.78848
C         10.55050        9.74860       20.20293
H         10.59623        9.62427       21.27382
C          9.77696       10.75910       19.65409
H          9.21153       11.42488       20.28496
C          9.74769       10.90511       18.26628
C          9.06438       11.94052       17.51778
C         11.90323        7.63433       14.70555
C         11.15557        6.47981       14.42494
C         11.53661        5.67514       13.36119
H         10.94915        4.79511       13.14180
C         12.64455        5.96437       12.58091
C         13.41302        7.06550       12.92390
H         14.31018        7.28308       12.36259
C         13.07603        7.89260       13.98448
C          9.98274        6.08013       15.26372
H          9.48039        5.21844       14.83115
H          9.26748        6.89535       15.35024
H         10.30245        5.81462       16.27155
C         13.03288        5.08852       11.42919
H         13.86777        4.44554       11.70924
H         13.34729        5.69129       10.57964
H         12.20270        4.45552       11.12599
C         14.01399        8.98085       14.39570
H         13.47747        9.85073       14.76175
H         14.64897        9.27646       13.56542
H         14.65611        8.62540       15.20377
C         12.63386        7.07673       17.38903
H         12.07506        6.38686       18.02050
H         13.47763        7.45419       17.96617
H         13.00955        6.53894       16.52224
C          8.22485       12.94592       18.24329
H          8.83209       13.51742       18.94426
H          7.45165       12.42723       18.80954
H          7.75184       13.62871       17.54178
C          8.78222       13.01505       15.43975
C          9.50005       14.22189       15.45850
C          9.12822       15.23931       14.59227
H          9.69658       16.15888       14.60484
C          8.05928       15.11055       13.72097
C          7.32548       13.93640       13.76306
H          6.46716       13.82447       13.11682
C          7.65425       12.89402       14.61534
C         10.64073       14.46277       16.40104
H         11.29941       15.23074       16.00316
H         11.22727       13.56309       16.56387
H         10.26842       14.80812       17.36661
C          7.67382       16.21942       12.79103
H          6.86133       16.80531       13.22295
H          7.32954       15.81421       11.84219
H          8.51326       16.88740       12.61144
C          6.73501       11.71652       14.68814
H          7.25172       10.80814       14.97827
H          6.25196       11.55539       13.72791
H          5.95696       11.90703       15.42994
C          9.19513       12.42382       11.52117
C          8.95013       13.56096       10.76634
H          9.59391       14.42206       10.83741
C          7.85144       13.59978        9.92535
H          7.66144       14.48639        9.33801
C          6.99075       12.51812        9.83951
H          6.12725       12.56533        9.19262
C          7.22390       11.37424       10.58321
H          6.53322       10.54907       10.51898
C          8.33121       11.31328       11.41653
C         11.22930       13.19530       12.68186
H         11.53655       13.11224       13.72623
H         10.82472       14.19880       12.53159
C         12.49393       13.01160       11.81181
C         13.13231       11.65675       12.10821
H         12.48537       10.84211       11.78990
H         13.31131       11.56081       13.17427
H         14.08154       11.56475       11.58474
C         12.17784       13.11121       10.31947
H         11.80949       14.10144       10.06276
H         11.42741       12.37851       10.03366
H         13.07797       12.92520        9.73679
C         13.47475       14.11980       12.20430
H         14.38915       14.04134       11.62086
H         13.72980       14.03821       13.25790
H         13.04072       15.10209       12.02861
C          8.07613        8.99033       12.22312
H          7.00203        9.09616       12.05122
H          8.20909        8.54693       13.21197
C          8.67015        8.01697       11.17468
C          8.15126        8.31963        9.76749
H          7.06794        8.22833        9.72524
H          8.57619        7.61430        9.05584
H          8.43004        9.32386        9.45958
C         10.19513        8.10373       11.16954
H         10.61265        7.31101       10.55323
H         10.58894        7.99806       12.17656
H         10.52507        9.05816       10.76672
C          8.24384        6.60194       11.57356
H          7.16020        6.53162       11.63766
H          8.66328        6.34212       12.54118
H          8.59190        5.87899       10.83912
