83
CSD_code = OMOBUO | q = 0 | S = 0 | Stoichiometry = C35H38BN6PRuSi | MND = 7
Ru        17.71610       14.39964        4.69498
H         17.36888       15.80645        4.20162
H         16.91368       13.53993        5.67151
Si        15.69852       15.56572        5.63922
P         16.67094       13.46041        2.85075
B         20.90293       14.01555        5.12771
H         22.06439       13.87841        5.30420
N         18.84944       12.63115        4.92542
N         20.17792       12.67214        5.01474
N         19.35492       15.05943        3.48320
N         20.60933       14.78920        3.84336
N         18.92429       15.05626        6.29372
N         20.23441       14.77801        6.27852
C         18.48516       11.35696        4.96157
H         17.45242       11.06564        4.92805
C         19.61341       10.54572        5.06290
H         19.64614        9.47689        5.10761
C         20.67106       11.42799        5.09625
H         21.72513       11.25508        5.17560
C         19.40726       15.77068        2.36280
H         18.51800       16.12169        1.87454
C         20.73552       15.95740        1.98269
H         21.09935       16.48529        1.12548
C         21.46770       15.31568        2.95797
H         22.52577       15.20247        3.07929
C         18.66193       15.67163        7.43942
H         17.67396       16.00467        7.68642
C         19.83258       15.80280        8.18637
H         19.94347       16.25693        9.14908
C         20.80764       15.21898        7.40960
H         21.85662       15.08965        7.58342
C         16.45755       14.45109        1.31820
C         16.00635       15.76098        1.45628
H         15.83455       16.15278        2.44899
C         15.80017       16.55464        0.34244
H         15.45041       17.56956        0.46325
C         16.04790       16.05106       -0.92434
H         15.89259       16.67059       -1.79534
C         16.49845       14.74985       -1.07010
H         16.69260       14.35157       -2.05573
C         16.70000       13.95059        0.04196
H         17.04718       12.93491       -0.08792
C         15.01160       12.67576        2.93529
C         14.21098       12.49962        1.81071
H         14.53806       12.86450        0.84796
C         12.98826       11.86131        1.92080
H         12.37177       11.73320        1.04281
C         12.55384       11.38765        3.14754
H         11.59846       10.89031        3.22777
C         13.34662       11.55860        4.27064
H         13.01088       11.19365        5.23039
C         14.56659       12.20049        4.16489
H         15.18409       12.36009        5.03796
C         17.62719       12.04531        2.17141
C         17.16983       10.73253        2.20177
H         16.17359       10.51522        2.56033
C         17.98584        9.69776        1.77774
H         17.61834        8.68211        1.80642
C         19.26808        9.95727        1.32663
H         19.90592        9.14658        1.00676
C         19.72974       11.26323        1.28374
H         20.72741       11.47505        0.92635
C         18.91514       12.29735        1.70142
H         19.27312       13.31694        1.65189
C         15.95083       17.41792        6.12951
C         17.14295       18.10504        5.92842
H         17.97806       17.59044        5.47102
C         17.28817       19.43149        6.29426
H         18.22934       19.93782        6.12854
C         16.22973       20.11114        6.87117
H         16.33823       21.14697        7.16019
C         15.02835       19.45217        7.06925
H         14.19217       19.97623        7.51131
C         14.89702       18.12525        6.70190
H         13.95124       17.62740        6.85541
C         14.11815       15.68007        4.51858
H         14.03266       16.66046        4.06093
H         13.22322       15.51705        5.10943
H         14.12016       14.94022        3.72454
C         14.99319       14.79171        7.27475
H         14.36025       15.49944        7.80097
H         15.78075       14.48425        7.95567
H         14.39417       13.91332        7.05511
