46
CSD_code = PADHEI | q = 0 | S = 0 | Stoichiometry = C15H24Br2FeO2Si2 | MND = 8
Br         0.59104        6.04437        2.78869
Br         2.95170        5.12903        5.31380
Fe         2.37526        2.84141        2.45459
Si         1.33839        4.16491        3.94160
Si        -0.41578        3.75086        5.48239
O         -0.21918        1.87998        1.62613
O          2.25533        0.75760        4.45075
C          0.79118        2.31873        1.95068
C          2.34099        1.61880        3.69460
C         -0.98006        5.37025        6.32225
C         -1.85183        2.96861        4.51143
C          0.24212        2.52944        6.78514
C          3.85839        4.37203        1.68682
C          3.02037        3.87260        0.64839
C          3.24905        2.45871        0.53084
C          4.16842        2.08066        1.54406
C          4.51025        3.25808        2.29230
C          4.14880        5.80949        1.95478
C          2.27361        4.71282       -0.33744
C          2.74902        1.58642       -0.57630
C          4.80810        0.73773        1.69861
C          5.59389        3.34198        3.31905
H         -0.16283        5.83876        6.86469
H         -1.34177        6.09006        5.59252
H         -1.78364        5.18899        7.03142
H         -2.69001        2.75304        5.16638
H         -2.21321        3.62608        3.72627
H         -1.55383        2.03310        4.04680
H         -0.52066        2.29999        7.52275
H          0.54744        1.59104        6.33148
H          1.09902        2.93213        7.31735
H          4.46845        5.97192        2.98046
H          4.95825        6.13156        1.29714
H          3.28657        6.43940        1.75231
H          2.94910        5.04125       -1.12878
H          1.46163        4.15233       -0.79400
H          1.85347        5.59610        0.13665
H          2.66947        0.55052       -0.25469
H          1.77172        1.91363       -0.92285
H          3.43987        1.63004       -1.42009
H          4.14068       -0.05583        1.37044
H          5.71652        0.69129        1.09548
H          5.08051        0.55002        2.73441
H          5.67963        2.41127        3.87442
H          6.54988        3.53732        2.83075
H          5.40567        4.14487        4.02692
