69
CSD_code = QARFEV | q = 0 | S = 0 | Stoichiometry = C21H43Cl2PRuSi | MND = 9
Ru         7.27755        8.61391        3.52609
Cl         8.80004        6.86139        4.07835
Cl         5.21967        9.57344        6.46596
P          9.22987       10.00489        3.58701
Si         6.80624        8.31531        5.86943
C          5.64150        9.08184        2.03843
C          5.20886        7.99069        2.87994
C          6.08303        6.90646        2.63524
C          7.00261        7.29461        1.58468
C          6.70672        8.61228        1.19593
C          4.79053       10.28506        1.76518
H          5.35180       11.07908        1.27722
H          4.35753       10.67376        2.68473
H          3.97332        9.99336        1.10091
C          3.89894        7.98004        3.60501
H          3.08862        8.08649        2.88068
H          3.82948        8.79981        4.31818
H          3.75440        7.04843        4.14533
C          5.92165        5.48486        3.07084
H          6.86244        5.08491        3.45009
H          5.62196        4.87777        2.21339
H          5.16578        5.38638        3.84480
C          7.88608        6.31217        0.88641
H          8.48467        6.78591        0.11222
H          7.26768        5.54164        0.42084
H          8.55180        5.81629        1.59495
C          7.17945        9.31435       -0.03953
H          6.47294        9.11415       -0.84928
H          8.15861        8.96158       -0.35347
H          7.22249       10.39272        0.10238
C         10.07996       10.07717        1.91531
H          9.26124       10.41370        1.26759
C         10.51213        8.69273        1.43372
H         11.51500        8.45199        1.77195
H         10.51445        8.65364        0.34443
H          9.83996        7.92618        1.81105
C         11.23143       11.06943        1.77506
H         11.55714       11.08454        0.73478
H         12.08220       10.77334        2.38189
H         10.94041       12.08032        2.04754
C          8.83436       11.81547        3.85490
H          9.78830       12.34994        3.88417
C          8.10917       12.02559        5.18178
H          8.05126       13.08880        5.41008
H          8.61284       11.52205        6.00202
H          7.09724       11.63112        5.12930
C          7.98650       12.37860        2.71992
H          7.63181       13.37327        2.98499
H          7.11799       11.74087        2.56520
H          8.54445       12.45800        1.78981
C         10.56736        9.71605        4.88903
H          9.98253        9.34056        5.73647
C         11.56533        8.62221        4.50670
H         12.11065        8.31226        5.39730
H         12.29159        8.98627        3.78480
H         11.06116        7.74914        4.10623
C         11.35186       10.94706        5.34912
H         12.08776       10.62241        6.08419
H         10.72465       11.69333        5.82540
H         11.89067       11.41323        4.52884
C          8.05930        8.63129        7.31264
H          7.56462        8.41879        8.25586
H          8.40518        9.65890        7.35559
H          8.92026        7.97550        7.23403
C          6.11103        6.58059        6.35768
H          6.04271        6.51247        7.43955
H          6.76157        5.78359        6.01477
H          5.11611        6.40839        5.96154
H          6.68602        9.94809        3.90143
