65
CSD_code = QEZKUB | q = 0 | S = 0 | Stoichiometry = C29H31NO2SiW | MND = 9
W          0.71469        1.83203        4.29541
Si         0.32151       -0.04888        2.61535
O          0.65444       -0.67349        6.15093
O          3.41639        1.22854        2.87716
N          2.07069        2.35231        6.00120
C          0.66857        0.22029        5.41358
C          2.42982        1.38748        3.46127
C          0.32509        4.12052        4.35059
C          0.19820        3.73275        3.00137
C         -0.91610        2.83908        2.89612
C         -1.49038        2.69852        4.20957
C         -0.72221        3.47312        5.10718
C          1.21628        5.21403        4.86127
C          0.96705        4.28421        1.83759
C         -1.61591        2.51704        1.61127
C         -2.82973        2.09580        4.50923
C         -1.14402        3.84107        6.50020
C          1.39450       -1.61455        2.79334
C          1.00716       -2.67574        3.60471
C          1.80780       -3.79260        3.76027
C          3.02119       -3.87349        3.09897
C          3.41952       -2.83286        2.27743
C          2.61172       -1.72040        2.12867
C         -1.45063       -0.75739        2.61888
C         -2.10956       -1.06417        3.80431
C         -3.37028       -1.63560        3.80219
C         -4.00584       -1.90622        2.60240
C         -3.36800       -1.60519        1.41080
C         -2.10453       -1.04133        1.42520
C          3.28480        2.87956        5.82795
C          4.07489        3.32938        6.87029
C          3.59459        3.24600        8.16805
C          2.33232        2.70318        8.35437
C          1.61529        2.27181        7.25348
H          0.54248        0.31292        1.17806
H          1.38179        5.13507        5.93576
H          2.18703        5.20321        4.36557
H          0.75432        6.18506        4.66728
H          1.93605        4.66912        2.15056
H          1.13294        3.51731        1.08255
H          0.41137        5.10299        1.37451
H         -2.26534        3.35339        1.34059
H         -0.90701        2.36405        0.80135
H         -2.22893        1.62401        1.70127
H         -2.86344        1.67941        5.51475
H         -3.60199        2.86607        4.43803
H         -3.07338        1.30375        3.80513
H         -0.30522        4.19143        7.10121
H         -1.88247        4.64611        6.46007
H         -1.60600        2.99635        7.01059
H          0.05874       -2.63102        4.11930
H          1.48536       -4.60335        4.39888
H          3.65020       -4.74449        3.21893
H          4.36203       -2.89089        1.75070
H          2.93002       -0.91670        1.48166
H         -1.62888       -0.84590        4.74741
H         -3.86063       -1.86827        4.73753
H         -4.99142       -2.34965        2.59608
H         -3.85655       -1.81466        0.46933
H         -1.61043       -0.81726        0.49088
H          3.64590        2.94787        4.81119
H          5.04995        3.74094        6.66322
H          4.18293        3.59003        9.00432
H          1.90712        2.60854        9.34110
H          0.63793        1.82795        7.38653
