113
CSD_code = SEDZEH | q = 0 | S = 0 | Stoichiometry = C37H70BFeP3Si | MND = 6
Fe         1.48374        6.31461       13.88713
B         -0.55114        9.21557       13.94909
P          0.64457        7.22269       15.73510
P         -0.48148        6.48727       12.84641
P          2.08208        8.32211       13.13971
Si         2.75318        4.55048       13.93723
H          2.70677        6.55144       14.61072
H          0.84070        5.12112       14.41771
H          1.90912        5.88533       12.56669
C          4.48197        4.34935       14.76887
H          4.67722        3.32088       15.06239
H          4.57531        4.98043       15.64736
H          5.26797        4.64516       14.07855
C          2.50340        2.83163       13.14663
C          2.97830        2.55369       11.86043
C          3.74386        3.58600       11.09222
H          4.07293        3.19076       10.13421
H          4.62049        3.90981       11.65033
H          3.12508        4.46042       10.90865
C          2.75944        1.30835       11.29133
H          3.13046        1.11060       10.29507
C          2.08158        0.31026       11.97324
C          1.84468       -1.03468       11.35793
H          2.36132       -1.80704       11.92708
H          2.20237       -1.06338       10.33188
H          0.78200       -1.27309       11.36445
C          1.63858        0.58116       13.25966
H          1.12419       -0.19175       13.81414
C          1.84291        1.81832       13.84957
C          1.32978        2.04942       15.23766
H          0.34190        2.50597       15.19291
H          1.98142        2.71384       15.80009
H          1.23960        1.10865       15.77650
C          1.94934        7.31844       17.09190
H          2.84149        7.61746       16.52927
C          1.73725        8.34499       18.19999
H          0.97023        8.03180       18.90087
H          1.45496        9.31303       17.79299
H          2.66575        8.47136       18.75771
C          2.24407        5.93288       17.65576
H          3.22602        5.91643       18.12902
H          2.23208        5.19959       16.84987
H          1.51158        5.64930       18.40631
C         -0.85098        6.42145       16.55642
H         -1.61824        6.60398       15.79379
C         -0.72837        4.91169       16.74901
H         -0.27175        4.66708       17.70417
H         -0.11560        4.47834       15.96200
H         -1.71291        4.44375       16.72675
C         -1.34315        7.05078       17.85834
H         -2.35956        6.70945       18.05695
H         -1.35983        8.13628       17.81592
H         -0.72573        6.74464       18.69944
C          0.03981        8.91566       15.47020
H         -0.70683        9.13524       16.23577
H          0.87740        9.59467       15.65024
C         -0.49568        6.67602       10.97325
H         -0.11069        7.69780       10.85942
C          0.45043        5.73408       10.23817
H          0.04391        4.72879       10.17348
H          1.40360        5.67846       10.75784
H          0.62725        6.09366        9.22419
C         -1.86987        6.62947       10.30920
H         -1.80569        7.07630        9.31665
H         -2.61830        7.17863       10.87393
H         -2.20566        5.60306       10.18495
C         -1.59772        5.02237       13.21410
H         -1.46467        4.93268       14.29678
C         -1.04316        3.75346       12.57479
H         -1.41695        2.86762       13.08848
H          0.04494        3.75156       12.62696
H         -1.34347        3.67937       11.53253
C         -3.09679        5.16150       12.95804
H         -3.34551        5.01506       11.91193
H         -3.46908        6.13517       13.26680
H         -3.62850        4.40174       13.53188
C         -1.43757        7.94732       13.36395
H         -2.02666        8.28623       12.50670
H         -2.15067        7.61821       14.12367
C          3.29008        9.22442       14.26318
H          2.86396        9.02061       15.25022
C          3.40284       10.74305       14.14106
H          4.16684       11.09196       14.83682
H          2.47082       11.23585       14.40676
H          3.69184       11.05833       13.14351
C          4.67546        8.58557       14.22672
H          5.24800        8.94447       13.37559
H          4.59056        7.50164       14.16733
H          5.23052        8.83867       15.13056
C          2.86986        8.29843       11.43479
H          2.04290        7.89307       10.83859
C          3.23498        9.66025       10.85150
H          4.14581       10.04789       11.30158
H          2.43472       10.38184       10.99614
H          3.41326        9.56193        9.78026
C          4.04175        7.32789       11.31115
H          4.11198        6.94571       10.29285
H          3.90492        6.48849       11.98967
H          4.98483        7.81264       11.54631
C          0.71244        9.49641       12.92947
H          1.11779       10.50101       13.05357
H          0.38099        9.41082       11.88997
C         -1.56970       10.47802       14.02891
C         -1.46084       11.62014       13.23810
H         -0.64830       11.70424       12.52960
C         -2.36575       12.66502       13.31740
H         -2.24204       13.53527       12.68539
C         -3.42895       12.60011       14.19912
H         -4.13813       13.41389       14.26620
C         -3.57485       11.47370       14.99020
H         -4.40641       11.40301       15.67992
C         -2.66172       10.44008       14.89823
H         -2.80857        9.56873       15.52430
