65
CSD_code = TEHSOQ | q = 0 | S = 0 | Stoichiometry = C27H33MnO2Si2 | MND = 10
Mn         4.89220        1.11967       10.89506
H          3.76520        0.49817       10.11019
Si         5.09066       -1.64723       10.66338
Si         5.10093        1.53254        8.15583
O          7.69938        0.58496       10.24441
O          3.77722       -1.11135        8.06690
C          6.55300        0.72227       10.40711
C          5.34676       -2.33311       12.45446
H          5.45850       -3.41233       12.43081
H          4.51520       -2.10126       13.11122
H          6.24926       -1.92460       12.89646
C          6.50615       -2.46033        9.62071
H          7.47966       -2.06244        9.88627
H          6.35461       -2.27843        8.56266
H          6.52758       -3.53595        9.77604
C          3.51279       -2.48689        9.95639
C          2.77858       -3.45583       10.62658
H          3.10668       -3.78577       11.59939
C          1.63000       -3.99226       10.07305
H          1.06570       -4.73879       10.61284
C          1.19928       -3.58182        8.82386
H          0.30450       -4.01819        8.41006
C          1.91168       -2.62869        8.11019
C          3.05530       -2.08925        8.69764
C          1.56888       -2.18216        6.70001
C          2.49464       -2.94604        5.73142
H          2.31259       -2.62323        4.70838
H          2.30985       -4.01586        5.80400
H          3.53761       -2.75756        5.97356
C          0.11586       -2.47334        6.32599
H         -0.56729       -1.94895        6.99017
H         -0.08180       -3.54033        6.38374
H         -0.07863       -2.16606        5.30196
C          3.05970       -0.26657        7.26245
C          1.91575       -0.70740        6.59845
C          1.20690        0.21252        5.83908
H          0.31170       -0.08432        5.31677
C          1.64166        1.52190        5.73452
H          1.07990        2.22396        5.13556
C          2.79117        1.93008        6.38676
H          3.12262        2.95211        6.29481
C          3.52200        1.04865        7.17164
C          6.51310        0.69791        7.12509
H          6.54681        1.10703        6.11862
H          6.34829       -0.37078        7.04599
H          7.48549        0.84741        7.58187
C          5.36838        3.43195        7.90017
H          6.27928        3.76010        8.38941
H          4.54563        4.02326        8.28754
H          5.46961        3.65816        6.84361
C          5.97561        2.32995       12.37073
C          5.31221        1.26313       12.98775
H          5.85125        0.64120       13.69611
C          3.93794        1.08558       12.81965
H          3.41371        0.32958       13.39514
C          3.21951        1.96640       12.00979
H          2.13717        1.89304       11.95365
C          3.88814        2.97286       11.30970
H          3.32437        3.68178       10.71183
C          5.26141        3.14711       11.48868
H          5.75985        3.99410       11.02723
C          7.40355        2.63956       12.71145
H          7.91220        3.12693       11.88026
H          7.95447        1.73550       12.96895
H          7.43462        3.31372       13.57220
