102
CSD_code = TUSFES | q = 0 | S = 0 | Stoichiometry = C33H63ClOsP2Si2 | MND = 8
Os         2.03210        8.72856       11.18384
H          1.37064        9.91267       10.32246
H          2.19121       10.03449       12.06835
H          1.66869        7.17843       11.37575
H          1.71482        8.51851       12.72645
H          3.23916        9.53127       10.52579
Cl        -1.56906        8.50214        9.53663
P          2.77048        8.34299        6.95583
P          4.22142        7.72082       12.12216
Si        -0.49083        8.68852       11.35349
Si         2.03122        7.57024        9.06288
H          2.85433        6.32496        8.89391
H          0.80829        6.99872        8.43942
C          5.47888        7.28175       10.81218
H          6.31480        6.75530       11.27845
H          4.95017        6.57346       10.17123
C          5.99281        8.42944        9.94518
H          5.18721        9.15097        9.79330
H          6.80538        8.94926       10.45636
C          6.51937        7.96433        8.58256
H          7.09160        8.77904        8.13075
H          7.20607        7.12770        8.73538
C          5.42355        7.52701        7.60547
H          4.78444        6.80016        8.10533
H          5.89555        7.02483        6.75797
C          4.57433        8.70220        7.10951
H          4.96518        9.10893        6.17305
H          4.61229        9.49759        7.85642
C          5.23349        8.83974       13.31020
C          5.19457       10.27063       12.76231
H          5.75730       10.92632       13.42681
H          4.17324       10.63934       12.71316
H          5.63424       10.34138       11.77159
C          4.55171        8.86453       14.67931
H          4.95794        9.68101       15.27646
H          4.71044        7.94171       15.23157
H          3.48162        9.03440       14.56450
C          6.70634        8.45526       13.46913
H          7.16831        9.16002       14.16114
H          7.24377        8.52472       12.52738
H          6.84512        7.46156       13.87691
C          4.04271        5.98647       12.93864
C          2.86159        5.98862       13.91354
H          2.78509        5.01230       14.39251
H          1.92477        6.17378       13.39272
H          2.97024        6.73727       14.69224
C          5.28010        5.47833       13.68134
H          5.10862        4.43785       13.95924
H          5.45922        6.03143       14.59880
H          6.17246        5.50463       13.06019
C          3.72324        4.97239       11.83277
H          3.34443        4.05735       12.28736
H          4.60589        4.71141       11.25226
H          2.95144        5.34619       11.16281
C          2.60086        7.12650        5.50207
C          2.89997        5.72761        6.04810
H          2.78110        4.99808        5.24764
H          2.20890        5.47184        6.84661
H          3.91682        5.64685        6.42067
C          3.56610        7.41881        4.35434
H          3.39073        6.69802        3.55635
H          4.59974        7.31137        4.67478
H          3.42891        8.41211        3.93997
C          1.15347        7.12015        5.01186
H          1.00457        6.27932        4.33510
H          0.89813        8.02616        4.46987
H          0.47093        7.00148        5.85157
C          2.03493       10.03586        6.52723
C          2.29959       10.50779        5.09746
H          1.92714       11.52639        4.99299
H          1.78752        9.89678        4.36007
H          3.36531       10.52177        4.87493
C          0.53139        9.95641        6.79777
H          0.07656       10.93079        6.62506
H          0.33472        9.67680        7.83104
H          0.03246        9.23978        6.15362
C          2.63320       11.07317        7.48281
H          2.03498       11.98194        7.43454
H          3.65306       11.33755        7.20891
H          2.61167       10.72769        8.51468
C         -1.46804       10.13519       12.15148
C         -2.80394        9.94758       12.49356
H         -3.26768        8.98860       12.30997
C         -3.54485       10.96703       13.06206
H         -4.58131       10.80058       13.32081
C         -2.95993       12.19936       13.30109
H         -3.53680       12.99723       13.74761
C         -1.63297       12.40296       12.96459
H         -1.16988       13.36299       13.14716
C         -0.89776       11.37842       12.39472
H          0.13903       11.54333       12.13546
C         -1.11953        7.15949       12.31985
C         -1.19063        7.20080       13.70919
H         -0.95085        8.12233       14.22227
C         -1.56321        6.08782       14.43962
H         -1.61443        6.14230       15.51846
C         -1.86924        4.90336       13.79015
H         -2.15964        4.03092       14.35882
C         -1.80077        4.84397       12.40884
H         -2.03857        3.92287       11.89445
C         -1.42623        5.96164       11.68456
H         -1.37465        5.90747       10.60613
