50
CSD_code = TUTWOU | q = 0 | S = 0 | Stoichiometry = C18H28O2SiW | MND = 10
W          4.45856        3.29272       11.26823
Si         5.61258        1.20134       12.16739
O          3.73979        5.51746       13.30881
O          7.08013        4.47031       12.45497
C          3.79157        1.43704       12.58115
C          3.36369        2.51694       13.36689
C          4.07802        2.82046       14.66881
C          1.87677        2.78765       13.45342
C          6.89915        1.08678       13.59576
C          5.83311       -0.48230       11.26460
C          6.11915        3.98540       12.02250
C          3.99729        4.64490       12.59336
C          2.81887        2.79912        9.59982
C          4.08740        2.31380        9.14819
C          4.96651        3.42791        9.02013
C          4.24374        4.60413        9.41511
C          2.90794        4.20240        9.75164
C          1.55642        1.98767        9.61907
C          4.30968        0.96272        8.53604
C          6.32033        3.41289        8.37488
C          4.70842        6.01778        9.21523
C          1.77663        5.13928       10.04948
H          3.02618        0.90711       12.01500
H          3.85134        2.02780       15.38410
H          3.73286        3.76024       15.09503
H          5.15475        2.87153       14.54159
H          1.37362        2.56385       12.51479
H          1.43631        2.16174       14.23233
H          1.68123        3.82556       13.71848
H          7.21684        2.06337       13.94410
H          6.50073        0.53882       14.44399
H          7.78323        0.56116       13.24910
H          6.66323       -0.44469       10.56702
H          6.05669       -1.25847       11.98943
H          4.94985       -0.78802       10.71759
H          1.71929        0.98764       10.02256
H          1.18053        1.87339        8.59928
H          0.77750        2.47316       10.20521
H          4.03433        0.99744        7.47851
H          3.69600        0.20072        9.01268
H          5.35179        0.65920        8.60159
H          6.22584        3.60038        7.30274
H          6.80789        2.44928        8.51035
H          6.96321        4.18240        8.79909
H          4.48478        6.34718        8.19791
H          4.21301        6.69515        9.90873
H          5.78304        6.09872        9.37236
H          1.00795        4.65884       10.65259
H          1.31528        5.47526        9.11797
H          2.12714        6.01805       10.58810
