72
CSD_code = WAQGAW | q = 0 | S = 0 | Stoichiometry = C30H38ClPRuSi | MND = 9
Ru         4.83827        0.82837        1.70069
Cl         5.48087       -1.66720       -1.01566
P          6.03673        1.53513        3.51844
Si         5.84136       -1.28092        1.02771
C          3.02461        0.70976        0.39601
C          3.98265        1.58714       -0.19305
C          4.17560        2.70000        0.70398
C          3.30716        2.52494        1.81932
C          2.62217        1.28694        1.65007
C          2.30869       -0.40544       -0.30408
H          1.46900        0.00446       -0.87153
H          1.91801       -1.13107        0.40696
H          2.97145       -0.92275       -0.99384
C          4.43181        1.54412       -1.62095
H          3.65575        1.98374       -2.25266
H          4.60436        0.52109       -1.94773
H          5.35049        2.10919       -1.76406
C          4.87225        3.97591        0.33509
H          5.16451        4.54577        1.21542
H          4.19958        4.59396       -0.26533
H          5.76835        3.78212       -0.25162
C          2.96610        3.56763        2.84113
H          2.03537        4.06261        2.55143
H          3.74575        4.32403        2.90512
H          2.82476        3.13799        3.83264
C          1.42112        0.84726        2.43479
H          0.51856        1.16588        1.90694
H          1.40543        1.29289        3.42772
H          1.38429       -0.23605        2.53878
C          6.74299        3.19986        3.28089
C          6.27050        4.32920        3.94087
H          5.50116        4.23506        4.69490
C          6.78606        5.57868        3.63851
H          6.41140        6.45085        4.15527
C          7.77347        5.71336        2.67745
H          8.17222        6.68972        2.44479
C          8.24274        4.59266        2.00900
H          9.00896        4.69505        1.25433
C          7.72464        3.34578        2.30182
H          8.06516        2.46751        1.76792
C          5.26904        1.68163        5.17644
C          3.98059        1.22470        5.40914
H          3.42784        0.77728        4.59443
C          3.42031        1.31801        6.67204
H          2.41489        0.96136        6.84454
C          4.15060        1.86345        7.71333
H          3.71507        1.93935        8.69875
C          5.44764        2.30231        7.49296
H          6.02373        2.71533        8.30822
C          6.00789        2.20866        6.23379
H          7.02275        2.54143        6.06291
C          7.47519        0.55101        4.08031
C          8.76467        1.03157        4.26497
H          9.00560        2.05992        4.03643
C          9.75312        0.18708        4.74399
H         10.75709        0.56341        4.87731
C          9.46110       -1.12924        5.05527
H         10.23707       -1.78114        5.42819
C          8.17070       -1.60883        4.88836
H          7.93862       -2.63480        5.13282
C          7.18484       -0.77299        4.40220
H          6.17387       -1.12973        4.25113
C          5.17965       -2.94696        1.76551
H          5.58567       -3.79428        1.22025
H          4.09673       -3.00808        1.70836
H          5.46148       -3.05406        2.80796
C          7.76534       -1.52261        1.01987
H          8.02340       -2.52321        0.68375
H          8.19078       -1.37888        2.00769
H          8.24473       -0.81596        0.34841
H          6.19089        1.18179        1.05538
H          4.31805       -0.19157        2.73111
