65
CSD_code = XECGIW | q = 0 | S = 0 | Stoichiometry = C18H38FeO2Si6 | MND = 8
Fe         3.20424        2.31474        1.82672
Si         1.21558        3.08100        2.60505
Si         0.00404        1.56787        4.00739
Si        -1.94737        2.52169        4.97755
Si        -3.28528        3.72133        3.42168
Si        -2.13240        5.13935        1.90124
Si        -0.18308        4.13723        0.97704
O          4.45619        2.52782        4.42265
O          4.27653        4.98313        1.54092
C          1.50640        4.54469        3.82899
H          0.56851        4.92620        4.21683
H          2.02090        5.36938        3.34888
H          2.11095        4.24137        4.67623
C         -0.61928        0.05856        3.00240
H         -1.23050       -0.59561        3.61555
H          0.19084       -0.54258        2.60543
H         -1.23265        0.37927        2.16647
C          1.21538        0.83970        5.30699
H          0.75634        0.06586        5.91638
H          1.56035        1.62173        5.97596
H          2.09620        0.40955        4.83610
C         -1.44415        3.70698        6.39474
H         -2.31068        4.11343        6.90665
H         -0.87190        4.54469        6.01139
H         -0.83040        3.20956        7.13887
C         -2.99779        1.15403        5.83593
H         -3.87446        1.56550        6.32940
H         -2.42599        0.61420        6.58639
H         -3.34566        0.42851        5.10700
C         -4.21022        2.41507        2.36629
H         -4.80485        1.74528        2.97907
H         -3.50417        1.80602        1.81106
H         -4.87908        2.87471        1.64582
C         -4.66421        4.70149        4.33763
H         -5.26372        4.05805        4.97629
H         -5.34176        5.19301        3.64433
H         -4.22825        5.47092        4.96765
C         -3.31792        5.70772        0.49335
H         -4.19832        6.21211        0.88304
H         -3.66082        4.85378       -0.08282
H         -2.83002        6.39194       -0.19613
C         -1.65388        6.75373        2.81287
H         -2.52722        7.28035        3.18441
H         -1.11227        7.43726        2.16692
H         -1.01722        6.54105        3.66467
C          0.88790        5.36228       -0.04219
H          1.77175        4.87720       -0.44978
H          1.23227        6.17395        0.59083
H          0.34139        5.80271       -0.87181
C         -0.83216        2.85899       -0.29635
H         -0.03770        2.41483       -0.88519
H         -1.52676        3.31719       -0.99285
H         -1.36284        2.05423        0.20223
C          3.89863        2.42041        3.42274
C          3.78655        3.94671        1.63038
C          2.80093        1.59466       -0.25810
H          2.43086        2.14295       -1.10918
C          2.03038        0.77244        0.59224
H          0.96563        0.63097        0.54302
C          2.91671        0.11980        1.47626
H          2.65028       -0.65320        2.17871
C          4.24469        0.46578        1.10694
H          5.14371        0.03198        1.51270
C          4.17330        1.37481        0.03828
H          5.00775        1.76295       -0.52218
