37
CSD_code = YACPIE | q = 0 | S = 0 | Stoichiometry = C13H5F15FeO2Si | MND = 8
Fe         6.65501        7.89885        2.29475
Si         7.46736        9.71034        3.32462
F          8.82163        8.19289        5.09395
F          9.10916       10.30008        5.56050
F         10.30540        8.53517        2.77940
F         11.35156        8.83360        4.63253
F         10.82463       10.52360        3.41809
F          9.01579       10.83441        1.35528
F          8.66146       12.25166        2.95829
F          7.37005       12.44699        0.27040
F          6.24440       12.78969        2.06622
F          6.08293       10.90602        1.02740
F          6.74492       11.87209        5.02585
F          5.15571       11.05453        3.79035
F          4.86825       10.50688        6.49870
F          5.03927        8.81544        5.17398
F          6.68105        9.35692        6.44396
O          6.42844        6.31862        4.70442
O          3.88502        8.71453        2.43560
C          7.02642        6.05376        1.18842
H          6.79449        5.04224        1.48075
C          8.26784        6.71104        1.38392
H          9.14494        6.28413        1.83747
C          8.22009        7.94441        0.69159
H          9.05260        8.60723        0.54278
C          6.93933        8.07372        0.10592
H          6.63175        8.85223       -0.56979
C          6.20527        6.89741        0.39983
H          5.24030        6.63964       -0.00589
C          6.52539        6.99385        3.79897
C          4.98565        8.44571        2.42304
C          9.03228        9.42604        4.53612
C         10.40529        9.34388        3.85350
C          8.07182       11.27441        2.23904
C          6.93942       11.88725        1.39674
C          6.24687       10.71579        4.54181
C          5.70602        9.86687        5.69801
