71
CSD_code = YOTNAW | q = 0 | S = 0 | Stoichiometry = C28H39NbSi3 | MND = 13
Nb         6.45322        4.85586        3.69092
Si         8.79833        5.93038        2.67667
Si         3.62068        7.63582        3.57487
Si         8.10680        1.40804        4.55325
C          9.74078        6.97608        3.96131
C         11.04231        6.66556        4.34871
C         11.69769        7.39271        5.32664
C         11.06196        8.45788        5.94137
C          9.76835        8.78670        5.56982
C          9.11880        8.05117        4.59537
C          8.20109        7.07441        1.26672
C          8.51123        8.43016        1.19331
C          7.98118        9.23682        0.20055
C          7.13051        8.70014       -0.74967
C          6.82092        7.34975       -0.70453
C          7.34860        6.55057        0.29284
C          3.99082        5.80679        3.32248
C          3.55500        4.72177        4.09734
C          3.78522        3.52580        3.39665
C          4.36763        3.83953        2.17035
C          4.56150        5.24976        2.12531
C          4.64767        8.65443        2.32684
C          1.75539        7.90703        3.25219
C          4.01226        8.16975        5.37004
C          7.47792        3.07397        5.17009
C          8.27755        4.19289        5.52477
C          7.46604        5.15192        6.15531
C          6.15305        4.64137        6.20490
C          6.16150        3.36818        5.60963
C          8.63445        0.36949        6.06981
C          9.59989        1.68888        3.39806
C          6.69918        0.50977        3.62391
H          6.43855        6.47452        3.95215
H          6.99305        3.81286        2.52124
H          9.86161        5.07822        2.06162
H         11.54988        5.83974        3.87080
H         12.70732        7.13084        5.61088
H         11.57063        9.02847        6.70505
H          9.26627        9.61848        6.04430
H          8.10546        8.31071        4.31747
H          9.17789        8.85789        1.92786
H          8.23163       10.28759        0.16800
H          6.71220        9.32797       -1.52302
H          6.16402        6.92350       -1.45027
H          7.10688        5.49251        0.32192
H          3.05861        4.79820        5.05398
H          3.50164        2.53629        3.72422
H          4.57776        3.15048        1.36327
H          4.71156        5.81912        1.21213
H          4.64293        9.71038        2.57875
H          4.25270        8.56064        1.31905
H          5.68316        8.31988        2.30441
H          1.49287        8.95288        3.37221
H          1.14353        7.33250        3.94059
H          1.48047        7.61070        2.24485
H          3.81516        9.22749        5.51631
H          5.05663        7.99091        5.61327
H          3.40451        7.62528        6.08773
H          9.35225        4.25531        5.41691
H          7.80973        6.07621        6.60168
H          5.31973        5.09772        6.72608
H          5.34000        2.66200        5.62613
H          9.42317        0.86252        6.62933
H          9.00801       -0.60021        5.75785
H          7.80641        0.19986        6.75135
H          9.33447        2.34539        2.57334
H          9.95564        0.75153        2.98183
H         10.42957        2.14569        3.92915
H          6.29332        1.13831        2.83488
H          5.88386        0.24230        4.29067
H          7.05432       -0.40744        3.16440
