98
CSD_code = YUVRUC | q = 0 | S = 0 | Stoichiometry = C37H54P2RuS3Si | MND = 8
Ru        -0.35585        9.07475        2.94252
S          3.85675        9.65319        3.14857
S          2.01143        8.71184        5.68773
S          2.38012        6.46205        2.81422
P         -0.05351       11.25474        3.59243
P          0.07797        9.45160        0.72602
Si         1.89465        8.57302        3.45108
C         -1.39483        7.08759        2.79970
C         -0.96355        7.21723        4.15446
C         -1.57418        8.37448        4.71735
C         -2.46861        8.92029        3.72693
C         -2.37476        8.11708        2.55917
C         -1.20829        5.83481        1.99274
C         -0.26813        6.15773        4.94750
C         -1.62745        8.62181        6.19678
C         -3.58418        9.88639        3.99849
C         -3.40601        8.09464        1.47023
C          4.30751        9.63697        1.43662
C          4.19426        8.51210        0.63233
C          4.59018        8.57119       -0.69016
C          5.12342        9.73346       -1.23315
C          5.25504       10.84595       -0.41056
C          4.85229       10.80350        0.90929
C          5.57605        9.77280       -2.66170
C          3.55994        8.05948        6.26606
C          3.58465        6.81207        6.86824
C          4.75876        6.34264        7.42481
C          5.91936        7.10328        7.38671
C          5.87935        8.34592        6.76597
C          4.70919        8.83167        6.21736
C          7.18378        6.62074        8.03115
C          3.75983        5.81055        3.72211
C          3.58379        4.59682        4.37213
C          4.65723        3.98028        4.98155
C          5.91954        4.56108        4.96063
C          6.07292        5.78619        4.32677
C          5.00897        6.40837        3.70186
C          7.08934        3.85548        5.57728
C          0.65262        7.99730       -0.23030
C         -1.28818       10.01307       -0.37914
C          1.32423       10.68872        0.19334
C          1.55611       12.12300        3.46740
C         -0.36734       11.63350        5.35768
C         -1.15013       12.50445        2.79798
H         -1.73685        5.01073        2.47783
H         -1.60636        5.94187        0.98576
H         -0.15462        5.56810        1.92371
H         -1.02457        5.52016        5.41347
H          0.36019        5.53769        4.31417
H          0.34222        6.59201        5.73599
H         -2.12138        7.77389        6.67764
H         -0.62748        8.70892        6.61846
H         -2.19079        9.51911        6.43843
H         -4.44056        9.33878        4.40117
H         -3.30128       10.64503        4.72582
H         -3.90721       10.38677        3.08669
H         -4.29152        7.57203        1.84253
H         -3.71144        9.09712        1.17558
H         -3.05244        7.56124        0.59021
H          3.80048        7.59259        1.03483
H          4.49102        7.69004       -1.30841
H          5.67694       11.75849       -0.80790
H          4.95443       11.66941        1.54591
H          5.58653       10.79289       -3.03898
H          6.58710        9.37187       -2.74325
H          4.92616        9.16842       -3.29141
H          2.68426        6.21742        6.90805
H          4.76777        5.37240        7.90082
H          6.77463        8.95016        6.72414
H          4.68257        9.80508        5.75347
H          7.13955        5.55237        8.22521
H          8.04411        6.83189        7.39900
H          7.33613        7.13412        8.98146
H          2.60766        4.13501        4.38170
H          4.51403        3.02927        5.47577
H          7.04351        6.26065        4.30401
H          5.15882        7.35203        3.20276
H          6.80664        3.38275        6.51592
H          7.44727        3.07337        4.90610
H          7.90799        4.54651        5.75985
H          0.90540        8.28219       -1.25130
H          1.52407        7.57337        0.26417
H         -0.13415        7.24595       -0.24372
H         -0.87845       10.30836       -1.34473
H         -2.00162        9.20796       -0.52732
H         -1.79901       10.86139        0.07367
H          1.50358       10.59919       -0.87809
H          0.95552       11.68871        0.41714
H          2.25814       10.52099        0.72234
H          1.41961       13.18085        3.69330
H          2.23232       11.67751        4.19545
H          1.99220       12.01026        2.47925
H         -0.10115       12.67059        5.56265
H         -1.41343       11.47425        5.60418
H          0.25120       10.96972        5.96062
H         -1.04365       13.47237        3.28731
H         -0.88381       12.59477        1.74592
H         -2.18413       12.17259        2.86970
