64
CSD_code = ZONDAH | q = 0 | S = 0 | Stoichiometry = C31H28ClFeOPSi | MND = 8
Fe         3.85572        1.63889        2.83877
Cl         1.58159        2.42396        5.42537
P          4.78386        0.35643        4.30464
Si         1.77094        1.45554        3.59088
O          3.20017       -0.61735        1.16863
C          3.44653        0.27323        1.86013
C          5.61258        2.86182        2.62713
C          5.00237        2.71881        1.36846
C          3.69837        3.26620        1.45081
C          3.53041        3.80539        2.75060
C          4.68880        3.52173        3.48884
C          0.78331       -0.16694        3.90074
C          6.08900       -0.72896        3.61610
C          6.67649       -1.72098        4.39946
C          7.65465       -2.53802        3.86556
C          8.05374       -2.37603        2.54748
C          7.47204       -1.39379        1.76425
C          6.49328       -0.57283        2.29737
C          3.85591       -0.92704        5.21507
C          3.44696       -2.03256        4.46973
C          2.71591       -3.04368        5.06099
C          2.37359       -2.95678        6.40196
C          2.76947       -1.85802        7.14473
C          3.50846       -0.84453        6.55731
C          5.68429        1.22769        5.63501
C          7.06157        1.15181        5.80724
C          7.67748        1.88769        6.80551
C          6.92975        2.70746        7.63325
C          5.55948        2.80680        7.44939
C          4.94033        2.08145        6.44872
C          0.65034        2.42989        2.39593
C          0.59671        2.03976        1.06217
C         -0.18881        2.71674        0.14864
C         -0.93587        3.81062        0.55538
C         -0.89284        4.21372        1.87837
C         -0.10687        3.52601        2.78693
H          6.63700        2.62831        2.87315
H          5.46405        2.33582        0.47355
H          3.01476        3.39400        0.62796
H          2.68642        4.37967        3.08969
H          4.90880        3.87976        4.47994
H          6.36013       -1.84687        5.42651
H          8.10693       -3.30546        4.47670
H          8.81572       -3.01884        2.13205
H          7.77847       -1.27015        0.73587
H          6.02121        0.19022        1.69447
H          3.71175       -2.09014        3.42260
H          2.40690       -3.89848        4.47779
H          1.79801       -3.74437        6.86517
H          2.50279       -1.78725        8.18907
H          3.81687        0.00443        7.14849
H          7.65797        0.52219        5.16240
H          8.74830        1.82164        6.93380
H          7.41514        3.27719        8.41192
H          4.97268        3.45860        8.07994
H          3.87802        2.18544        6.27752
H          1.18660        1.19369        0.74195
H         -0.21825        2.39605       -0.88343
H         -1.54796        4.34563       -0.15656
H         -1.47314        5.06574        2.20348
H         -0.08153        3.84725        3.81805
H         -0.28332        0.03792        3.90285
H          0.98068       -0.89328        3.12133
H          1.03810       -0.62028        4.85192
