81
CSD_code = GINJOC | q = 0 | S = 0 | Stoichiometry = C25H47Cl2HfNOSi4 | MND = 9
Hf         3.55766        4.74797       10.95294
Cl         2.39836        2.76379       10.38507
Cl         4.13903        4.93890        8.68494
Si         7.47384        4.50913       12.41817
Si         8.73466        4.67100       14.43753
Si         7.00752        2.26276       11.78552
Si         8.17166        5.88348       10.57881
O          5.30491        5.36247       11.37354
N          3.93097        3.73021       12.87279
C          2.95471        7.08027       12.02592
C          2.20876        6.16946       12.80720
C          1.35133        5.43915       11.94210
C          1.55791        5.90938       10.61214
C          2.57133        6.92368       10.66678
C          3.83439        8.18921       12.52571
C          2.16004        6.14163       14.30827
C          0.26132        4.49441       12.36689
C          0.73965        5.54786        9.39956
C          2.97823        7.84360        9.54811
C          3.20414        2.83378       13.55064
C          3.34026        2.63349       14.90534
C          4.25939        3.42018       15.60900
C          5.01494        4.33749       14.92319
C          4.85227        4.46527       13.53359
C          5.68937        5.31229       12.70734
C          8.20021        3.68286       16.00345
C         10.45086        3.98135       13.96845
C          8.96519        6.49246       15.00250
C          6.54966        1.11813       13.26091
C          5.62240        2.12716       10.48016
C          8.62025        1.53897       11.05047
C         10.07547        6.09028       10.69719
C          7.79348        5.06562        8.89440
C          7.40357        7.63773       10.59467
H          4.10979        8.03876       13.56778
H          3.30665        9.14313       12.45498
H          4.74354        8.27160       11.93127
H          3.11406        6.43494       14.74464
H          1.90738        5.15086       14.68382
H          1.40020        6.83720       14.67165
H          0.42049        4.14768       13.38626
H          0.21243        3.62451       11.71258
H         -0.70758        4.99691       12.33183
H          0.21155        4.60880        9.55589
H          1.36744        5.44176        8.51221
H         -0.00196        6.32477        9.19844
H          4.06061        7.97943        9.51995
H          2.52028        8.82637        9.68782
H          2.66089        7.45302        8.58358
H          2.49479        2.27030       12.95682
H          2.73789        1.89718       15.41125
H          4.36701        3.30632       16.67697
H          5.73084        4.96924       15.42216
H          5.82135        6.30953       13.13701
H          7.62952        4.28685       16.70252
H          9.06765        3.30709       16.53917
H          7.58858        2.82659       15.73791
H         10.85238        4.48063       13.09440
H         10.39137        2.92243       13.73895
H         11.17170        4.09928       14.77163
H          9.38889        7.08964       14.20132
H          9.62952        6.57623       15.85806
H          8.01942        6.94924       15.28035
H          5.67739        1.47395       13.80094
H          7.37009        1.04846       13.96842
H          6.32993        0.10988       12.92008
H          5.28523        3.12805       10.18698
H          4.76026        1.57593       10.85188
H          5.95553        1.62915        9.57267
H          8.95040        2.09127       10.17715
H          8.49251        0.50298       10.75251
H          9.42589        1.57001       11.77633
H         10.38077        6.58277       11.61411
H         10.45372        6.68134        9.87000
H         10.57362        5.12744       10.65903
H          8.21868        4.06840        8.82673
H          8.19567        5.64787        8.06885
H          6.72210        4.98090        8.73892
H          7.55675        8.14587       11.54300
H          6.33492        7.55115       10.42516
H          7.81393        8.26990        9.81148
