144
CSD_code = LINZUD | q = 0 | S = 0 | Stoichiometry = C51H81N7Si4Zr | MND = 8
Zr        -0.55206       11.79561       12.65062
Si        -0.16079        7.69225       12.81313
Si        -2.48935        7.27586       12.42130
Si         1.27293        6.06251       11.80035
Si         0.23673        7.59355       15.16778
N         -0.34019       12.89559       10.78214
N          0.61036       12.03228       14.65929
N         -2.16155       13.12976       13.41765
N          0.64702       10.19110       11.67889
N         -2.19737       12.43434        9.43538
N          2.04413       13.78485       13.99850
N         -3.56868       11.64317       14.57668
C         -1.41098       12.17161       10.51363
C          1.12826       12.81617       13.73569
C         -2.50210       11.90774       13.78501
C         -0.11204        9.57790       12.52501
C         -3.23559       11.49887        9.07486
C         -2.11437       13.55859        8.52137
C          2.66842       14.47074       12.88930
C          2.46468       14.28967       15.29236
C         -3.82836       10.27124       14.94452
C         -4.42164       12.57814       15.28605
C          0.35723       13.83715       10.01236
C          1.07539       13.47313        8.85816
C          1.87270       14.41553        8.22483
C          1.97229       15.71163        8.69268
C          1.24944       16.08133        9.81410
C          0.44809       15.16708       10.47329
C          1.00244       12.09039        8.28029
C         -0.36493       15.56784       11.66485
C          1.08616       11.80711       15.96082
C          0.27252       12.00008       17.09081
C          0.76430       11.70273       18.35323
C          2.03561       11.19116       18.52890
C          2.81700       10.93985       17.41490
C          2.36041       11.23018       16.14200
C         -1.13165       12.51545       16.97003
C          3.19428       10.88329       14.94635
C         -2.89875       14.31769       13.42115
C         -4.05003       14.43103       12.61024
C         -4.69341       15.65067       12.49716
C         -4.23207       16.77088       13.16639
C         -3.10210       16.66625       13.95514
C         -2.42603       15.46372       14.08886
C         -4.57759       13.23650       11.87081
C         -1.21242       15.40586       14.97240
C          1.41657        9.69379       10.62750
C          0.81660        8.97996        9.57135
C          1.59337        8.57735        8.49520
C          2.94504        8.85818        8.43414
C          3.51628        9.62585        9.43370
C          2.76674       10.07038       10.51074
C         -0.66101        8.73029        9.53162
C          3.39858       10.96474       11.53229
C         -2.83272        5.87455       11.15319
C         -3.42227        6.66041       13.97988
C         -3.44815        8.81765       11.77999
C          1.23192        4.49929       12.91144
C          0.87765        5.41197       10.03929
C          3.10029        6.63368       11.75144
C          2.10874        7.62499       15.58347
C         -0.40157        5.99340       16.00777
C         -0.66496        9.02241       16.05951
H         -3.00633       11.02366        8.11410
H         -4.19992       12.00732        8.97772
H         -3.31634       10.73075        9.83950
H         -3.12741       13.88483        8.27242
H         -1.59842       13.29226        7.59385
H         -1.59181       14.38902        8.98629
H          3.75541       14.34094       12.92901
H          2.45534       15.54384       12.92224
H          2.29692       14.06602       11.94735
H          2.48643       15.38223       15.25476
H          3.46364       13.93493       15.56643
H          1.76573       13.98291       16.06544
H         -3.74712       10.14374       16.02921
H         -3.10569        9.62565       14.44922
H         -4.84148        9.98288       14.64701
H         -4.36030       12.38378       16.36153
H         -5.46516       12.46247       14.97820
H         -4.11326       13.60216       15.10099
H          2.42023       14.11924        7.34068
H          2.59684       16.43035        8.18350
H          1.30147       17.09810       10.17837
H          0.72509       12.13257        7.22706
H          0.28005       11.47783        8.81151
H          1.97399       11.60231        8.34459
H         -0.25821       14.81506       12.45294
H         -1.42364       15.62232       11.40276
H         -0.05997       16.54389       12.03542
H          0.13005       11.87489       19.21223
H          2.40639       10.97158       19.51902
H          3.80063       10.50652       17.53580
H         -1.43202       12.55601       15.92603
H         -1.21428       13.51125       17.40629
H         -1.81262       11.85993       17.51201
H          3.99798       10.20577       15.22678
H          3.64054       11.76921       14.49601
H          2.55842       10.40656       14.19716
H         -5.57339       15.72387       11.87277
H         -4.74699       17.71493       13.07015
H         -2.73137       17.53467       14.48204
H         -3.75592       12.58069       11.57743
H         -5.12536       13.55370       10.98567
H         -5.25908       12.66170       12.49853
H         -0.64320       14.49548       14.78964
H         -1.51200       15.42449       16.02108
H         -0.57468       16.27089       14.79728
H          1.12166        8.04248        7.68254
H          3.53888        8.51573        7.60045
H          4.55994        9.90045        9.37257
H         -1.18477        9.44439       10.16777
H         -0.89619        7.72300        9.86866
H         -1.02174        8.83530        8.50916
H          2.63064       11.57438       12.01783
H          4.13011       11.61614       11.05692
H          3.91591       10.37548       12.28897
H         -2.52625        6.13205       10.14434
H         -3.89069        5.62956       11.11380
H         -2.30424        4.96865       11.43396
H         -3.23785        7.28182       14.84882
H         -3.10885        5.65141       14.22735
H         -4.49705        6.63106       13.82046
H         -2.90334        9.74127       12.01087
H         -4.43929        8.89929       12.21692
H         -3.58074        8.75823       10.70360
H          1.66541        4.69905       13.88552
H          1.78981        3.67827       12.47011
H          0.21506        4.15287       13.06851
H         -0.15200        5.07939        9.95569
H          1.51114        4.56463        9.78761
H          1.04588        6.17422        9.28700
H          3.42632        6.98211       12.72663
H          3.23824        7.44838       11.04833
H          3.76871        5.82954       11.45476
H          2.49025        6.62143       15.74883
H          2.31286        8.20689       16.47772
H          2.68681        8.06061       14.77600
H         -1.48304        5.92779       15.99214
H         -0.09039        5.95427       17.04830
H         -0.01585        5.10372       15.52313
H         -1.66237        8.72161       16.36457
H         -0.75722        9.88754       15.40130
H         -0.13631        9.33992       16.95329
