136
CSD_code = RIJREK | q = 0 | S = 0 | Stoichiometry = C32H86NNbO4Si12 | MND = 5
Nb        16.89687        5.10352        7.85239
Si        16.85224        5.78404        4.47212
Si        16.92055        8.17514        4.56007
Si        14.75421        4.73214        3.94840
Si        18.49224        4.90060        2.98231
Si        13.96868        4.70115        9.35837
Si        14.92447        4.54547       11.52778
Si        12.43491        2.95406        8.93592
Si        13.45336        6.93256        8.69262
Si        19.80708        4.92414        9.52138
Si        20.71675        5.18144        7.33776
Si        20.47679        2.98236       10.66822
Si        19.94504        6.97957       10.70047
O         17.07622        5.20547        5.97361
O         15.28095        4.33643        8.46651
O         18.28780        4.61890        9.05077
O         16.68441        6.73783        8.26388
N         17.09634        2.65345        7.37262
C         18.38270        8.83394        3.49247
H         19.35425        8.61129        3.92216
H         18.31679        9.91295        3.39023
H         18.36093        8.41635        2.49108
C         17.07064        9.07499        6.24650
H         16.37067        9.90165        6.33890
H         18.07034        9.47076        6.40543
H         16.86387        8.37940        7.05912
C         15.37849        8.88845        3.66110
H         15.27536        8.46082        2.66886
H         15.47161        9.96353        3.53960
H         14.45463        8.70055        4.19711
C         13.50056        5.82724        2.99898
H         13.19981        6.70647        3.55723
H         12.60191        5.26732        2.75878
H         13.92793        6.16738        2.06173
C         13.84986        4.06333        5.50897
H         14.50955        4.13652        6.37332
H         13.55733        3.02043        5.41112
H         12.95832        4.63587        5.74387
C         14.90857        3.16943        2.82135
H         15.36199        3.41516        1.86679
H         13.92630        2.75473        2.60987
H         15.50281        2.37803        3.26933
C         20.29984        5.56319        2.97586
H         20.31327        6.63833        2.82722
H         20.86926        5.12241        2.16051
H         20.83502        5.35424        3.89666
C         17.81487        5.41745        1.26638
H         16.78400        5.11040        1.12463
H         18.39853        4.98556        0.46008
H         17.84525        6.49495        1.14414
C         18.67743        2.98082        2.89827
H         18.85896        2.54293        3.87541
H         19.50257        2.68596        2.25447
H         17.77895        2.52254        2.49731
C         16.55049        5.55617       11.62540
H         16.88642        5.76511       10.60690
H         17.35136        5.02338       12.13175
H         16.41318        6.51214       12.12182
C         15.37572        2.72251       11.98488
H         14.48413        2.13743       12.19008
H         16.01050        2.66167       12.86560
H         15.89578        2.23615       11.16339
C         13.77460        5.15389       12.93464
H         13.48542        6.19024       12.80038
H         14.25904        5.07049       13.90127
H         12.86510        4.56570       12.97498
C         10.98811        3.27705        7.71242
H         10.50507        4.22225        7.94018
H         10.23137        2.50170        7.79537
H         11.30452        3.31235        6.67575
C         11.54139        2.57704       10.58825
H         12.23085        2.30310       11.37931
H         10.82615        1.76778       10.48167
H         10.99299        3.45036       10.92577
C         13.26488        1.30971        8.37172
H         13.85869        1.47189        7.47624
H         12.54815        0.52235        8.15346
H         13.93725        0.94015        9.14118
C         14.34757        8.21083        9.81005
H         14.10873        8.07045       10.86075
H         14.09671        9.23615        9.54976
H         15.41972        8.08448        9.68775
C         11.57304        7.28785        8.87131
H         10.97262        6.68311        8.20142
H         11.35148        8.32699        8.65772
H         11.23718        7.08534        9.88173
C         13.90465        7.31878        6.86671
H         14.84768        6.81440        6.64530
H         14.05664        8.38183        6.70216
H         13.15455        6.97385        6.16091
C         19.94219        6.78499        6.61928
H         18.88603        6.80888        6.90918
H         19.98860        6.84634        5.53548
H         20.40995        7.67905        7.02306
C         20.10050        3.71515        6.25598
H         20.16956        2.77318        6.79612
H         20.63664        3.59193        5.31949
H         19.05158        3.88620        6.01949
C         22.61354        5.27611        7.10613
H         23.04169        6.06615        7.71044
H         22.88213        5.47127        6.07400
H         23.09000        4.34767        7.39878
C         22.22291        3.32389       11.36254
H         22.91204        3.59665       10.56992
H         22.63145        2.45433       11.86609
H         22.21370        4.13969       12.07728
C         20.66403        1.41511        9.56128
H         19.75606        1.20382        9.00193
H         20.90403        0.52711       10.14070
H         21.46402        1.55663        8.83981
C         19.37835        2.44802       12.15500
H         19.36162        3.22420       12.91497
H         19.73976        1.53828       12.62874
H         18.35015        2.27352       11.85143
C         21.70345        7.66716       10.33847
H         22.46679        6.95390       10.63329
H         21.88857        8.58392       10.88909
H         21.85103        7.88307        9.28508
C         19.91411        6.80791       12.61828
H         18.93316        6.55114       13.00337
H         20.21543        7.73827       13.09104
H         20.60768        6.04024       12.94904
C         18.67505        8.31995       10.18575
H         19.14518        9.15680        9.67655
H         18.11839        8.71822       11.02969
H         17.95452        7.88147        9.49465
C         17.16829        1.90037        8.46252
H         17.47737        2.41309        9.36657
C         16.88473        0.54428        8.45838
H         16.95970       -0.02735        9.37016
C         16.50750       -0.05209        7.26547
H         16.27470       -1.10557        7.22411
C         16.43318        0.73528        6.12742
H         16.14410        0.31683        5.17629
C         16.73578        2.08328        6.23078
H         16.69320        2.73688        5.36827
