99
CSD_code = WEYBAE | q = 0 | S = 0 | Stoichiometry = C28H63ClNPSi4Ti | MND = 8
Ti         0.63826       12.14065        1.24570
Cl        -0.19864       13.52227       -0.26446
Si        -3.91483       11.48355        2.29528
Si        -4.62138       13.58533        1.44321
Si        -3.77379       11.39105        4.66561
Si        -5.19280        9.68552        1.41694
P          2.28929       14.40826        2.97796
N          1.46720       13.25257        2.34893
C         -1.06800       11.94374        2.40554
H         -0.89839       11.40104        3.34945
H         -1.44478       12.94358        2.66717
C         -2.13135       11.22442        1.58787
H         -1.92034       10.15341        1.54313
H         -2.13700       11.60186        0.55839
C          1.59582       10.88460       -0.54656
H          1.71095       11.22793       -1.56887
C          2.57749       10.95577        0.46101
H          3.58419       11.33349        0.33292
C          2.07989       10.29758        1.60297
H          2.63926       10.07293        2.50363
C          0.79334        9.80311        1.29094
H          0.21511        9.13402        1.91703
C          0.49974       10.16662       -0.03823
H         -0.36752        9.85750       -0.60842
C          0.62317       14.74548        5.15911
H         -0.24029       15.22719        5.61803
H          1.38949       14.66040        5.92354
H          0.32721       13.75237        4.81962
C          1.68776       16.88744        4.44724
H          0.94357       17.39798        5.05934
H          1.94106       17.54637        3.62152
H          2.57573       16.73753        5.05415
C         -0.12328       15.80910        3.07565
H         -1.00231       15.96916        3.69819
H         -0.29976       14.93251        2.44557
H         -0.01449       16.68250        2.44219
C          1.10218       15.56585        3.96128
C          3.57239       13.60900        4.18273
C          4.63984       12.95374        3.30577
H          5.27374       12.30773        3.91442
H          5.28631       13.68622        2.83197
H          4.15575       12.34156        2.54607
C          2.85295       12.46733        4.90917
H          3.57465       11.71383        5.22307
H          2.13378       11.99938        4.22924
H          2.32901       12.80379        5.79717
C          4.24043       14.54559        5.18294
H          5.01042       13.99544        5.72546
H          3.53235       14.92450        5.91482
H          4.71522       15.38826        4.68870
C          3.18334       15.42515        1.60247
C          4.34091       16.29662        2.08044
H          4.69590       16.90330        1.24652
H          5.18053       15.70470        2.43437
H          4.03058       16.96885        2.87549
C          3.64718       14.43700        0.53208
H          3.93543       14.98167       -0.36701
H          2.81286       13.77183        0.27929
H          4.49961       13.84352        0.84585
C          2.13036       16.30430        0.92677
H          2.54383       16.72096        0.00787
H          1.83144       17.13841        1.55318
H          1.25794       15.70637        0.66199
C         -3.30946       14.97320        1.53306
H         -3.65984       15.89624        1.07789
H         -2.40116       14.67914        1.01256
H         -3.04321       15.19755        2.56130
C         -6.16118       14.17103        2.41934
H         -6.55898       15.10315        2.02950
H         -5.92847       14.32986        3.46755
H         -6.95543       13.43310        2.37145
C         -5.13412       13.42749       -0.39550
H         -5.51191       14.36492       -0.79489
H         -5.90963       12.67919       -0.52920
H         -4.28454       13.13528       -1.00507
C         -5.54464       11.16591        5.35511
H         -5.56646       11.17787        6.44084
H         -5.97644       10.22423        5.03156
H         -6.19892       11.95885        5.00776
C         -2.73084        9.93989        5.36718
H         -2.79469        9.87829        6.45081
H         -1.68055       10.04101        5.10935
H         -3.07363        8.99096        4.96623
C         -3.08357       13.00269        5.44465
H         -3.10009       12.97250        6.53121
H         -3.67200       13.86083        5.13359
H         -2.05818       13.18189        5.13735
C         -4.90357        8.04489        2.36779
H         -5.47135        7.22025        1.94480
H         -5.19772        8.14299        3.40830
H         -3.85577        7.76023        2.35094
C         -4.81596        9.31732       -0.42603
H         -5.43950        8.52117       -0.82506
H         -3.78101        9.01680       -0.55857
H         -4.97779       10.19804       -1.03956
C         -7.05781       10.08149        1.55389
H         -7.67873        9.26298        1.20147
H         -7.31716       10.96097        0.97332
H         -7.33481       10.28004        2.58424
