127
CSD_code = WOFXEV | q = 0 | S = 0 | Stoichiometry = C54H66Si6Zr | MND = 12
Zr         4.70399        5.34839       13.15511
Si         3.30959        4.45308        9.99976
Si         3.97641        2.46218        8.91554
Si         1.64623        5.79945        8.97509
Si         3.82831        4.28102       16.44103
Si         2.03626        5.29178       17.60346
Si         4.98495        2.48939       17.48106
C          6.20825        3.31459       13.00047
H          5.85085        2.29273       12.98873
C          6.64527        4.02757       14.13727
H          6.69159        3.64067       15.14500
C          7.16833        5.26196       13.70279
H          7.69545        5.97785       14.32094
C          7.06665        5.30912       12.29696
H          7.50792        6.06447       11.65866
C          6.47963        4.10209       11.86181
H          6.38375        3.77929       10.83467
C          2.91668        7.13793       13.32699
H          1.85772        6.93250       13.41999
C          3.60831        7.40259       12.12559
H          3.16695        7.44798       11.14041
C          4.93000        7.76462       12.45450
H          5.67108        8.14699       11.76383
C          5.05426        7.73606       13.85898
H          5.90432        8.09827       14.42368
C          3.80746        7.35551       14.39904
H          3.54286        7.36483       15.44703
C          3.24288        4.30496       11.85952
C          2.43791        3.45739       12.54349
C          2.54803        3.42856       14.02125
C          3.54861        4.13326       14.60117
C          1.49457        2.49641       11.92793
C          0.46369        2.91487       11.09369
H          0.33260        3.96886       10.90520
C         -0.40819        1.99891       10.53455
H         -1.21449        2.34060        9.90083
C         -0.25661        0.64639       10.78944
H         -0.93666       -0.06935       10.35128
C          0.77048        0.21733       11.61412
H          0.89444       -0.83652       11.81747
C          1.63264        1.13344       12.18461
H          2.42472        0.79297       12.83655
C          1.50037        2.67929       14.75164
C          0.15948        3.01171       14.56661
H         -0.10077        3.80969       13.88551
C         -0.83518        2.33386       15.24418
H         -1.86976        2.60762       15.09580
C         -0.51068        1.29926       16.10643
H         -1.28931        0.76283       16.62863
C          0.81767        0.95466       16.29069
H          1.07609        0.14084       16.95355
C          1.81452        1.64320       15.62432
H          2.84713        1.36171       15.75897
C          4.78997        1.23222       10.14040
H          4.74182        0.20996        9.77458
H          4.27603        1.26001       11.09711
H          5.83479        1.46426       10.32337
C          5.24265        2.84209        7.52927
H          6.08419        3.41410        7.90797
H          4.78640        3.42922        6.73823
H          5.63601        1.93532        7.07845
C          2.50443        1.53977        8.12259
H          2.01549        2.13741        7.36083
H          1.75868        1.28076        8.86735
H          2.82904        0.61621        7.65142
C          0.58679        4.80560        7.73114
H         -0.24155        5.40076        7.35720
H          0.17063        3.90975        8.18003
H          1.17744        4.49902        6.87346
C          0.44100        6.60891       10.24068
H          0.41628        7.69020       10.13648
H          0.73722        6.39256       11.26402
H         -0.57637        6.25007       10.11095
C          2.44851        7.22290        7.97537
H          3.16901        6.83377        7.26253
H          2.98093        7.91406        8.62120
H          1.71015        7.79452        7.41929
C          4.79233        5.61698        9.87621
C          5.66363        6.36392        9.48211
C          6.71036        7.23720        9.09620
C          7.98951        6.73595        8.84533
H          8.17350        5.67633        8.95266
C          9.00648        7.59058        8.46702
H          9.99429        7.19717        8.27508
C          8.76424        8.94892        8.33419
H          9.56217        9.61405        8.03882
C          7.49655        9.45266        8.58049
H          7.30722       10.51135        8.47669
C          6.47269        8.60641        8.95899
H          5.48266        8.99442        9.15196
C          0.84997        6.21224       16.41186
H          0.72294        5.64380       15.49495
H          1.22197        7.19504       16.13872
H         -0.13518        6.34649       16.85075
C          0.97298        4.01500       18.54448
H          0.14032        4.49557       19.05042
H          1.54775        3.48631       19.29724
H          0.55904        3.27568       17.86630
C          2.69231        6.55977       18.88067
H          1.88548        7.09988       19.36801
H          3.34387        7.29157       18.41304
H          3.27002        6.06562       19.65573
C          3.93352        1.64880       18.83963
H          2.95722        1.35292       18.47027
H          3.77750        2.31676       19.68102
H          4.42424        0.75774       19.22097
C          6.57251        3.11814       18.34912
H          7.06965        2.32893       18.90692
H          6.33873        3.91699       19.04616
H          7.28715        3.51684       17.63594
C          5.52384        1.11986       16.23867
H          5.05785        0.16528       16.46749
H          6.59909        0.96461       16.25304
H          5.25208        1.38167       15.21915
C          5.19760        5.58172       16.40196
C          6.08229        6.35790       16.69748
C          7.11483        7.29015       16.96570
C          6.81262        8.64038       17.15561
H          5.78429        8.96686       17.09130
C          7.82183        9.54559       17.41972
H          7.58227       10.58909       17.56501
C          9.13878        9.12017       17.49787
H          9.92527        9.83094       17.70425
C          9.44534        7.78123       17.31143
H         10.47177        7.44941       17.37270
C          8.44342        6.86801       17.04706
H          8.67734        5.82308       16.90097
