105
CSD_code = WOFZIB | q = 0 | S = 0 | Stoichiometry = C32H64Si8Zr | MND = 14
Zr         7.18437        4.21545       10.09923
Si         3.65840        2.50392        8.78899
Si         2.34900        4.34912        9.47637
Si         3.32409        0.52866       10.06267
Si         3.56954        2.07214        6.46176
C          7.18513        2.52966       11.94663
H          7.18532        1.45782       11.79233
C          6.04151        3.33449       12.13652
H          5.01950        2.98094       12.17070
C          6.47882        4.63981       12.45910
H          5.84977        5.45217       12.80485
C          7.18674        6.69745       10.12667
H          7.18949        7.31639       11.01704
C          8.32898        6.30815        9.39075
H          9.34896        6.59584        9.60867
C          7.88379        5.71062        8.18745
H          8.51638        5.40473        7.36443
C          6.51882        2.48576        8.73486
C          5.41717        3.02101        9.16581
C          2.30928        5.75833        8.17627
H          1.77611        6.63590        8.53337
H          1.81126        5.42557        7.27036
H          3.30989        6.07361        7.89704
C          3.01726        5.08624       11.11628
H          4.10804        5.09768       11.09497
H          2.71212        4.48422       11.96727
H          2.67120        6.10082       11.29814
C          0.53147        3.83584        9.77156
H          0.09204        3.43481        8.86373
H         -0.08367        4.67323       10.08719
H          0.45397        3.06842       10.53526
C          2.90181        0.81858       11.91090
H          2.49682       -0.07887       12.37138
H          2.16029        1.60332       12.02713
H          3.77815        1.10603       12.48348
C          1.87447       -0.48964        9.34007
H          2.02701       -0.70943        8.28825
H          0.93893        0.05398        9.42667
H          1.74892       -1.43711        9.85619
C          4.90493       -0.54916       10.00705
H          4.89674       -1.35031       10.74110
H          5.78278        0.06377       10.19677
H          5.03505       -1.00084        9.02869
C          1.77583        2.07153        5.79857
H          1.29525        3.03083        5.96265
H          1.17598        1.31761        6.29835
H          1.73708        1.86524        4.73300
C          4.36178        0.38270        6.03343
H          4.41536        0.21321        4.96109
H          3.80052       -0.44019        6.46548
H          5.37373        0.32701        6.42352
C          4.56077        3.39077        5.48897
H          5.58706        3.42912        5.84570
H          4.13045        4.37982        5.61499
H          4.59343        3.18358        4.42248
Si        10.71062        2.50406        8.78916
Si        12.01979        4.34954        9.47601
Si        11.04404        0.52868       10.06232
Si        10.80045        2.07240        6.46140
C          8.32850        3.33491       12.13619
H          9.35067        2.98179       12.17001
C          7.89080        4.64005       12.45891
H          8.51967        5.45258       12.80457
C          6.04021        6.31048        9.39624
H          5.02188        6.60032        9.61904
C          6.47840        5.71206        8.19082
H          5.84130        5.40750        7.37079
C          7.85022        2.48607        8.73488
C          8.95187        3.02088        9.16632
C         12.06054        5.75726        8.17432
H         12.59069        6.63651        8.53180
H         12.56187        5.42453        7.27021
H         11.06002        6.06987        7.89177
C         11.35076        5.08838       11.11485
H         10.25997        5.09965       11.09319
H         11.65572        4.48738       11.96663
H         11.69665        6.10321       11.29557
C         13.83708        3.83650        9.77286
H         14.27783        3.43597        8.86547
H         14.45179        4.67366       10.08991
H         13.91362        3.06865       10.53617
C         11.46560        0.81814       11.91077
H         11.87130       -0.07923       12.37076
H         12.20632        1.60355       12.02778
H         10.58876        1.10434       12.48319
C         12.49419       -0.48912        9.34013
H         12.34235       -0.70852        8.28814
H         13.42968        0.05448        9.42750
H         12.61951       -1.43680        9.85592
C          9.46314       -0.54895       10.00530
H          9.47064       -1.34991       10.73955
H          8.58526        0.06421       10.19413
H          9.33385       -1.00077        9.02688
C         12.59466        2.07064        5.79955
H         13.07534        3.02984        5.96384
H         13.19392        1.31661        6.29988
H         12.63414        1.86422        4.73402
C         10.00772        0.38320        6.03293
H          9.95393        0.21372        4.96059
H         10.56863       -0.43998        6.46491
H          8.99579        0.32789        6.42310
C          9.81063        3.39135        5.48759
H          8.78357        3.42878        5.84217
H         10.24027        4.38042        5.61568
H          9.78045        3.18524        4.42081
