38
CSD_code = LAYWUD | q = 0 | S = 0 | Stoichiometry = C13H18CrO5Si | MND = 6
Cr         3.42429        2.79267        0.31382
Si         3.56500        2.39083        2.72673
C          5.23660        2.45864       -0.00687
C          2.99597        1.03144       -0.15846
C          1.59625        3.19804        0.28188
C          3.85122        4.61184        0.41418
C          3.35528        3.11121       -1.49695
O          6.30936        2.31639       -0.40238
O          2.72778        0.02795       -0.65412
O          0.50083        3.46440        0.04747
O          4.11849        5.72052        0.25433
O          3.32060        3.31578       -2.62880
C          4.66554        0.95388        3.54571
C          4.83870       -0.14582        2.49031
C          6.05122        1.52393        3.86791
C          4.07265        0.30185        4.79718
C          2.74009        3.51713        4.13930
C          2.20558        4.78214        3.45567
C          3.72312        3.95830        5.22689
C          1.55047        2.78961        4.77385
H          3.88120       -0.58797        2.22283
H          5.47594       -0.93794        2.88127
H          5.30295        0.23962        1.58446
H          6.00102        2.28911        4.63701
H          6.50507        1.95923        2.97986
H          6.70611        0.73032        4.22471
H          3.99558        1.00328        5.62218
H          4.71121       -0.51897        5.12233
H          3.08608       -0.10597        4.58938
H          1.47818        4.54016        2.68333
H          3.01079        5.35486        3.00050
H          1.71463        5.42032        4.18923
H          4.08816        3.11768        5.80898
H          3.23092        4.64637        5.91328
H          4.57451        4.47499        4.78928
H          1.86326        1.90752        5.32314
H          0.83605        2.48521        4.01195
H          1.03762        3.45329        5.46862
