65
CSD_code = FOLWUB | q = 0 | S = 0 | Stoichiometry = C18H41MnP4Si | MND = 6
Mn         2.32426        3.62661        6.44476
P          0.45054        3.11849        7.49115
P          3.47394        2.10219        7.63805
P          4.24203        4.03746        5.45198
P          1.72717        1.96965        5.02115
Si         1.65630        6.08197        6.81366
C          1.05723        6.51386        8.58047
C         -0.62329        7.42724       10.06751
H         -1.58951        7.89358       10.20371
C          1.83794        6.24696        9.70124
H          2.80448        5.78075        9.56693
C         -0.17664        7.11980        8.79438
H         -0.79626        7.36344        7.94292
C          0.16650        7.14193       11.16794
H         -0.17882        7.37873       12.16453
C          1.22060        2.41365        3.31283
H          2.09624        2.65730        2.71347
H          0.57314        3.28983        3.35612
H          0.68799        1.57592        2.85748
C          5.61855        3.06022        6.22775
H          6.42938        2.90248        5.50876
H          5.99779        3.67353        7.05297
C          4.54848        3.69121        3.67276
H          4.36083        2.64065        3.45341
H          5.57651        3.94387        3.40833
H          3.85820        4.30824        3.09577
C          1.40631        6.55490       10.97879
H          2.03492        6.33546       11.83170
C          4.15259        2.69787        9.23672
H          4.74319        3.59765        9.06107
H          4.77005        1.92894        9.70547
H          3.32355        2.96064        9.89555
C         -0.06663        1.39494        7.06208
H          0.58114        0.69366        7.59422
H         -1.10016        1.21795        7.38099
C          2.59896        0.40267        4.56047
H          1.96049       -0.18258        3.89644
H          2.84411       -0.19227        5.43783
H          3.52368        0.64479        4.03437
C          0.26755        3.03792        9.31338
H          1.01629        2.36193        9.72751
H         -0.73184        2.68560        9.57427
H          0.42499        4.03724        9.72113
C         -1.11105        4.00024        7.10287
H         -1.09022        4.95919        7.61868
H         -1.97296        3.41925        7.43582
H         -1.16724        4.18268        6.02946
C          3.10670        0.38638        8.22580
H          2.43049        0.45132        9.08049
H          4.03670       -0.08797        8.54518
H          2.63973       -0.22761        7.45789
C          5.06848        1.75251        6.76489
H          5.76556        1.26781        7.45909
H          4.85984        1.06057        5.94327
C          5.03460        5.68964        5.50228
H          4.45200        6.36685        4.87844
H          6.06021        5.62600        5.13453
H          5.02231        6.05977        6.52679
C          0.09622        1.25693        5.56121
H         -0.66918        1.86294        5.06198
H          0.00199        0.21977        5.22146
H          2.94783        4.36110        7.61786
H          1.62736        4.30566        5.25878
H          2.70094        7.11355        6.59100
H          0.55211        6.65877        5.99913
