51
CSD_code = HETFER | q = 0 | S = 0 | Stoichiometry = C19H29OSiTa | MND = 12
Ta         8.19187        2.75554        6.81917
Si         6.57450        1.74765        8.63921
O          8.48316        5.43734        5.87884
C          6.29051        2.27624        3.73993
C          5.28683        3.07486        4.40199
C          5.76227        4.32118        4.59109
C          7.18137        4.37410        4.12943
C          7.38605        3.03113        3.52395
C         10.77913        0.74521        7.18222
C         10.07309        0.07091        6.19222
C         10.01371        0.89819        5.05003
C         10.70300        2.08616        5.33756
C         11.16101        2.00257        6.66910
C          7.95521        4.43840        5.46313
C          7.28564        2.27621       10.36547
C          6.48915        1.65548       11.51384
C          8.75789        1.88551       10.51490
C          7.17443        3.80003       10.46936
C          6.19193       -0.12568        8.31633
C          7.34369       -1.02725        8.75751
C          4.91327       -0.54947        9.04111
C          5.97227       -0.30989        6.81134
H          5.23968        2.40992        8.55779
H          6.14111        1.25734        3.42836
H          4.30094        2.72300        4.65050
H          5.26385        5.15630        5.04871
H          7.45244        5.22945        3.51231
H          8.29962        2.74289        3.03726
H         11.03218        0.36359        8.15844
H          9.68495       -0.93295        6.25454
H          9.59759        0.61772        4.09529
H         10.93605        2.87471        4.63948
H         11.79801        2.72070        7.16345
H          6.83863        2.04318       12.47073
H          6.60619        0.57473       11.53026
H          5.43061        1.88786       11.42118
H          9.37924        2.36671        9.75628
H          8.89219        0.80967       10.43348
H          9.12807        2.19473       11.49286
H          7.56544        4.14072       11.42779
H          6.13688        4.11846       10.39728
H          7.74082        4.29942        9.68025
H          7.14677       -2.05960        8.46793
H          7.46470       -1.00529        9.83839
H          8.27973       -0.71877        8.29490
H          4.06903        0.05547        8.71911
H          5.01551       -0.44607       10.11765
H          4.68563       -1.59273        8.82316
H          6.89020       -0.12520        6.25062
H          5.65039       -1.33018        6.60368
H          5.20216        0.36782        6.44628
