78
CSD_code = ANECIG | q = 0 | S = 0 | Stoichiometry = C33H39IrO2P2Si | MND = 6
H          1.46403       17.46226        4.51410
Ir         2.34791       17.78130        3.28787
P          2.39971       15.55911        2.71120
P          2.26283       20.04594        3.61924
Si         4.25609       17.62657        4.64720
O          1.13841       18.20845        1.29053
O          3.32124       18.23728        1.38644
C          3.35433       14.34090        3.73437
H          2.70945       14.10566        4.58626
H          3.48368       13.43645        3.13116
C          4.72076       14.78009        4.25764
H          5.34667       15.12304        3.43363
H          5.20357       13.88872        4.67435
C          4.64977       15.85778        5.33133
H          5.61418       15.90374        5.83629
H          3.91595       15.56488        6.07956
C          5.82630       18.12328        3.62160
H          6.30816       19.00996        4.02228
H          5.55587       18.32968        2.59133
H          6.56333       17.32612        3.61943
C          4.26374       18.75960        6.23154
H          4.08180       18.14858        7.11312
H          5.25530       19.19553        6.35143
C          3.23411       19.88194        6.20357
H          3.36042       20.51525        7.08646
H          2.23175       19.44653        6.24842
C          3.34774       20.74263        4.94361
H          4.38222       20.75692        4.60119
H          3.03602       21.77158        5.14073
C          0.76301       14.74488        2.63708
C          0.58401       13.36767        2.73570
H          1.43106       12.71105        2.86454
C         -0.68528       12.82228        2.66026
H         -0.81290       11.75215        2.73958
C         -1.78911       13.63965        2.48135
H         -2.77761       13.20770        2.42344
C         -1.61853       15.00930        2.37221
H         -2.47473       15.65134        2.22518
C         -0.35125       15.55816        2.45100
H         -0.21590       16.62483        2.35264
C          3.04724       15.23957        1.03618
C          4.35834       15.61548        0.75510
H          4.95994       16.06088        1.53307
C          4.87370       15.45642       -0.51679
H          5.89103       15.75351       -0.72704
C          4.08176       14.93284       -1.52688
H          4.48149       14.81598       -2.52388
C          2.77148       14.57527       -1.25865
H          2.14580       14.17983       -2.04619
C          2.25194       14.73229        0.01506
H          1.22308       14.46498        0.21135
C          2.71832       21.02238        2.15098
C          4.05430       21.22508        1.82039
H          4.83189       20.86213        2.47610
C          4.39263       21.86766        0.64386
H          5.43313       22.02311        0.39645
C          3.40257       22.29986       -0.22361
H          3.66868       22.79856       -1.14444
C          2.07120       22.07398        0.08430
H          1.29629       22.39067       -0.59904
C          1.72986       21.43107        1.25998
H          0.69081       21.23468        1.48709
C          0.66539       20.81784        4.05564
C         -0.44090       20.02597        4.33112
H         -0.34237       18.95144        4.27704
C         -1.65160       20.60884        4.66553
H         -2.50851       19.98616        4.87737
C         -1.76516       21.98690        4.72544
H         -2.70901       22.44340        4.98562
C         -0.66597       22.78400        4.44461
H         -0.75424       23.86027        4.48381
C          0.54265       22.20432        4.10971
H          1.39329       22.83080        3.87390
C          2.25008       18.33355        0.74071
C          2.33197       18.58738       -0.75186
H          2.57738       17.64911       -1.24871
H          3.12038       19.30739       -0.95864
H          1.37746       18.95210       -1.12152
