76
CSD_code = KULKEH | q = 0 | S = 0 | Stoichiometry = C33H36IrN3Si3 | MND = 6
Ir         0.66537       -2.69629       -9.87555
Si         0.91326       -4.10443      -11.74341
C          0.10021       -3.82023      -13.47586
C          0.79386       -6.02814      -11.49667
N          2.85858       -2.28552      -10.27207
C          3.52127       -1.42594       -9.53460
C          4.87718       -1.12443       -9.70676
C          5.56999       -1.75980      -10.70140
C          4.89419       -2.68662      -11.51985
C          5.54352       -3.38032      -12.55927
C          4.84795       -4.27220      -13.32699
C          3.48523       -4.49206      -13.08663
C          2.80284       -3.84189      -12.08885
C          3.51085       -2.92568      -11.27992
Si         0.11235       -0.72239      -11.02952
C         -1.56956       -0.38155      -11.92257
C          1.42680        0.07041      -12.22090
N          0.68214       -1.29157       -8.09574
C          0.94535       -1.74317       -6.89218
C          0.93393       -0.95343       -5.73674
C          0.63256        0.37637       -5.85351
C          0.34494        0.90213       -7.12880
C          0.03303        2.26134       -7.32496
C         -0.23546        2.72831       -8.58130
C         -0.20583        1.85442       -9.67613
C          0.08898        0.52065       -9.54156
C          0.37417        0.02465       -8.25008
Si        -1.52541       -3.33452       -9.30201
C         -2.84779       -4.02428      -10.53419
C         -2.56147       -2.18854       -8.12329
N          1.20040       -4.45706       -8.54286
C          2.45403       -4.79350       -8.35051
C          2.86520       -5.88552       -7.57768
C          1.91077       -6.65992       -6.97595
C          0.55218       -6.33270       -7.15644
C         -0.48258       -7.08135       -6.56312
C         -1.78712       -6.72557       -6.76318
C         -2.09763       -5.61830       -7.56360
C         -1.12939       -4.85586       -8.16781
C          0.22361       -5.20728       -7.96503
H          0.27847       -2.81227      -13.83167
H         -0.97195       -3.96152      -13.41386
H          0.48451       -4.51206      -14.21885
H          1.50423       -6.38305      -10.75610
H          0.98568       -6.56550      -12.42018
H         -0.19766       -6.30332      -11.15414
H          2.97195       -0.92697       -8.74807
H          5.34973       -0.40409       -9.05653
H          6.61989       -1.56593      -10.87114
H          6.59359       -3.19073      -12.73260
H          5.34496       -4.80702      -14.12395
H          2.95465       -5.19606      -13.70957
H         -1.68351       -1.04448      -12.77145
H         -1.63272        0.63872      -12.28752
H         -2.40756       -0.55304      -11.25720
H          1.60846       -0.58152      -13.06834
H          2.37810        0.22925      -11.72233
H          1.09372        1.02923      -12.60597
H          1.18472       -2.79395       -6.80268
H          1.16097       -1.40251       -4.78186
H          0.61157        1.02853       -4.99157
H          0.01126        2.91772       -6.46629
H         -0.47387        3.77136       -8.73418
H         -0.42491        2.24469      -10.65836
H         -2.45196       -4.85187      -11.11103
H         -3.14716       -3.25218      -11.23221
H         -3.73845       -4.36890      -10.01838
H         -3.51640       -2.63572       -7.86497
H         -2.76089       -1.23677       -8.60351
H         -2.03420       -1.98216       -7.19692
H          3.20700       -4.17899       -8.82455
H          3.91836       -6.09592       -7.47008
H          2.17677       -7.51291       -6.36739
H         -0.22129       -7.93487       -5.95332
H         -2.58280       -7.29807       -6.30786
H         -3.13486       -5.35842       -7.71097
