115
CSD_code = QUDXUJ | q = 0 | S = 0 | Stoichiometry = C46H64IrN2PSi | MND = 6
Ir        11.84467        5.21305        1.61944
Si        13.04710        4.78370       -0.40199
N         11.83194        7.26064        1.15308
C         14.50726        5.09119        3.09557
H         14.28217        4.03797        3.16307
C         13.88125        7.16074        2.33648
C         14.79710        4.04138       -0.08632
P         10.45791        5.63418        3.66456
C         14.11842        7.39682       -1.25802
H         14.92119        7.24765       -0.55155
N         13.60198        5.84475        2.47150
C         12.03893       10.03284        0.72713
C         11.27851        2.80288       -1.61096
H         10.72278        2.87772       -0.68898
C         12.14493        6.66363       -2.35426
H         11.38188        5.91454       -2.50595
C         15.67412        5.57659        3.63582
H         16.34038        4.88999        4.13206
C         12.18328        7.28955        5.17751
H         12.37134        7.71792        6.16254
H         11.74015        8.06238        4.55177
H         13.14459        7.01712        4.75188
C         16.16693        2.04628        0.06134
H         16.26872        0.97737       -0.06634
C         12.41470        3.58552       -1.76569
C         12.88536        7.95208        1.62969
C         12.08468       11.53316        0.51183
C         10.93042        7.92367        0.43040
H         10.12370        7.33060        0.02703
C         14.08244        8.58141       -1.97316
H         14.85091        9.32804       -1.81724
C         12.99185        9.33340        1.44384
H         13.83234        9.85282        1.86858
C         17.26860        7.48338        4.11281
C         12.09738        7.84183       -3.07461
H         11.30067        8.00986       -3.78648
C          9.36966        4.20631        4.23338
H         10.12433        3.47206        4.54177
C         15.88342        4.76492        0.39165
H         15.79807        5.83153        0.54044
C         12.13756       11.81872       -0.99446
H         11.27174       11.40887       -1.50677
H         13.02918       11.37243       -1.42764
H         12.16392       12.89210       -1.16990
C         12.70748        2.62455       -3.96614
H         13.27124        2.55807       -4.88694
C         15.06100        7.71301        2.84365
H         15.24421        8.76281        2.69892
C         11.28487        6.05884        5.30254
H         10.48578        6.28752        6.01515
C         17.09204        4.15749        0.68474
H         17.92218        4.75113        1.04354
C         15.98476        6.93688        3.51985
C         10.98883        9.27584        0.19347
H         10.21676        9.73378       -0.40264
C         13.12005        3.47991       -2.96108
H         14.00878        4.07981       -3.10313
C         10.85707        1.94356       -2.61124
H          9.96890        1.34251       -2.47042
C          8.59724        3.57050        3.07949
H          8.28933        2.56367        3.35754
H          9.22451        3.51005        2.19475
H          7.70363        4.13747        2.83692
C         14.96781        2.66635       -0.23564
H         14.13925        2.07540       -0.59619
C         17.23914        2.79194        0.52234
H         18.18069        2.31330        0.75309
C         11.57129        1.85136       -3.79350
H         11.24562        1.18111       -4.57702
C         10.81667       12.15444        1.11589
H          9.92099       11.76535        0.63940
H         10.83099       13.23404        0.98399
H         10.75889       11.93891        2.18144
C         13.16173        6.40592       -1.43741
C         12.10420        4.89239        5.84770
H         12.66506        5.21479        6.72526
H         12.81523        4.54257        5.10246
H         11.47239        4.05874        6.14377
C         13.30354       12.18621        1.16879
H         14.22851       11.79080        0.75485
H         13.29894       12.03550        2.24655
H         13.28492       13.25772        0.98144
C         17.41689        8.99329        3.90741
H         16.60063        9.53619        4.38009
H         17.44947        9.24454        2.84937
H         18.34796        9.32984        4.35849
C         13.07159        8.80851       -2.88953
H         13.04386        9.72780       -3.45814
C          8.42744        4.44509        5.41071
H          8.01734        3.48788        5.73251
H          7.59086        5.07501        5.11901
H          8.92692        4.89277        6.26601
C         12.08438        3.15111        2.16857
H         12.05769        3.05529        3.25898
H         13.04410        2.74195        1.84414
H         11.33168        2.45932        1.78621
C         17.27445        7.19781        5.62152
H         16.41819        7.67072        6.09940
H         18.18182        7.59321        6.07259
H         17.23214        6.13094        5.82303
C          9.35730        7.15118        3.44914
H         10.03418        7.87469        2.97379
C          8.77310        7.82773        4.68820
H          8.16252        8.67148        4.36496
H          9.54452        8.21616        5.34777
H          8.13629        7.15685        5.25576
C          8.24814        6.84583        2.44483
H          7.86981        7.76924        2.00742
H          7.41732        6.34334        2.93365
H          8.62241        6.20917        1.64595
C         18.45976        6.78311        3.44510
H         18.42222        5.70793        3.59823
H         19.39364        7.15573        3.86050
H         18.45757        6.97735        2.37426
H         10.54983        4.83871        0.87229
