112
CSD_code = QUDYEU | q = 0 | S = 0 | Stoichiometry = C45H61ClIrN2PSi | MND = 6
Ir        26.05698        0.15163       17.75702
Cl        28.28158       -0.33497       18.36821
P         25.72269       -2.35214       17.80398
Si        26.64325        2.46685       17.58735
N         24.14160        0.58295       17.49157
N         25.49767        0.46463       19.69883
C         25.10136        3.42184       16.94809
C         27.98188        3.04902       16.34755
C         27.29551        3.16264       19.25400
C         23.67248        1.06909       21.11479
H         22.63022        1.32720       21.20347
C         24.16911        4.06143       17.75329
H         24.32774        4.11570       18.81924
C         23.43063        0.82551       18.62008
C         26.27386        0.44578       20.77517
H         27.31568        0.21295       20.60120
C         28.02483        4.38867       15.97163
H         27.28553        5.07186       16.36637
C         24.19674        0.78670       19.85550
C         23.48676        0.65753       16.32637
H         24.07861        0.48875       15.44067
C         23.88128        1.34618       23.60910
C         24.85258        3.39633       15.57770
H         25.56565        2.90663       14.93104
C         24.17424       -2.85185       16.84999
H         23.44184       -2.09176       17.16044
C         23.03918        4.65835       17.22024
H         22.33575        5.15825       17.87353
C         26.49140        3.41848       20.35973
H         25.42169        3.27549       20.29544
C         24.47384        1.03257       22.24856
C         26.67853       -3.14505       20.32470
H         26.41565       -3.32192       21.36733
H         27.15781       -2.17097       20.25038
H         27.40393       -3.89947       20.03084
C         21.38160        1.16370       17.37382
C         28.94480        2.19314       15.82698
H         28.93121        1.15296       16.11254
C         25.42638       -3.20365       19.45010
H         25.18695       -4.25073       19.23691
C         29.94409        3.99059       14.59223
H         30.70218        4.35500       13.91293
C         22.14686        0.93541       16.22360
H         21.70353        0.97956       15.24275
C         25.81540        0.70536       22.04961
H         26.51704        0.66170       22.86376
C         29.91765        2.65574       14.95810
H         30.65860        1.97365       14.56527
C         27.18092       -3.35601       17.18788
H         27.92434       -3.14397       17.96694
C         28.66913        3.33613       19.40806
H         29.31921        3.12851       18.57208
C         28.99289        4.85808       15.10300
H         29.00792        5.90270       14.82335
C         22.06455        1.10222       18.57493
H         21.54580        1.27221       19.50174
C         19.89977        1.46024       17.26205
C         22.79375        0.30908       23.92512
H         21.99443        0.33354       23.18867
H         22.36157        0.50832       24.90306
H         23.21872       -0.69286       23.93420
C         24.23821       -2.58578       20.18791
H         23.88233       -3.26689       20.96131
H         23.40659       -2.37166       19.51763
H         24.53038       -1.66146       20.67672
C         23.73031        3.99086       15.03364
H         23.56708        3.96399       13.96510
C         23.55547       -4.22043       17.12405
H         22.68572       -4.34568       16.47848
H         23.21799       -4.31749       18.15259
H         24.24861       -5.02704       16.90771
C         24.41136       -2.66668       15.35293
H         23.46217       -2.56327       14.82792
H         24.93086       -3.52778       14.94002
H         25.00943       -1.77623       15.17018
C         19.71640        2.74102       16.43720
H         20.22026        3.57347       16.92223
H         18.65858        2.97758       16.34662
H         20.13048        2.63128       15.43906
C         27.76710       -2.81550       15.88594
H         28.74548       -3.26378       15.72080
H         27.89589       -1.73867       15.95033
H         27.14094       -3.04467       15.02881
C         22.81404        4.62543       15.85597
H         21.93674        5.09668       15.43532
C         26.98538       -4.86623       17.08146
H         27.95448       -5.33603       16.91625
H         26.35201       -5.11805       16.23380
H         26.55876       -5.29909       17.98280
C         19.20974        0.28277       16.55827
H         19.60307        0.13503       15.55659
H         18.14148        0.47041       16.47987
H         19.35695       -0.63582       17.12294
C         23.26824        2.75334       23.57700
H         24.02357        3.48751       23.30486
H         22.87598        3.01086       24.55827
H         22.45431        2.82053       22.85988
C         27.02588        3.85251       21.55984
H         26.37343        4.05276       22.40001
C         24.93192        1.30394       24.72098
H         25.72321        2.02712       24.53787
H         25.37019        0.31250       24.80996
H         24.46390        1.54970       25.67184
C         19.23674        1.66420       18.62662
H         19.67450        2.51087       19.15046
H         19.32596        0.77321       19.24475
H         18.17767        1.86925       18.48735
C         28.39213        4.02494       21.68872
H         28.81296        4.35980       22.62646
C         29.21354        3.76052       20.60566
H         30.28321        3.88455       20.69737
H         26.41828        0.02933       16.26559
