111
CSD_code = UYIDEM | q = 0 | S = 0 | Stoichiometry = C40H64IrN2P3Si | MND = 5
Ir        -0.15725        4.06934        7.12448
P          0.16667        6.32863        6.37643
P         -2.32526        3.09783        7.56910
P          1.77560        2.54507        7.05309
Si        -0.91141        3.81558        4.88906
N          0.21185        4.43054        8.82135
N          0.44938        4.63726        9.90506
C          0.00547        6.50422        4.56738
C          0.38578        7.65332        3.88053
C          0.21834        7.73313        2.51017
C         -0.31927        6.66052        1.81907
C         -0.67543        5.51263        2.50374
C         -0.52773        5.41464        3.87916
C         -2.84808        3.85472        4.98467
C         -3.65856        4.19439        3.91248
C         -5.03511        4.25787        4.04101
C         -5.62401        3.97833        5.26210
C         -4.83580        3.62910        6.34449
C         -3.45316        3.56303        6.21128
C         -0.58755        2.47411        3.52343
C          1.80532        7.16625        6.68162
C          2.88604        6.37387        5.95178
C          4.26564        6.97861        6.19365
C          4.56939        7.06692        7.68664
C          3.48510        7.86273        8.40652
C          2.11710        7.22763        8.17394
C         -1.08082        7.58003        7.00327
C         -0.79601        9.06276        6.77767
C         -1.91901        9.90303        7.38601
C         -3.26305        9.54020        6.76329
C         -3.55117        8.05641        6.96785
C         -2.42601        7.21567        6.37569
C         -2.52125        1.23014        7.56231
C         -1.98183        0.69704        6.23983
C         -1.97568       -0.82762        6.22177
C         -3.38571       -1.36036        6.45183
C         -3.93537       -0.82735        7.77012
C         -3.93644        0.70114        7.78421
C         -3.25891        3.54507        9.12366
C         -2.57325        2.95375       10.35566
C         -3.28695        3.39462       11.63129
C         -3.31404        4.91609       11.72632
C         -4.02722        5.50124       10.51223
C         -3.33136        5.06576        9.22668
C          2.71014        2.27464        5.49370
C          1.56412        0.78724        7.56914
C          3.16253        2.96546        8.19158
H          0.83257        8.48988        4.39811
H          0.51554        8.62844        1.98176
H         -0.44671        6.71811        0.74679
H         -1.06421        4.67012        1.95181
H         -3.20311        4.42877        2.96165
H         -5.64954        4.53252        3.19478
H         -6.69798        4.03338        5.37440
H         -5.31488        3.42095        7.29038
H         -0.42476        1.48699        3.94032
H          0.29067        2.73604        2.94279
H         -1.43035        2.39989        2.84468
H          1.77494        8.18418        6.27841
H          2.85882        5.34132        6.31354
H          2.67045        6.35184        4.87999
H          5.02748        6.37654        5.69267
H          4.29874        7.98181        5.76082
H          5.54301        7.53755        7.84015
H          4.61689        6.06081        8.11021
H          3.48007        8.88957        8.03119
H          3.69879        7.89918        9.47677
H          2.11794        6.21512        8.58310
H          1.34692        7.79672        8.70028
H         -1.13815        7.39672        8.08596
H          0.15135        9.35401        7.23528
H         -0.74678        9.26947        5.70752
H         -1.96011        9.72793        8.46407
H         -1.70841       10.96343        7.22768
H         -4.05642       10.14240        7.21142
H         -3.23818        9.76041        5.69344
H         -4.49896        7.78724        6.49632
H         -3.63704        7.85175        8.03749
H         -2.62320        6.15038        6.52794
H         -2.37689        7.38499        5.29647
H         -1.86917        0.87061        8.37058
H         -0.97317        1.08467        6.08717
H         -2.60337        1.06882        5.42162
H         -1.59218       -1.18522        5.26336
H         -1.31537       -1.20207        7.00898
H         -4.03165       -1.03654        5.63260
H         -3.37922       -2.45253        6.46377
H         -3.31922       -1.19651        8.59442
H         -4.95279       -1.19384        7.92505
H         -4.33778        1.03940        8.74073
H         -4.58768        1.06669        6.98723
H         -4.27919        3.14951        9.06646
H         -2.57052        1.86275       10.30111
H         -1.53620        3.29097       10.39487
H         -4.31178        3.01242       11.62842
H         -2.77623        2.97484       12.50059
H         -2.28905        5.29139       11.75956
H         -3.81873        5.22611       12.64400
H         -5.06521        5.15739       10.49987
H         -4.03994        6.59195       10.57417
H         -3.86897        5.46033        8.36125
H         -2.31612        5.47145        9.20728
H          2.03929        1.83300        4.76073
H          3.56319        1.61696        5.65731
H          3.05259        3.23156        5.10626
H          1.07137        0.76044        8.53946
H          2.52999        0.28750        7.63846
H          0.94060        0.26659        6.84678
H          2.78314        3.00384        9.21186
H          3.56462        3.94380        7.93839
H          3.95590        2.22127        8.12661
