74
CSD_code = YUTVUE | q = 0 | S = 0 | Stoichiometry = C27H42IrP3Si | MND = 4
Ir        12.68313        2.84542        1.71934
Si        12.81343        1.79681       -0.37515
P         11.13476        4.09888        3.00012
P         12.42457        0.92049        2.94034
P         14.15761        4.47091        1.05556
C         11.65255        2.77208       -1.57832
C         11.11984        3.99939       -1.20858
C         10.25476        4.69515       -2.03395
C          9.90326        4.16513       -3.26384
C         10.41606        2.93762       -3.64908
C         11.27571        2.25032       -2.81041
C         11.93322        0.09515       -0.54656
C         10.59708        0.00776       -0.17197
C          9.90073       -1.18416       -0.24774
C         10.53738       -2.32770       -0.70262
C         11.86548       -2.26032       -1.08675
C         12.55085       -1.05942       -1.00831
C         14.42778        1.56415       -1.39501
C         14.65087        2.19532       -2.61262
C         15.84798        2.05013       -3.29272
C         16.85627        1.26299       -2.76390
C         16.65711        0.62739       -1.54930
C         15.45915        0.78657       -0.87684
C         10.68024        4.02083        4.79692
C          9.51226        3.58149        2.28935
C         10.93059        5.92442        2.79017
C         13.38970       -0.56952        2.45914
C         13.15469        1.16261        4.62082
C         10.85193        0.07357        3.41407
C         14.23397        5.29324       -0.58992
C         15.87207        3.79560        1.09919
C         14.42597        5.95950        2.12316
H         11.39656        4.41119       -0.24328
H          9.85055        5.65035       -1.72296
H          9.22975        4.70344       -3.91644
H         10.14001        2.51597       -4.60623
H         11.66263        1.28761       -3.11448
H         10.09698        0.90283        0.17378
H          8.85922       -1.22770        0.04431
H          9.99911       -3.26350       -0.76273
H         12.36683       -3.14712       -1.45102
H         13.58576       -1.01671       -1.31705
H         13.86844        2.80527       -3.04268
H         15.99565        2.55063       -4.24034
H         17.79130        1.14514       -3.29360
H         17.43989        0.01065       -1.12784
H         15.31339        0.29839        0.07683
H          9.79130        4.61655        5.00245
H         10.48864        2.98787        5.08186
H         11.50670        4.39839        5.39796
H          8.68575        4.10916        2.76494
H          9.51267        3.79318        1.22148
H          9.38129        2.50949        2.41991
H          9.93297        6.24307        3.09164
H         11.66831        6.44860        3.39497
H         11.08721        6.18288        1.74439
H         13.34193       -1.33745        3.23065
H         12.99776       -0.96432        1.52517
H         14.42563       -0.27582        2.30308
H         13.10225        0.24716        5.20894
H         14.19676        1.45310        4.49986
H         12.63641        1.96002        5.14685
H         11.05041       -0.76478        4.08113
H         10.18063        0.77285        3.90928
H         10.37338       -0.29410        2.50848
H         15.11804        5.92563       -0.66333
H         14.27054        4.52295       -1.35591
H         13.34376        5.89723       -0.75001
H         16.60706        4.56650        0.87239
H         16.06921        3.38635        2.08792
H         15.94723        2.99280        0.36944
H         15.36915        6.44684        1.87848
H         13.61332        6.66700        1.97607
H         14.43985        5.65414        3.16811
