40
CSD_code = AGELIH | q = 0 | S = 0 | Stoichiometry = C12H22Cl2N2SiTi | MND = 9
Ti         1.47123        3.81599        6.42011
Cl         0.17301        3.93124        4.57468
Cl         3.09856        2.33607        6.16987
Si         1.00483        5.16746        9.03632
N          0.62481        3.74034        8.12346
N          0.26935        1.84479        6.44150
C          1.36766        6.15684        6.33608
C          2.26310        5.92452        5.27010
C          3.41117        5.31891        5.79255
C          3.23492        5.18459        7.18726
C          1.99161        5.76116        7.54542
C          2.04954        4.81160       10.59705
C         -0.51098        6.24204        9.48509
C         -0.16426        2.64277        8.62987
C          0.20736        1.39518        7.82853
C          0.41741        0.79256        5.40577
C         -0.96583        0.32159        4.95250
C          1.26150       -0.39182        5.86509
H         -0.62480        2.30445        6.23720
H          0.42571        6.68757        6.25956
H          2.11311        6.21998        4.23984
H          4.30596        5.06379        5.23839
H          3.98554        4.82784        7.88343
H          2.55700        5.70625       10.94113
H          2.80168        4.05247       10.40131
H          1.42311        4.45905       11.41028
H         -1.16766        6.38237        8.63154
H         -1.08975        5.77723       10.27679
H         -0.20446        7.22148        9.83530
H          0.02127        2.48031        9.69982
H         -1.24193        2.85625        8.50494
H         -0.53007        0.59498        7.98410
H          1.20032        1.04786        8.13331
H          0.92207        1.26569        4.55090
H         -1.52215       -0.10386        5.78655
H         -1.52957        1.15395        4.53446
H         -0.87122       -0.44112        4.18421
H          0.75512       -0.96547        6.63764
H          2.22573       -0.05484        6.23390
H          1.43568       -1.04798        5.01624
