70
CSD_code = AGUZIM | q = 0 | S = 0 | Stoichiometry = C16H44Cl2HfN2OSi4 | MND = 5
C          8.74903        6.42072        8.02924
H          7.83603        6.72850        7.53242
H          9.08737        7.25504        8.63622
H          8.50468        5.60227        8.69931
C         10.22231        7.27067        5.43020
H         11.04990        7.09710        4.75085
H         10.36121        8.24567        5.88342
H          9.31549        7.30915        4.83767
C         11.75348        5.80963        7.72620
H         11.68068        5.08299        8.53903
H         12.00509        6.76567        8.17746
H         12.58217        5.53319        7.07378
C          8.89663        3.40852        3.42115
H          9.21341        4.33987        2.96213
H          7.97996        3.09722        2.93128
H          9.65214        2.65929        3.21305
C          7.02982        4.73615        5.43954
H          6.69843        4.83575        6.46595
H          6.21555        4.30472        4.86877
H          7.21449        5.73026        5.05093
C          8.14617        1.98392        6.15793
H          9.02461        1.48743        6.58319
H          7.69293        1.29512        5.45132
H          7.43593        2.14091        6.96552
C         13.08682        2.51713        9.87457
H         12.06990        2.89504        9.79982
H         13.49532        2.88243       10.81200
H         13.03184        1.43762        9.95415
C         15.68795        1.87329        8.33416
H         15.40426        0.86516        8.04933
H         16.18729        1.81364        9.29567
H         16.41596        2.22117        7.60996
C         14.93902        4.77059        8.94428
H         15.47443        5.24218        8.12875
H         15.64423        4.63141        9.75770
H         14.18142        5.46720        9.28789
C         14.60514        1.62092        4.65572
H         15.31347        1.12968        5.31550
H         15.10975        1.79298        3.71030
H         13.78409        0.93658        4.46894
C         15.50872        4.45319        5.37220
H         15.25739        5.45717        5.69702
H         15.91390        4.52625        4.36914
H         16.29692        4.08406        6.01669
C         12.69875        4.08681        4.22738
H         12.48772        3.43345        3.38639
H         13.05805        5.02773        3.81987
H         11.75052        4.28230        4.73671
C         12.50564       -0.17571        7.33293
H         13.34433        0.43008        6.98973
H         12.08001       -0.72771        6.48552
C         12.84588       -1.12737        8.48485
H         13.69239       -0.75002        9.05649
H         13.09723       -2.11811        8.11341
C         11.56634       -1.12943        9.33912
H         11.10331       -2.11260        9.38313
H         11.77558       -0.80543       10.35692
C         10.64913       -0.12408        8.62825
H          9.95852       -0.64547        7.95132
H         10.08615        0.51154        9.31255
Cl        11.14897        1.41716        5.05608
Cl         9.80076        3.00760        8.80103
Hf        11.24213        2.95953        6.87971
N          9.97929        4.34061        6.06775
N         13.28358        3.11539        6.96082
O         11.51445        0.71703        7.85497
Si        10.09100        5.91235        6.76633
Si         8.58967        3.65034        5.29670
Si        14.20173        3.07932        8.42505
Si        13.99784        3.28421        5.38892
