57
CSD_code = AGUZUY | q = 0 | S = 0 | Stoichiometry = C12H36Cl2N2Si4Ti | MND = 4
C          3.61618        3.18239        7.67964
H          4.39818        3.70877        8.21323
H          3.41627        2.26272        8.21883
H          2.71968        3.79282        7.72269
C          5.90937        2.07199        5.84767
H          6.23213        1.89418        4.82428
H          5.95309        1.12536        6.37736
H          6.63148        2.73715        6.30921
C          2.97188        1.45047        5.18106
H          1.95793        1.82048        5.03522
H          2.92274        0.59414        5.84708
H          3.34539        1.10003        4.21910
C          3.89226        7.20733        4.74036
H          3.41943        7.28691        3.76521
H          4.53614        8.07344        4.85837
H          3.12079        7.27394        5.50236
C          5.79925        5.80062        6.62560
H          5.07493        5.91183        7.42368
H          6.42192        6.68827        6.62504
H          6.43258        4.95581        6.86610
C          6.31113        5.54289        3.58980
H          6.86953        4.61045        3.64577
H          7.01945        6.35673        3.71406
H          5.89684        5.62081        2.58439
C          0.92197        5.04946        4.65977
H          1.46830        4.50133        5.42636
H          0.08972        5.55591        5.13957
H          1.58399        5.81401        4.25386
C         -0.38368        5.04358        1.87689
H          0.41214        5.63856        1.43441
H         -1.12601        5.72854        2.27475
H         -0.85543        4.48001        1.07904
C         -1.07429        2.77974        3.93940
H         -1.62923        2.30328        3.14052
H         -1.77876        3.36244        4.52299
H         -0.68203        1.99646        4.58039
C          2.63920        0.30534        1.69735
H          3.69132        0.45124        1.92662
H          2.58557       -0.33094        0.81932
H          2.18154       -0.24002        2.51797
C          2.52919        2.86651       -0.13921
H          2.05533        3.83091       -0.31172
H          2.43647        2.28793       -1.05363
H          3.59156        3.04494        0.02834
C         -0.03087        1.41457        0.79885
H         -0.51619        0.82316        1.56615
H          0.03225        0.80155       -0.09327
H         -0.67184        2.25760        0.57289
Cl         5.04960        2.69292        2.29961
Cl         3.29452        5.52520        1.79260
N          3.94940        4.17469        4.82969
N          1.70614        2.99797        2.74063
Si         4.13694        2.80187        5.87799
Si         4.93827        5.60897        4.93064
Si         0.31344        3.90291        3.25099
Si         1.71982        1.95293        1.34314
Ti         3.35761        3.79296        3.09968
