85
CSD_code = ASASUJ | q = 0 | S = 0 | Stoichiometry = C40H40ClNOSiZr | MND = 12
Zr         3.90149       11.38958       15.42031
Cl         2.53984       10.82008       17.26950
Si         5.18775        8.08269       17.59620
O          5.24926       10.27360       15.88948
N          6.47345        6.95603       17.84676
C          6.13641        9.46347       16.58998
C          7.04394        8.75289       15.63153
C          7.76675        7.63527       15.94201
C          7.55984        6.87866       17.19097
C          6.89606       10.28375       17.60820
C          8.26704       10.20454       17.81745
H          8.87261        9.53354       17.22662
C          8.87279       10.99684       18.77835
H          9.94026       10.92604       18.92952
C          8.12332       11.87940       19.53599
H          8.60106       12.49632       20.28223
C          6.75460       11.96206       19.33292
H          6.16102       12.64036       19.92840
C          6.14481       11.16757       18.38066
H          5.07076       11.19883       18.23026
C          7.15414        9.37290       14.30232
C          7.41532       10.74045       14.19408
H          7.56240       11.32649       15.09185
C          7.56847       11.32670       12.95004
H          7.80455       12.37889       12.87768
C          7.44139       10.56624       11.79829
H          7.56669       11.02470       10.82823
C          7.14712        9.21524       11.89693
H          7.03178        8.62038       11.00255
C          7.00139        8.62261       13.13756
H          6.76673        7.57116       13.20742
C          8.69797        7.17573       14.98792
C          9.49335        6.87666       14.12597
C         10.40015        6.49770       13.11722
C         10.49551        7.26556       11.95335
H          9.87570        8.14499       11.85073
C         11.37211        6.89520       10.95338
H         11.44210        7.48979       10.05393
C         12.16151        5.76452       11.09855
H         12.84538        5.47855       10.31319
C         12.07283        5.00182       12.25262
H         12.68884        4.12156       12.36589
C         11.19931        5.36118       13.25998
H         11.12657        4.76957       14.16128
C          8.61921        5.91668       17.70101
C          8.62881        4.66010       16.81950
H          8.88932        4.89939       15.79297
H          7.64625        4.19421       16.83069
H          9.35442        3.94865       17.20804
C          9.99744        6.58644       17.70823
H         10.31193        6.87133       16.70837
H         10.73409        5.89724       18.11559
H          9.97682        7.47450       18.33692
C          8.26780        5.50385       19.13322
H          8.22970        6.37719       19.77820
H          9.01576        4.81276       19.51448
H          7.29364        5.02659       19.15876
C          4.62131        8.60024       19.33209
H          4.28426        7.71507       19.85956
H          3.78891        9.29321       19.27577
H          5.41320        9.05395       19.91809
C          3.73595        7.38650       16.58623
H          3.23411        6.61344       17.15814
H          4.04963        6.94704       15.64392
H          3.01655        8.17743       16.38586
C          5.40988       13.27495       16.01544
H          6.44164       13.14826       16.32325
C          4.30670       13.42452       16.88510
H          4.33739       13.41464       17.96687
C          3.17849       13.76634       16.11006
H          2.20474       14.03422       16.50208
C          3.58378       13.85413       14.76831
H          2.98092       14.24766       13.96091
C          4.95639       13.52409       14.69595
H          5.58317       13.60971       13.81570
C          3.44418        9.50198       13.81054
H          3.88878        8.51960       13.89905
C          2.19315        9.90638       14.32505
H          1.49442        9.28557       14.87456
C          1.92565       11.21169       13.85139
H          0.99306       11.74977       13.98235
C          3.00220       11.59947       13.02888
H          3.03538       12.47014       12.38767
C          3.95532       10.56022       13.02671
H          4.83611       10.51483       12.40090
