77
CSD_code = BUNFEW | q = 0 | S = 0 | Stoichiometry = C21H46N4P2Si3Zr | MND = 6
Zr         3.03233        0.77843        3.66831
N          4.53356       -0.68026        3.31081
N          1.99523        1.08364        5.45391
N          1.62364        0.74803        2.15926
N          1.87696       -1.36268        3.96148
P          5.51473        0.92162        5.01669
H          6.16651        1.59156        6.09658
H          6.39563       -0.16152        5.17230
P          4.12521        3.08676        3.07429
H          3.90972        3.45835        1.73675
Si         5.16717       -0.95192        1.73248
Si         2.58273        1.77366        6.89945
Si         0.54002        2.04207        1.90492
C          4.27501       -1.79882        4.18648
H          4.28956       -1.44968        5.24101
H          5.03507       -2.58977        4.09674
C          0.83783        0.22035        5.50279
H          0.12346        0.51151        4.71232
H          0.30849        0.28678        6.46296
C          1.33290       -0.58976        1.70245
H          2.23487       -1.04002        1.25720
H          0.54360       -0.60991        0.93743
C          2.89227       -2.41371        3.89438
H          2.91795       -2.82462        2.88337
H          2.67158       -3.23421        4.59532
C          1.26877       -1.24134        5.28631
H          2.02137       -1.47615        6.04784
H          0.41894       -1.93498        5.40417
C          0.87741       -1.45920        2.89376
H         -0.07429       -1.05676        3.25070
H          0.71447       -2.50341        2.58651
C          4.55964        0.48898        0.62913
H          5.31908        1.26221        0.56832
H          3.64173        0.94108        1.02545
H          4.36508        0.15364       -0.38538
C          7.08055       -1.08885        1.68160
H          7.55657       -0.14232        1.90921
H          7.41933       -1.39854        0.69828
H          7.44579       -1.81938        2.39783
C          4.63392       -2.61093        0.89224
H          3.57877       -2.66391        0.63924
H          4.86900       -3.46290        1.52381
H          5.18718       -2.74171       -0.03210
C          1.15398        2.26395        8.08788
H          0.36751        2.79362        7.55986
H          1.51137        2.91221        8.87996
H          0.70759        1.39481        8.56133
C          3.51516        3.38418        6.47310
H          4.42966        3.19120        5.91730
H          3.79116        3.91550        7.37792
H          2.90288        4.05067        5.87205
C          3.69858        0.61022        7.97058
H          4.46242        0.11797        7.36879
H          3.11402       -0.16504        8.46025
H          4.21053        1.16623        8.74887
C         -1.31850        1.53075        1.92566
H         -1.64713        1.21477        2.91196
H         -1.50562        0.71125        1.23837
H         -1.95233        2.35599        1.62038
C          0.81442        3.30438        3.31711
H          1.52851        4.06699        3.01603
H          1.20291        2.81170        4.21330
H         -0.10672        3.81613        3.57903
C          0.82184        2.90923        0.20995
H          1.86011        3.20982        0.09548
H          0.20938        3.79988        0.11494
H          0.57680        2.25353       -0.62068
C          6.49287        1.78327        3.74390
C          7.86680        1.58939        3.67382
H          8.34323        0.92978        4.38856
C          8.62330        2.21383        2.69836
H          9.69009        2.05316        2.64929
C          7.99372        3.04202        1.77737
H          8.57528        3.52690        1.00583
C          6.63616        3.26188        1.85247
H          6.15687        3.93046        1.14928
C          5.84980        2.64932        2.84003
