105
CSD_code = CABCOZ | q = 0 | S = 0 | Stoichiometry = C34H64BLaN2OSi2 | MND = 6
La        -1.07441        6.91704        3.77146
Si        -1.36493        9.87374        5.59751
O         -3.40428        6.27279        2.50279
N         -2.05442        8.99562        4.29453
C         -2.96267        9.56693        3.39655
B          0.80703        6.63922        1.95182
H         -0.49088        6.50128        1.77182
H          1.07636        7.13454        3.09034
H          1.18215        7.39786        1.12790
H          1.31441        5.57202        1.85394
Si         0.36217        4.95132        6.44951
N         -0.96449        5.25421        5.39061
C         -4.33387        9.68951        3.71338
C         -5.20382       10.27733        2.80805
H         -6.24752       10.38492        3.06529
C         -4.76368       10.75256        1.58814
H         -5.45392       11.21479        0.89822
C         -3.42220       10.65021        1.27365
H         -3.07375       11.05097        0.33361
C         -2.51793       10.06893        2.14934
C         -4.86228        9.23300        5.05263
H         -4.07565        8.64172        5.53175
C         -5.16725       10.44677        5.93432
H         -4.28157       11.06311        6.05040
H         -5.50274       10.12456        6.91837
H         -5.95168       11.05348        5.48613
C         -6.11940        8.36887        4.92505
H         -5.94074        7.51687        4.27458
H         -6.95143        8.94050        4.52066
H         -6.41640        7.99937        5.90438
C         -1.04901       10.04577        1.77960
H         -0.52085        9.36915        2.47422
C         -0.80628        9.55075        0.35096
H         -1.25286        8.57012        0.19303
H          0.26255        9.46785        0.16830
H         -1.21719       10.24143       -0.38173
C         -0.45390       11.44719        1.95108
H         -0.58404       11.78958        2.97322
H         -0.94833       12.15266        1.28617
H          0.60874       11.43804        1.71655
C         -1.92427        9.22366        7.31627
H         -1.96490        8.13788        7.32227
H         -2.90382        9.59134        7.60129
H         -1.22618        9.52951        8.08906
C         -1.65701       11.76827        5.54249
H         -2.04678       12.13677        6.48586
H         -2.37323       12.02082        4.76669
H         -0.74092       12.31344        5.33874
C          0.53459        9.55025        5.52553
H          0.74950        8.47697        5.55396
H          1.03453        9.99623        6.37956
H          0.99129        9.96613        4.63043
C         -1.96611        4.28419        5.24562
C         -1.89051        3.31325        4.21967
C         -2.87469        2.34198        4.11565
H         -2.80389        1.59226        3.34046
C         -3.93839        2.29949        4.99853
H         -4.69300        1.53230        4.90769
C         -4.01457        3.24054        6.00802
H         -4.83592        3.19684        6.70833
C         -3.04710        4.22215        6.15099
C         -3.14433        5.21568        7.28353
H         -2.30709        5.91257        7.17778
C         -4.44355        6.01727        7.20184
H         -4.51349        6.50602        6.23401
H         -4.46332        6.78075        7.97644
H         -5.31220        5.37581        7.33232
C         -3.02291        4.51615        8.63811
H         -2.09506        3.95299        8.68798
H         -3.85152        3.82898        8.79499
H         -3.03012        5.24976        9.44199
C         -0.72874        3.30430        3.24971
H         -0.10668        4.19091        3.44811
C          0.14385        2.06544        3.46894
H          0.49933        2.03434        4.49500
H          1.00334        2.08835        2.80205
H         -0.41970        1.15560        3.27277
C         -1.20389        3.36731        1.79379
H         -1.86382        4.22160        1.63947
H         -1.73923        2.46076        1.51751
H         -0.34895        3.47359        1.12900
C          2.01810        5.18430        5.50518
H          2.15633        6.21869        5.19910
H          2.08740        4.56580        4.61548
H          2.85600        4.92818        6.14535
C          0.44517        6.18651        7.91942
H         -0.31824        5.99573        8.66643
H          0.33230        7.21394        7.58676
H          1.40859        6.10901        8.41329
C          0.33097        3.17971        7.18365
H          0.37827        3.20033        8.26745
H          1.16903        2.58422        6.83642
H         -0.58171        2.66416        6.90165
C         -4.44131        5.36672        2.92800
H         -4.68152        5.60707        3.96766
H         -4.06319        4.33955        2.89681
C         -5.63968        5.56249        1.99072
H         -6.57880        5.59974        2.53737
H         -5.69286        4.74754        1.26882
C         -5.31827        6.87781        1.28251
H         -5.75629        6.94388        0.29013
H         -5.64294        7.73296        1.87478
C         -3.79706        6.83598        1.24419
H         -3.44496        6.19005        0.42619
H         -3.34628        7.82685        1.15825
