94
CSD_code = CAMZEX | q = 0 | S = 0 | Stoichiometry = C37H47FN6Si2Ti | MND = 5
Ti        22.93232       25.01827       14.18773
N         21.69883       23.67515       14.85968
N         20.32447       23.95361       14.76480
N         24.28879       24.09880       14.99041
N         22.80942       24.75121       12.31782
N         21.96822       26.50938       14.90077
N         24.23951       26.57776       13.69722
Si        23.94252       23.74221       11.51609
Si        22.33393       27.41158       16.30902
C         24.40557       22.94352       15.50505
C         23.25675       22.11879       15.83950
C         21.99251       22.54084       15.49850
C         25.79770       22.38859       15.76207
C         23.38771       20.83339       16.53628
C         24.11439       20.71935       17.72129
C         24.20163       19.49483       18.34943
C         23.58694       18.35954       17.85457
C         22.85453       18.47679       16.68484
C         22.75620       19.69248       16.03534
C         19.58021       24.05529       15.93524
C         20.21798       24.40798       17.12853
C         19.49986       24.48954       18.30451
C         18.14041       24.22013       18.32282
C         17.50761       23.85003       17.14744
C         18.21456       23.75738       15.96448
C         19.77673       24.00114       13.48842
C         20.31371       23.20155       12.47322
C         19.80383       23.27156       11.19087
C         18.75474       24.12729       10.89318
C         18.21446       24.91823       11.89604
C         18.71843       24.86595       13.18101
C         22.21847       25.88554       11.67926
C         21.38425       27.15468       13.76798
C         22.28585       27.22813       12.47895
C         21.69791       28.31689       11.57453
C         23.70387       27.49152       12.87979
C         24.44459       28.60282       12.47180
C         25.73905       28.76383       12.92694
C         26.26985       27.81804       13.79711
C         25.47960       26.74202       14.15057
C         25.77117       24.27059       11.81589
C         23.75391       21.94429       12.14550
C         23.66334       23.75284        9.61669
C         23.27948       29.05967       15.96673
C         23.44567       26.30152       17.39926
C         20.74165       27.94795       17.24051
F         24.91089       19.40486       19.50075
H         21.14818       21.92092       15.81481
H         25.81326       21.30546       15.67796
H         26.13728       22.66790       16.75827
H         26.48698       22.82050       15.03828
H         24.58864       21.57943       18.16532
H         23.68098       17.42097       18.37654
H         22.36212       17.60661       16.27664
H         22.19504       19.76558       15.11542
H         21.27744       24.62349       17.11119
H         20.00626       24.77062       19.21638
H         17.58197       24.28853       19.24380
H         16.45252       23.61757       17.15261
H         17.71330       23.43684       15.06347
H         21.11957       22.52095       12.70495
H         20.22368       22.64425       10.41828
H         18.35793       24.17699        9.89045
H         17.39844       25.59046       11.67225
H         18.30109       25.49578       13.95366
H         22.68462       26.07977       10.70023
H         21.14681       25.69569       11.48592
H         21.10213       28.19149       14.00876
H         20.45870       26.63607       13.46363
H         21.71843       29.28915       12.06311
H         22.23795       28.38127       10.63172
H         20.66073       28.07441       11.35057
H         24.01887       29.33405       11.80469
H         26.32499       29.61577       12.61492
H         27.27206       27.91826       14.18291
H         25.83141       25.96410       14.82263
H         26.47132       23.62812       11.29076
H         25.98997       24.21006       12.87979
H         25.96020       25.29253       11.49324
H         22.96476       21.40570       11.63007
H         24.67490       21.39254       11.98836
H         23.54071       21.93582       13.21150
H         24.18599       22.92935        9.14305
H         24.02759       24.66964        9.16358
H         22.61011       23.66082        9.37231
H         23.29733       29.69263       16.84818
H         24.30961       28.88649       15.66638
H         22.80037       29.62775       15.17326
H         22.93173       25.98378       18.30033
H         24.34061       26.83043       17.71222
H         23.75042       25.41276       16.84122
H         20.98009       28.36718       18.21250
H         20.20189       28.70843       16.68348
H         20.06461       27.11371       17.39583
