136
CSD_code = CUJQEF | q = 0 | S = 0 | Stoichiometry = C36H90LaN3Si6 | MND = 3
C         -8.67705        0.44431        9.38583
C         -8.59950        1.32986        8.13952
H         -7.96240        2.19294        8.31363
H         -9.59241        1.69473        7.87575
H         -8.20980        0.77782        7.28773
C         -9.69627       -0.66153        9.11836
H         -9.40758       -1.25673        8.25590
H        -10.68037       -0.23573        8.91955
H         -9.77775       -1.32023        9.97778
C         -9.18244        1.29823       10.54636
H         -9.27900        0.69636       11.44318
H        -10.15762        1.72544       10.30953
H         -8.49389        2.11144       10.75222
C         -5.60554        1.04718        9.50848
H         -5.71248        1.49536        8.52540
H         -4.60488        0.60515        9.53449
H         -5.67637        1.85770       10.23913
C         -6.55623       -1.59714        8.42351
H         -7.21981       -2.45332        8.45528
H         -5.53820       -1.96574        8.50393
H         -6.65690       -1.14787        7.44027
C         -7.49986       -3.78793       11.83915
C         -8.70272       -3.98593       10.91771
H         -9.63356       -3.79405       11.44456
H         -8.73293       -5.00980       10.54338
H         -8.64453       -3.31390       10.06662
C         -7.64357       -4.74956       13.02157
H         -6.76110       -4.72343       13.65552
H         -7.76721       -5.77139       12.66203
H         -8.51207       -4.50098       13.62672
C         -6.24061       -4.16789       11.06392
H         -6.11162       -3.51584       10.20760
H         -6.30551       -5.19774       10.71062
H         -5.35986       -4.08233       11.69347
C         -9.19647       -1.49958       13.04315
H         -9.21035       -0.53646       13.54426
H         -9.56474       -2.23450       13.75241
H         -9.90860       -1.45393       12.22767
C         -6.39979       -1.84756       14.08534
H         -5.32155       -1.91829       13.91482
H         -6.66511       -2.65206       14.76420
H         -6.63319       -0.91782       14.61076
C         -6.26983        4.87725       14.53099
C         -5.68898        6.22988       14.12673
H         -4.67989        6.11024       13.74689
H         -5.65776        6.90440       14.98309
H         -6.29355        6.69927       13.35517
C         -7.70161        5.10454       15.02444
H         -8.33102        5.49199       14.22763
H         -7.70798        5.82841       15.83974
H         -8.14050        4.18114       15.39268
C         -5.44219        4.33364       15.69443
H         -5.83655        3.38274       16.04368
H         -5.45684        5.03241       16.53165
H         -4.41072        4.19083       15.38791
C         -7.31326        2.11691       13.62218
H         -7.23122        1.27965       12.91668
H         -8.36723        2.37372       13.67130
H         -7.02240        1.78667       14.61935
C         -7.30698        4.46328       11.64518
H         -7.01141        5.49185       11.47268
H         -8.36501        4.46743       11.88661
H         -7.19095        3.93738       10.70348
La        -4.79156        0.44605       12.50387
N         -6.63960       -0.79571       11.43132
N         -4.79151        2.92696       12.50431
Si        -6.94181       -0.31589        9.80414
Si        -7.42281       -1.94578       12.44779
Si        -6.26939        3.63639       13.03509
C         -3.31335        4.87698       10.47704
C         -3.89367        6.22991       10.88108
H         -4.90306        6.11083       11.26031
H         -3.92399        6.90451       10.02475
H         -3.28930        6.69890       11.65302
C         -1.88156        5.10369        9.98335
H         -1.25205        5.49157       10.77986
H         -1.87510        5.82699        9.16754
H         -1.44284        4.17997        9.61572
C         -4.14131        4.33345        9.31380
H         -3.74698        3.38264        8.96428
H         -4.12698        5.03235        8.47667
H         -5.17269        4.19052        9.62059
C         -2.26991        2.11686       11.38620
H         -2.35236        1.27945       12.09148
H         -1.21590        2.37354       11.33757
H         -2.56043        1.78686       10.38885
C         -2.27578        4.46375       13.36258
H         -2.57115        5.49244       13.53470
H         -1.21782        4.46770       13.12082
H         -2.39158        3.93831       14.30457
Si        -3.31375        3.63639       11.97319
C         -0.90584        0.44453       15.62173
C         -0.98332        1.33035       16.86784
H         -1.62064        2.19325       16.69366
H          0.00957        1.69550       17.13131
H         -1.37272        0.77843       17.71984
C          0.11306       -0.66153       15.88948
H         -0.17602       -1.25672       16.75180
H          1.09720       -0.23597       16.08862
H          0.19467       -1.32018       15.03002
C         -0.40000        1.29812       14.46115
H         -0.30403        0.69628       13.56426
H          0.57557        1.72450       14.69790
H         -1.08789        2.11194       14.25548
C         -3.97742        1.04756       15.49944
H         -3.87079        1.49533       16.48274
H         -4.97809        0.60555       15.47295
H         -3.90634        1.85835       14.76913
C         -3.02664       -1.59671       16.58436
H         -2.36316       -2.45296       16.55248
H         -4.04472       -1.96521       16.50412
H         -2.92573       -1.14743       17.56757
C         -2.08329       -3.78769       13.16836
C         -0.88032       -3.98540       14.08973
H          0.05044       -3.79345       13.56276
H         -0.84991       -5.00920       14.46422
H         -0.93857       -3.31322       14.94069
C         -1.93937       -4.74928       11.98592
H         -2.82174       -4.72319       11.35184
H         -1.81571       -5.77111       12.34543
H         -1.07080       -4.50060       11.38092
C         -3.34237       -4.16797       13.94368
H         -3.47145       -3.51591       14.79999
H         -3.27720       -5.19779       14.29702
H         -4.22319       -4.08266       13.31420
C         -0.38719       -1.49936       11.96414
H         -0.37314       -0.53586       11.46379
H         -0.01954       -2.23386       11.25412
H          0.32530       -1.45466       12.77935
C         -3.18392       -1.84729       10.92237
H         -4.26223       -1.91691       11.09303
H         -2.91943       -2.65248       10.24400
H         -2.94969       -0.91811       10.39636
N         -2.94391       -0.79568       13.57662
Si        -2.64121       -0.31552       15.20362
Si        -2.16074       -1.94550       12.55984
