71
CSD_code = DAGJIE | q = 0 | S = 0 | Stoichiometry = C18H44Cl3NP2Si2Zr | MND = 6
Zr         5.51292        8.98541       11.11649
Cl         4.43715       10.87015       12.03633
Cl         4.38517        9.47720        9.08121
Cl         6.88097        8.97933       13.05708
P          3.71522        7.41591       12.23215
P          7.50287       10.13391        9.84642
Si         6.35226        5.88998       11.58811
Si         7.18308        7.19599        8.97635
N          6.34592        7.19432       10.47330
C          4.94909        6.23345       12.88266
C          7.54754        9.01119        8.40995
C          2.51145        6.36946       11.24671
C          2.71124        7.89843       13.73652
C          9.20134        9.92356       10.60637
C          7.50990       11.88334        9.15194
C          7.96739        5.69523       12.59788
C          6.04010        4.17880       10.78371
C          8.87144        6.29625        9.03050
C          6.13834        6.43140        7.56447
C          2.96100        6.38353        9.78580
C          2.33757        4.94684       11.76760
C          3.63265        8.53610       14.77507
C          1.64633        8.90779       13.30695
C         10.35927        9.96893        9.61312
C          9.38741       10.96031       11.71474
C          6.92475       11.96309        7.74673
C          6.67302       12.72628       10.11644
H          5.43858        6.73859       13.71635
H          4.47787        5.33079       13.27050
H          6.72989        9.30610        7.75375
H          8.47920        9.10863        7.85364
H          1.54399        6.88231       11.31424
H          2.23519        7.00242       14.15749
H          9.16302        8.92717       11.07221
H          8.54212       12.25390        9.13736
H          7.85940        4.94196       13.37222
H          8.78530        5.38680       11.95637
H          8.25050        6.62643       13.07827
H          5.17990        4.15184       10.12491
H          6.90542        3.90695       10.19145
H          5.90957        3.40979       11.53743
H          8.71528        5.24064        9.21563
H          9.39924        6.38588        8.08718
H          9.51840        6.67324        9.81514
H          5.19175        6.95188        7.45196
H          6.66101        6.48536        6.61515
H          5.92563        5.38634        7.76029
H          3.99612        6.05249        9.69686
H          2.33147        5.72680        9.18637
H          2.89009        7.39105        9.37458
H          2.09055        4.94023       12.82782
H          1.52349        4.45994       11.23255
H          3.24046        4.36326       11.61053
H          4.31268        7.80986       15.21554
H          4.22169        9.33602       14.31878
H          3.04200        8.97074       15.57996
H          1.09044        9.26015       14.17409
H          2.12280        9.76836       12.83505
H          0.93374        8.47588       12.60662
H         10.35485        9.10324        8.95651
H         10.32372       10.87088        9.00445
H         11.30333        9.96970       10.15583
H         10.28986       10.74365       12.28381
H          9.48205       11.96317       11.30200
H          8.54308       10.93542       12.40459
H          6.84711       13.00614        7.44274
H          7.55047       11.44622        7.02247
H          5.92481       11.53085        7.72783
H          7.01353       12.61022       11.14707
H          6.72323       13.78212        9.85380
H          5.62827       12.41081       10.06803
