66
CSD_code = DIQQID | q = 0 | S = 0 | Stoichiometry = C17H40Cl2N2O2Si2Zr | MND = 6
Zr        -0.64411        2.76262        2.85753
Cl         0.21968        2.21180        0.69227
Si         2.26770        4.45106        2.67625
O          0.67342        0.97103        3.40836
N          0.78655        4.07717        3.45643
C          1.33299        0.94885        4.69286
H          1.74619        1.94806        4.87843
H          0.57768        0.72271        5.45786
C          2.38460       -0.15530        4.61748
H          2.57442       -0.60470        5.58906
H          3.32115        0.22934        4.21395
C          1.74733       -1.12212        3.62312
H          0.97596       -1.71771        4.11433
H          2.46568       -1.78939        3.15375
C          1.12694       -0.14829        2.62803
H          1.87445        0.19465        1.90115
H          0.27616       -0.55835        2.07618
C          0.01163        5.19897        3.96568
H          0.64907        5.86443        4.56833
H         -0.77436        4.80927        4.63395
C         -0.64411        6.05182        2.85746
H          0.11538        6.69134        2.40213
H         -1.40353        6.69140        3.31283
C          3.33017        2.86387        2.54238
H          3.62106        2.46376        3.50772
H          4.24133        3.09604        2.00222
H          2.80790        2.09981        1.97806
C          2.25543        5.18321        0.89082
H          1.75002        6.14325        0.82684
H          1.76963        4.50430        0.19500
H          3.27170        5.33182        0.53695
C          3.26844        5.70660        3.73218
H          2.87490        6.71288        3.63418
H          4.30573        5.73243        3.41823
H          3.25029        5.44676        4.78594
Cl        -1.50712        2.21055        5.02229
O         -1.96188        0.97125        2.30658
C         -2.62126        0.94887        1.02197
H         -3.03449        1.94802        0.83619
H         -1.86585        0.72264        0.25709
C         -3.67276       -0.15537        1.09725
H         -3.86237       -0.60489        0.12569
H         -4.60941        0.22924        1.50056
C         -3.03560       -1.12200        2.09186
H         -2.26406       -1.71754        1.60085
H         -3.75397       -1.78932        2.56114
C         -2.41552       -0.14798        3.08695
H         -3.16326        0.19503        3.81356
H         -1.56486       -0.55788        3.63910
C         -1.29979        5.19893        1.74920
N         -2.07470        4.07714        2.25848
Si        -3.55583        4.45103        3.03870
C         -4.61837        2.86390        3.17271
H         -4.90868        2.46327        2.20740
H         -5.52983        3.09630        3.71228
H         -4.09626        2.10023        3.73774
C         -3.54362        5.18329        4.82407
H         -3.03821        6.14333        4.88808
H         -3.05778        4.50431        5.51979
H         -4.55987        5.33187        5.17804
C         -4.55664        5.70651        1.98275
H         -4.16319        6.71282        2.08076
H         -5.59397        5.73232        2.29657
H         -4.53838        5.44668        0.92899
H         -1.93725        5.86441        1.14659
H         -0.51384        4.80916        1.08087
