65
CSD_code = ECOPAP | q = 0 | S = 0 | Stoichiometry = C23H37N3SiTi | MND = 8
Ti        11.61434        3.62955        4.48864
Si        12.02833        1.45293        2.57265
C         11.79865        4.06132        1.55136
N         11.78080        3.17759        2.58771
N         10.32663        4.94279        4.53700
N         13.18494        4.54290        4.82114
C         11.80139        3.64887        0.20670
H         11.80833        2.59060       -0.00914
C         11.57097        1.34412        4.40501
C         11.79207        4.55637       -0.82626
H         11.79135        4.18902       -1.84160
C         11.80627        6.34865        0.74807
H         11.81741        7.40930        0.96440
C         11.78682        5.93318       -0.58821
C         10.26842        1.77547        4.81818
C         12.47164        1.67531        5.45485
C          9.25137        2.78619        7.00037
H          8.34725        3.00863        6.43558
H          9.52367        3.67407        7.57317
H          9.01580        1.98927        7.71128
C         10.37370        2.35959        6.09588
C          8.98891        1.43546        4.10701
H          8.76556        0.37355        4.24094
H          9.05757        1.62525        3.03690
H          8.14878        2.00159        4.50616
C         11.76862        6.92927       -1.64429
H         11.80791        7.95425       -1.29240
C         13.83165        1.00680        2.08755
H         13.98221        1.18942        1.02778
H         14.04572       -0.04133        2.26894
H         14.56047        1.60288        2.62748
C         11.81490        5.45044        1.78959
H         11.84000        5.79375        2.82206
C         13.91394        1.26249        5.54674
H         14.59165        2.11418        5.46055
H         14.15073        0.55110        4.76003
H         14.10381        0.77993        6.50782
C         11.74483        2.30019        6.49203
C         12.24215        2.56236        7.88684
H         12.02630        1.69865        8.52320
H         11.75118        3.42700        8.33529
H         13.31813        2.72678        7.89958
C         10.90706        0.39119        1.42435
H         10.07591        0.96124        1.02070
H         10.49647       -0.46441        1.95016
H         11.47900        0.01106        0.58417
C         10.19949        6.10310        5.37980
H         10.10660        7.02492        4.77913
H         11.07000        6.20568        6.02988
H          9.29427        6.03774        6.01095
C         11.70388        6.71078       -2.95446
H         11.65686        5.72253       -3.37842
H         11.69343        7.52512       -3.65875
C          9.16962        4.81460        3.68381
H          8.25010        4.64414        4.27261
H          9.30575        3.98925        2.98016
H          9.01088        5.73650        3.09892
C         13.54129        5.16273        6.07216
H         14.47037        4.72677        6.48412
H         12.74409        5.03199        6.80876
H         13.72773        6.24437        5.94425
C         14.28316        4.64716        3.88944
H         14.51122        5.70248        3.66024
H         14.04413        4.13514        2.95579
H         15.20494        4.20517        4.30997
