82
CSD_code = EHONIZ | q = 0 | S = 0 | Stoichiometry = C36H41NO2SiW | MND = 9
W          1.18181        1.20344        3.33242
Si         3.35363        4.45684        3.54173
O         -1.55714        1.81692        1.99386
O         -0.74859        2.75912        5.21991
N          2.51482        3.01847        3.03376
C          2.01332        2.55308        1.97808
C          2.18381        3.04515        0.58437
H          3.15041        3.55041        0.48331
H          2.14081        2.20305       -0.11050
C          1.05183        4.02259        0.25474
H          0.08772        3.54195        0.40375
H          1.12971        4.34401       -0.78113
H          1.10707        4.89643        0.89942
C         -0.52247        1.57830        2.46335
C          0.02116        2.23714        4.52712
C          3.97990        4.05426        5.27856
C          5.21878        4.47925        5.74556
H          5.86706        5.04421        5.09025
C          5.63576        4.18917        7.03151
H          6.60620        4.52541        7.37017
C          4.81912        3.47501        7.89888
C          3.57395        3.05816        7.44100
H          2.92003        2.51221        8.10786
C          3.16265        3.34126        6.15293
H          2.19160        3.00539        5.80976
C          5.27249        3.14309        9.28798
H          5.71052        2.14411        9.30980
H          4.43434        3.15568        9.98142
H          6.02577        3.84875        9.63030
C          2.07781        5.85307        3.57687
C          2.45325        7.18191        3.75829
H          3.50070        7.42540        3.87028
C          1.50977        8.18936        3.79621
H          1.82260        9.21528        3.93455
C          0.15541        7.90148        3.66084
C         -0.22445        6.57704        3.48981
H         -1.27076        6.32736        3.38853
C          0.72076        5.56876        3.44931
H          0.40214        4.54162        3.31665
C         -0.85932        9.00245        3.71032
H         -1.85562        8.62260        3.49977
H         -0.61826        9.77758        2.98408
H         -0.86621        9.46352        4.69771
C          4.77146        4.80905        2.33362
C          4.68323        5.82375        1.38549
H          3.78907        6.42910        1.34041
C          5.71796        6.07070        0.50228
H          5.62373        6.86655       -0.22353
C          6.87842        5.30834        0.53470
C          6.97135        4.28927        1.47614
H          7.86646        3.68378        1.51632
C          5.93616        4.04577        2.35733
H          6.03375        3.25132        3.08434
C          8.01417        5.58335       -0.40236
H          7.68667        6.18540       -1.24635
H          8.44153        4.65438       -0.77491
H          8.80282        6.12730        0.11859
C          3.05957       -0.01852        4.03607
C          2.75497       -0.36883        2.68149
C          1.47377       -0.97843        2.65927
C          0.95141       -0.95949        4.00558
C          1.96877       -0.39781        4.85280
C          4.39326        0.49479        4.48968
H          5.12492       -0.31715        4.48892
H          4.34233        0.90902        5.49465
H          4.75953        1.27767        3.82375
C          3.73987       -0.31965        1.54903
H          4.34724        0.58544        1.58896
H          3.23410       -0.34875        0.58521
H          4.41382       -1.17853        1.60181
C          0.84285       -1.69134        1.50014
H          1.17300       -1.27292        0.55111
H         -0.24273       -1.62021        1.54297
H          1.11600       -2.74907        1.51956
C         -0.23871       -1.74334        4.48459
H         -1.03107       -1.74444        3.73770
H         -0.63964       -1.31939        5.40372
H          0.04700       -2.77960        4.68202
C          1.92570       -0.38855        6.35218
H          2.17395       -1.38091        6.73664
H          0.93315       -0.12512        6.71548
H          2.63976        0.32299        6.76126
