80
CSD_code = EJOROK | q = 0 | S = 0 | Stoichiometry = C30H42ClN3NbPSi2 | MND = 5
Nb        -0.89952        0.93496        5.18389
Cl        -1.74373        0.16999        7.22601
P          1.22270       -0.39889        5.67313
Si         1.95652        2.49531        6.10904
Si         0.83986       -0.22226        2.64212
N          0.36247        2.53949        5.42915
N         -0.70468       -0.17405        3.40784
N         -2.32264        1.82927        4.60316
C          2.31980        0.68070        6.64580
C          2.08837       -0.59796        4.07127
C          3.35355        3.05106        4.91668
C          2.01451        3.60317        7.66762
C          1.31704        1.48013        1.89164
C          0.99292       -1.63150        1.36151
C         -0.19594        3.81672        5.26043
C          0.27960        4.70434        4.29785
C         -0.31899        5.93983        4.12453
C         -1.39063        6.31565        4.91455
C         -1.85774        5.44845        5.89042
C         -1.26219        4.21613        6.07180
C          1.28448       -2.05267        6.51113
C          2.67245       -2.66597        6.66564
C          2.56749       -4.01763        7.36957
C          1.64556       -4.95627        6.59579
C          0.25542       -4.34240        6.45098
C          0.34299       -2.98929        5.75205
C         -1.90349       -0.38465        2.74441
C         -2.97990       -0.93019        3.45967
C         -4.21448       -1.09481        2.86438
C         -4.40680       -0.73933        1.53894
C         -3.34817       -0.21663        0.81653
C         -2.11089       -0.04355        1.40636
C         -3.39541        2.40242        4.06561
C         -4.68849        2.04711        4.49623
C         -5.79775        2.61803        3.91281
C         -5.65642        3.55581        2.89996
C         -4.38819        3.92138        2.47164
C         -3.26722        3.35761        3.03960
H          2.05621        0.55188        7.69810
H          3.36723        0.40738        6.51238
H          2.48757       -1.60821        3.98736
H          2.92858        0.09528        4.04475
H          3.27805        2.59608        3.93314
H          4.32668        2.79720        5.32673
H          3.33025        4.12804        4.78593
H          1.27717        3.30134        8.40673
H          1.80031        4.63202        7.39721
H          2.99102        3.58098        8.13993
H          2.39007        1.60228        1.77297
H          0.94342        2.27471        2.53880
H          0.86861        1.62040        0.91277
H          0.70125       -2.58984        1.77973
H          2.01326       -1.71822        1.00371
H          0.35703       -1.44707        0.50437
H          1.10934        4.40857        3.67206
H          0.05351        6.60990        3.36298
H         -1.85923        7.27769        4.77312
H         -2.69056        5.73768        6.51416
H         -1.62053        3.53034        6.83641
H          0.86196       -1.87104        7.51248
H          3.31765       -1.99783        7.24161
H          3.13128       -2.81180        5.68441
H          2.17096       -3.87133        8.37718
H          3.56094       -4.46222        7.46253
H          1.57627       -5.91558        7.11241
H          2.06613       -5.14095        5.60400
H         -0.18678       -4.20938        7.44123
H         -0.39233       -5.01291        5.88244
H          0.71009       -3.13010        4.73004
H         -0.65441       -2.53458        5.68900
H         -2.82779       -1.22075        4.50072
H         -5.03404       -1.50520        3.43649
H         -5.37366       -0.86462        1.07615
H         -3.48921        0.07111       -0.21550
H         -1.29859        0.39600        0.84714
H         -4.77537        1.31519        5.28883
H         -6.78555        2.33375        4.24721
H         -6.53038        4.00059        2.44780
H         -4.27860        4.65382        1.68427
H         -2.26879        3.62750        2.72191
