69
CSD_code = ENASIW | q = 0 | S = 0 | Stoichiometry = C25H38BFeNOSi2 | MND = 9
Fe         5.29055       17.08830       15.24619
C          6.66430       16.05090       15.29570
O          7.61899       15.39083       15.30512
C          3.22804       16.65888       15.01533
C          3.41779       18.02547       15.35883
C          4.01013       18.08984       16.65590
C          4.25889       16.77069       17.08269
C          3.77044       15.87923       16.07252
C          2.48832       16.16126       13.81698
H          2.78918       15.14890       13.56689
H          2.69393       16.79391       12.95742
H          1.41192       16.16844       14.00143
C          2.90994       19.20792       14.60016
H          3.64402       20.01208       14.61091
H          1.98721       19.58791       15.04283
H          2.71092       18.94340       13.56579
C          4.19353       19.33985       17.45200
H          3.27558       19.57236       17.99611
H          4.42402       20.18397       16.80636
H          4.99921       19.23477       18.17419
C          4.81156       16.33448       18.40162
H          5.36879       17.13967       18.87239
H          5.47746       15.48516       18.26897
H          4.00815       16.03498       19.07753
C          3.65909       14.39914       16.26940
H          3.01668       14.19064       17.12661
H          4.63346       13.95740       16.46811
H          3.22966       13.91457       15.39796
C          6.28452       18.44580       13.99014
C          6.55808       18.79580       15.16385
C          7.15410       19.56383       16.18796
C          7.36191       20.94109       16.08018
H          7.07215       21.45198       15.17313
C          7.93010       21.63677       17.12965
H          8.08546       22.70292       17.04446
C          8.30192       20.97596       18.28992
H          8.74474       21.52693       19.10657
C          8.10425       19.60657       18.40113
H          8.39635       19.09258       19.30580
C          7.52933       18.90373       17.36341
H          7.35403       17.83896       17.41912
N          5.58300       16.73002       12.07776
B          5.75067       17.22432       13.36180
Si         5.45753       15.00536       11.70994
C          5.42132       14.00999       13.32086
H          6.39939       13.60053       13.54675
H          4.72447       13.17977       13.27793
H          5.15257       14.66021       14.14674
C          3.87400       14.67697       10.68840
H          3.10986       15.42719       10.85992
H          3.44744       13.71192       10.94396
H          4.08471       14.65879        9.62488
C          7.01457       14.50680       10.72402
H          7.11723       15.05911        9.79606
H          6.99203       13.45006       10.47575
H          7.90972       14.68590       11.31221
Si         5.78702       17.96841       10.81543
C          5.18095       17.37718        9.11053
H          5.69858       16.49051        8.76584
H          5.35544       18.15985        8.37912
H          4.11847       17.16279        9.10768
C          4.72297       19.47960       11.28434
H          3.66174       19.25147       11.24879
H          4.89905       20.30567       10.60271
H          4.95585       19.81973       12.28720
C          7.63421       18.42899       10.73875
H          7.99601       18.70374       11.72466
H          7.81089       19.26762       10.07280
H          8.23798       17.59740       10.38903
