136
CSD_code = ESIGUJ | q = 0 | S = 0 | Stoichiometry = C56H70N3O4Si2Y | MND = 6
Y          6.98566       11.75457       22.11296
Si         5.68277       11.11921       25.17243
Si         8.35676       12.57420       25.09906
O          5.21679       13.74149       22.49399
O          8.96906       12.19337       20.93425
O          8.78057        9.79738       22.57412
O          4.95911       11.22205       21.05319
N          7.31758       13.60072       20.54095
N          6.61991        9.81949       20.68011
N          7.01035       11.82373       24.32684
C          5.89266       15.56520       20.34887
C          6.60709       14.50806       19.75326
C          6.51363       14.32637       18.37296
H          7.08152       13.53512       17.91158
C          5.68896       15.12502       17.60784
H          5.62964       14.96932       16.54057
C          4.91891       16.10076       18.21109
H          4.23753       16.69763       17.62227
C          5.01489       16.33074       19.57759
C          4.12429       17.37472       20.19005
H          3.08744       17.17206       19.92211
H          4.37326       18.36288       19.80512
H          4.20576       17.38965       21.27324
C          6.11444       15.89030       21.77879
C          5.77447       14.98570       22.78994
C          5.98629       15.29225       24.12628
H          5.72264       14.55904       24.86993
C          6.55467       16.50446       24.47133
H          6.71656       16.75172       25.50955
C          6.91696       17.39731       23.48139
H          7.37378       18.33973       23.74712
C          6.71198       17.10616       22.13864
C          7.15155       18.11096       21.11384
H          8.10471       18.54637       21.40704
H          6.42664       18.92184       21.04708
H          7.25420       17.66107       20.13047
C          3.86488       13.84298       22.05602
H          3.78890       14.43027       21.13658
H          3.24636       14.30653       22.83393
H          3.52662       12.82832       21.86143
C          8.52361       13.17034       20.25341
C          9.40255       13.79449       19.21660
C          9.71671       13.09201       18.05307
C         10.50934       13.70062       17.08814
H         10.73723       13.15635       16.18207
C         11.01301       14.97800       17.26432
C         10.73333       15.63894       18.45287
H         11.14782       16.62356       18.61907
C          9.94351       15.06482       19.43591
C          9.20646       11.70284       17.80886
H          8.82460       11.25647       18.72335
H         10.00572       11.07110       17.42483
H          8.40993       11.71250       17.06297
C         11.87222       15.62639       16.22113
H         12.91193       15.64110       16.54851
H         11.56123       16.65596       16.05419
H         11.81775       15.08516       15.27997
C          9.74556       15.77119       20.74146
H          8.72667       15.66793       21.10190
H          9.98794       16.82700       20.64835
H         10.40304       15.33318       21.49312
C          8.05618        7.85971       20.54872
C          7.31926        8.88093       19.91916
C          7.37846        8.99641       18.52997
H          6.79684        9.76307       18.04475
C          8.18914        8.16441       17.78537
H          8.22249        8.26819       16.71071
C          8.97879        7.22266       18.41661
H          9.64858        6.60025       17.84110
C          8.91885        7.06064       19.79493
C          9.82935        6.05186       20.43634
H         10.85772        6.24111       20.12898
H          9.57206        5.04436       20.11172
H          9.77806        6.09432       21.52068
C          7.87380        7.61001       21.99918
C          8.23694        8.56867       22.95056
C          8.06151        8.33426       24.30648
H          8.34544        9.10772       25.00030
C          7.50264        7.14346       24.73203
H          7.36375        6.95458       25.78575
C          7.11828        6.19747       23.80154
H          6.66959        5.27096       24.12964
C          7.29015        6.41435       22.44015
C          6.82995        5.35325       21.48330
H          6.70957        5.74568       20.47760
H          5.88166        4.93801       21.81845
H          7.55242        4.53809       21.45043
C         10.12556        9.67790       22.12051
H         10.19076        9.03399       21.23885
H         10.76077        9.26913       22.91549
H         10.45316       10.68011       21.85590
C          5.39950       10.21903       20.40904
C          4.50356        9.53498       19.42618
C          4.17803       10.16890       18.22643
C          3.36850        9.50966       17.31242
H          3.12827        9.99773       16.37795
C          2.86013        8.24624       17.57265
C          3.15684        7.65406       18.79072
H          2.74536        6.68146       19.02225
C          3.96523        8.28208       19.72678
C          4.68238       11.54338       17.89922
H          3.84295       12.22791       17.78087
H          5.23546       11.53687       16.95951
H          5.32119       11.93170       18.68853
C          1.98904        7.55880       16.56477
H          1.04612        8.09399       16.45472
H          1.77222        6.53802       16.86881
H          2.47523        7.53858       15.59075
C          4.19292        7.65052       21.06517
H          3.91852        6.59861       21.04673
H          3.57957        8.15316       21.81333
H          5.22829        7.74505       21.37866
C          4.29421       12.34837       25.68707
H          3.92626       12.91298       24.83758
H          4.63728       13.05325       26.43817
H          3.44964       11.81265       26.11105
C          6.15081       10.22912       26.80438
H          6.87535       10.80933       27.36371
H          6.57622        9.24821       26.62900
H          5.27797       10.09676       27.43551
C          4.84919        9.84542       24.01291
H          5.58825        9.20332       23.53810
H          4.28472       10.35209       23.23381
H          4.15893        9.20414       24.55346
C          9.72404       11.36553       25.70803
H         10.10020       10.74669       24.90073
H          9.35662       10.71228       26.49334
H         10.56764       11.91620       26.11443
C          9.19665       13.72933       23.82523
H          8.47091       14.39381       23.36086
H          9.68251       13.15028       23.04314
H          9.95615       14.35070       24.29112
C          7.92087       13.62194       26.64658
H          7.01330       13.26217       27.11660
H          7.77583       14.66735       26.39981
H          8.71397       13.56955       27.38521
