99
CSD_code = EYOQUE | q = 0 | S = 0 | Stoichiometry = C37H55N2PSi3Zr | MND = 5
Zr         2.36091        3.84357        5.52912
P          3.97733        5.85633        6.67878
N          3.96906        5.14416        5.17295
N          3.81079        7.58004        6.42699
Si         4.82990        5.33893        3.70498
C          4.40997        6.96223        2.77336
C          6.73300        5.11393        3.74406
C          4.14765        3.90334        2.62070
Si         4.93531        8.90689        6.18628
C          5.11127        9.81922        7.85699
C          4.20571       10.08160        4.85944
C          6.70422        8.57200        5.54913
Si         2.11235        7.89610        6.77838
C          1.50025        9.69015        6.59059
C          1.78208        7.46209        8.61483
C          1.08886        6.87649        5.51886
C          0.15015        3.09904        7.44996
C         -1.09171        3.57054        6.98702
C         -2.18862        2.73811        6.89101
C         -2.09495        1.40521        7.26247
C         -0.88995        0.92301        7.75000
C          0.20943        1.75240        7.84835
C          1.31260        3.98077        7.52429
C          0.73309        2.52927        3.40970
C          1.24213        2.18499        2.14839
C          1.25210        0.87494        1.70878
C          0.73548       -0.13696        2.50058
C          0.18661        0.18501        3.73341
C          0.18150        1.49017        4.18085
C          0.77206        3.90431        3.92655
C          4.37797        1.92584        6.25885
C          4.46679        2.03554        7.66099
C          5.68069        2.21488        8.29436
C          6.85333        2.29569        7.55784
C          6.79223        2.18435        6.17618
C          5.58213        2.00533        5.53610
C          3.09449        1.71978        5.59060
C          5.88516        6.03759        8.65612
C          6.80072        6.96465        9.13792
C          6.86956        7.25797       10.48949
C          6.02130        6.62919       11.38360
C          5.10895        5.69652       10.91740
C          5.04547        5.40427        9.56859
C          5.76850        5.70908        7.20827
H          4.81850        7.82927        3.27769
H          3.33448        7.10415        2.70113
H          4.80950        6.94462        1.76403
H          7.24299        5.92442        4.25144
H          7.12736        5.06355        2.73361
H          7.00396        4.19510        4.25310
H          3.50794        4.28757        1.83170
H          3.57143        3.18437        3.21457
H          4.95445        3.36516        2.13342
H          4.16776       10.25018        8.17489
H          5.83372       10.62641        7.78689
H          5.43895        9.14623        8.64359
H          3.79739       10.97734        5.31305
H          3.41402        9.61178        4.28737
H          4.97111       10.40171        4.15896
H          7.37190        8.19448        6.31489
H          7.12409        9.51357        5.20535
H          6.72140        7.88515        4.71131
H          2.12992       10.39387        7.11858
H          0.50682        9.75849        7.02090
H          1.42960       10.01567        5.56075
H          2.07619        8.29787        9.24319
H          2.35438        6.59976        8.94328
H          0.73052        7.27339        8.81044
H          0.75439        7.50163        4.69393
H          0.19794        6.43691        5.96382
H          1.72268        6.07882        5.10691
H         -1.19308        4.61862        6.72314
H         -3.12942        3.13036        6.53129
H         -2.95335        0.75569        7.18679
H         -0.81248       -0.10785        8.06533
H          1.13155        1.36400        8.26495
H          2.00777        3.66379        8.31470
H          1.00610        5.01823        7.69800
H          1.61671        2.96308        1.49610
H          1.65551        0.64271        0.73298
H          0.74299       -1.15966        2.15480
H         -0.24638       -0.59021        4.34958
H         -0.27474        1.72635        5.13406
H         -0.17545        4.15160        4.43055
H          0.95903        4.62707        3.11574
H          3.56623        1.92086        8.25710
H          5.72173        2.28226        9.37241
H          7.80158        2.43091        8.05528
H          7.70559        2.22000        5.59807
H          5.55638        1.88979        4.45911
H          2.39767        1.12918        6.20084
H          3.21322        1.24834        4.60480
H          7.47449        7.45818        8.45269
H          7.58970        7.98102       10.84490
H          6.07372        6.85982       12.43727
H          4.44742        5.19631       11.61006
H          4.34257        4.66748        9.20068
H          6.00965        4.65482        7.03797
H          6.41343        6.32089        6.58471
