56
CSD_code = FIXSAJ | q = -1 | S = 0 | Stoichiometry = C12H36ClFeN2Si4(1-) | MND = 3
Fe         6.65971       15.08277        9.43881
Cl         6.02901       13.08549        9.30104
Si         5.87011       16.65705        6.86411
Si         5.47537       17.72911        9.75510
Si         9.46493       15.34432       10.46760
Si         7.76465       13.47377       12.21945
N          8.05354       14.49897       10.88569
N          5.92978       16.57144        8.57530
C          9.28648       15.88816        8.64593
H          9.05249       15.02139        8.03593
H         10.18552       16.34666        8.24665
H          8.47022       16.59788        8.54001
C          5.43696       16.77638       11.39974
H          4.66023       16.01903       11.37602
H          5.26087       17.41187       12.26117
H          6.38534       16.26093       11.54394
C          6.78889       15.13171        6.18110
H          7.82105       15.35480        5.93505
H          6.31345       14.73436        5.29032
H          6.78541       14.34839        6.93617
C          3.77337       18.56245        9.44168
H          3.79761       19.15387        8.53213
H          3.49864       19.22329       10.25840
H          2.98857       17.82212        9.33275
C          4.06721       16.61396        6.20637
H          3.56155       15.71972        6.55430
H          4.03611       16.61506        5.12051
H          3.50050       17.47045        6.55550
C          6.65427       18.25797        6.14875
H          6.09698       19.13180        6.47111
H          6.65924       18.25082        5.06282
H          7.67861       18.37935        6.48516
C          5.92721       13.52217       12.75312
H          5.68761       14.42368       13.30810
H          5.67015       12.66983       13.37552
H          5.29747       13.49072       11.87196
C          8.24080       11.64353       11.89042
H          7.67692       11.27240       11.04226
H          8.03298       11.00249       12.74324
H          9.29676       11.55340       11.65367
C          8.76830       14.00806       13.76733
H          9.83311       13.94043       13.57537
H          8.54437       13.37898       14.62323
H          8.54953       15.03422       14.04149
C          9.77229       16.92736       11.52139
H          8.86446       17.51552       11.60883
H         10.54306       17.56310       11.09388
H         10.08457       16.66022       12.52568
C         11.10300       14.34543       10.59400
H         11.27848       14.03773       11.61912
H         11.96314       14.92479       10.26999
H         11.05635       13.44698        9.98825
C          6.73147       19.17827        9.87831
H          7.74285       18.80182        9.98814
H          6.52152       19.82262       10.72728
H          6.70632       19.79239        8.98362
