101
CSD_code = FOBQOE | q = 0 | S = 0 | Stoichiometry = C35H59N3PSi2Ta | MND = 9
Ta         1.26813       12.21220       35.07596
P         -0.09815       15.29443       33.76200
Si         0.86003       14.30655       37.77580
Si        -0.45790        9.33749       35.75594
N          1.52310       12.88926       36.99962
N          0.71763       10.53599       36.18297
N          0.19975       12.42325       33.40936
C          3.53168       12.27969       34.45873
C          3.54487       13.30514       33.40446
C          3.53856       12.68978       32.18259
C          3.57541       11.25994       32.37796
C          3.59705       11.00202       33.72178
C          4.45114       12.45411       35.65258
H          5.48739       12.50163       35.31043
H          4.36615       11.61765       36.34673
H          4.22828       13.37238       36.19603
C          3.58367       14.77957       33.64341
H          3.88954       15.00554       34.66183
H          2.59658       15.22682       33.48093
H          4.28051       15.25438       32.95336
C          3.52260       13.40534       30.87065
H          4.45872       13.94512       30.72268
H          2.71392       14.13495       30.84879
H          3.39467       12.71981       30.03804
C          3.63507       10.23568       31.28895
H          3.20064       10.60689       30.36312
H          3.10347        9.33030       31.57804
H          4.67157        9.96263       31.08396
C          3.79475        9.67204       34.38331
H          4.86148        9.46539       34.49722
H          3.36885        8.86977       33.78326
H          3.34145        9.64031       35.37479
C          2.01373       11.80402       37.69830
C          2.89377       11.88549       38.77355
H          3.23996       12.85738       39.08873
C          3.34009       10.73982       39.40733
H          4.02292       10.82019       40.23994
C          2.92509        9.49203       38.96725
H          3.28443        8.59846       39.45596
C          2.06056        9.38188       37.89322
H          1.75785        8.41083       37.53333
C          1.58209       10.52068       37.24946
C         -0.99396       14.28561       37.30948
H         -1.10581       14.36726       36.23140
H         -1.53122       15.11156       37.76250
H         -1.46941       13.36136       37.62657
C          1.74858       15.83766       37.06061
H          2.80826       15.85460       37.29933
H          1.31040       16.74957       37.45083
H          1.64084       15.85556       35.97990
C          0.97968       14.29569       39.68469
H          0.82834       13.29978       40.08779
H          0.21787       14.94404       40.10481
H          1.94024       14.65463       40.03824
C         -2.04888       10.34243       35.39987
H         -2.70102       10.36367       36.26749
H         -2.61651        9.91457       34.58001
H         -1.80362       11.37243       35.14948
C          0.17232        8.44811       34.17436
H          0.67192        9.14961       33.50887
H         -0.64397        7.98761       33.62672
H          0.88340        7.66265       34.41535
C         -0.88019        8.04620       37.09820
H         -0.21509        7.18983       37.06841
H         -1.89026        7.67719       36.95290
H         -0.82317        8.47750       38.09223
C         -0.58814       15.68248       31.95782
H         -0.56759       14.76821       31.36049
C         -1.98423       16.29884       31.90804
H         -1.99601       17.19741       32.53032
H         -2.72004       15.60416       32.32260
C         -2.35759       16.66359       30.47342
H         -2.38719       15.75623       29.86371
H         -3.35351       17.11182       30.45137
C         -1.33559       17.63327       29.88762
H         -1.59720       17.87266       28.85428
H         -1.35113       18.56246       30.46168
C          0.06484       17.03022       29.94438
H          0.79336       17.74024       29.54630
H          0.09812       16.13323       29.31970
C          0.43198       16.66142       31.37956
H          1.43047       16.21665       31.40675
H          0.45465       17.56272       31.99742
C          0.17794       13.64600       33.92267
C         -0.55801       11.85085       32.30693
H         -0.59941       10.77284       32.52197
C         -1.99625       12.37076       32.22514
H         -2.50185       12.18520       33.17438
H         -1.98694       13.44692       32.06326
C         -2.74623       11.68670       31.08665
H         -2.81806       10.61551       31.29061
H         -3.76108       12.08501       31.02708
C         -2.02350       11.89985       29.76013
H         -2.56818       11.40328       28.95453
H         -1.99120       12.96780       29.53243
C         -0.60103       11.35428       29.84007
H         -0.08329       11.51908       28.89262
H         -0.63689       10.27698       30.01919
C          0.17013       12.02982       30.96880
H          1.16950       11.60483       31.05977
H          0.28271       13.09381       30.75510
