68
CSD_code = FOTQIO | q = 0 | S = 0 | Stoichiometry = C24H40ClNSiZr | MND = 12
Zr         7.71624        2.21767        4.21406
Cl         9.68377        3.51305        4.03199
C          6.21413        3.71404        5.27427
C          5.35550        2.90134        4.47864
H          4.59400        2.24703        4.88596
C          5.43940        3.34018        3.14105
H          4.79151        3.04105        2.32698
C          6.38241        4.38286        3.08300
H          6.58493        5.00373        2.22150
C          6.86398        4.60413        4.38371
H          7.53837        5.39994        4.67737
C          6.83883        0.03024        3.29387
C          7.01622        0.88384        2.17785
H          6.25001        1.14457        1.46124
C          8.39941        1.15926        2.02048
C          9.08225        0.48096        3.05681
H         10.15670        0.39797        3.15597
C          8.12518       -0.20734        3.84292
H          8.34905       -0.95894        4.58848
Si         6.94765        3.21692        6.94373
C          5.59649       -0.72620        3.72193
C          4.34273       -0.21065        3.00815
H          3.47244       -0.77735        3.33374
H          4.43922       -0.33985        1.93258
H          4.16595        0.83935        3.21917
C          5.42846       -0.61334        5.24998
H          6.04184       -1.35707        5.75406
H          4.39368       -0.79591        5.53435
H          5.73183        0.37710        5.60817
C          5.77473       -2.20743        3.34263
H          6.66043       -2.62667        3.81274
H          5.88433       -2.30915        2.26555
H          4.90875       -2.78476        3.65942
C          9.02040        1.85590        0.82466
C          8.68499        1.04749       -0.43936
H          9.15998        1.49481       -1.30971
H          7.61184        1.01951       -0.61083
H          9.04125        0.02492       -0.33772
C         10.54279        1.94616        0.96823
H         10.80877        2.48235        1.87697
H         10.96116        2.48220        0.11897
H         10.98823        0.95426        0.99298
C          8.45349        3.27503        0.69100
H          8.71031        3.86049        1.57685
H          7.37134        3.25140        0.56757
H          8.88158        3.76815       -0.18033
C          7.70823        4.81584        7.69614
H          7.96733        4.69794        8.74269
H          7.00679        5.64180        7.62574
H          8.60950        5.10466        7.16205
C          5.59965        2.60365        8.17016
H          6.03299        2.36641        9.13590
H          5.09195        1.71364        7.81158
H          4.84997        3.37017        8.33088
N          7.96929        1.98864        6.28026
C          8.95921        1.26817        7.08403
C         10.21554        0.94718        6.25013
H         10.55165        1.84413        5.72839
H         10.02705        0.15483        5.53085
H         11.01676        0.61548        6.90849
C          9.43026        2.09240        8.29232
H          9.86098        3.02913        7.95195
H         10.18370        1.54183        8.85167
H          8.59896        2.30544        8.95663
C          8.34521       -0.04077        7.61597
H          7.48379        0.18761        8.23839
H          9.07354       -0.58942        8.20888
H          8.01730       -0.67052        6.79296
