83
CSD_code = FUNNOR | q = 0 | S = 0 | Stoichiometry = C18H54N3NbOSi6 | MND = 4
Nb         1.21556        4.45434        7.71469
O          1.74447        4.46619        9.33348
Si         2.37747        6.82125        5.62162
Si         4.25883        5.42371        7.56277
Si         1.83679        1.73394        5.82998
Si         0.88000        1.43109        8.70187
Si        -2.07663        4.78048        7.09328
Si        -0.72467        6.52354        9.18922
N          2.69048        5.58029        6.79741
N          1.22216        2.42604        7.30082
N         -0.64124        5.35145        7.88937
C          3.26222        6.55390        3.93873
C          2.89682        8.57184        6.21863
C          0.50828        6.84337        5.22927
C          4.28235        6.23755        9.29719
C          5.68373        6.18411        6.54378
C          4.63712        3.55799        7.75694
C          3.36218        0.60068        6.11163
C          2.33852        3.14880        4.64891
C          0.56461        0.66904        4.86364
C         -0.70914        2.10542        9.52751
C          2.31069        1.49267        9.97477
C          0.55870       -0.40283        8.27723
C         -2.92899        6.08210        5.96841
C         -3.42923        4.17959        8.31729
C         -1.60564        3.32735        5.94650
C         -2.30398        7.59638        9.15006
C          0.76538        7.71095        9.01198
C         -0.63663        5.67572       10.90502
H          3.08026        7.41116        3.29764
H          4.33503        6.45985        4.05754
H          2.91141        5.67379        3.41031
H          2.10765        9.29842        6.05263
H          3.14325        8.58560        7.27426
H          3.76884        8.91790        5.67383
H          0.28018        7.62212        4.50717
H          0.18051        5.89984        4.79643
H         -0.08288        7.03111        6.12202
H          5.19321        5.98935        9.83294
H          4.21104        7.32052        9.25862
H          3.44044        5.85525        9.87274
H          6.60417        6.13299        7.11347
H          5.84732        5.64746        5.61682
H          5.50231        7.22344        6.30334
H          5.48093        3.39676        8.42078
H          3.76634        3.06521        8.18649
H          4.87087        3.08149        6.80935
H          4.16494        0.83478        5.41935
H          3.75555        0.69063        7.11795
H          3.09848       -0.44001        5.95449
H          2.74542        2.74849        3.72475
H          1.48287        3.76607        4.38060
H          3.09320        3.79045        5.09676
H          1.05203        0.22072        4.00305
H          0.17178       -0.13805        5.47047
H         -0.27841        1.24412        4.49560
H         -0.84799        1.67913       10.51630
H         -0.61988        3.18574        9.63126
H         -1.60161        1.88624        8.94851
H          2.02327        1.02205       10.90972
H          3.21167        0.99824        9.62372
H          2.54633        2.53536       10.18325
H          0.44194       -0.97141        9.19237
H         -0.34913       -0.53004        7.69966
H          1.37635       -0.84042        7.71968
H         -3.85464        5.66893        5.57906
H         -3.18083        6.98340        6.51446
H         -2.32039        6.37179        5.11841
H         -3.86518        3.23910        7.99557
H         -3.03997        4.03879        9.31906
H         -4.23688        4.90110        8.37857
H         -2.48586        2.93760        5.44336
H         -0.90757        3.64126        5.17243
H         -1.15056        2.51277        6.50431
H         -2.32543        8.24121       10.02077
H         -2.33708        8.23406        8.27473
H         -3.20392        6.99569        9.16301
H          0.89626        8.31047        9.90761
H          1.66892        7.12243        8.86065
H          0.65373        8.39375        8.17484
H         -0.51675        6.40760       11.69753
H         -1.52165        5.08917       11.13313
H          0.23041        5.01688       10.92358
