55
CSD_code = FURJEI | q = 0 | S = 0 | Stoichiometry = C22H24MoN2O4Si2 | MND = 6
Mo        -0.32422        0.83320        7.30007
Si         0.91763       -1.86425        5.46602
Si         0.96988        1.64908       10.43805
N          0.56793       -1.12083        7.02610
N          0.59221        0.43038        9.22124
O         -2.83158       -0.66186        8.36822
O          2.10961        2.39770        6.17260
O         -1.80745        1.14772        4.60002
O         -1.79246        3.48830        7.92031
C          0.61342       -1.70370        8.18473
C          0.62959       -0.85672        9.38299
C          0.75932       -1.73306       10.54511
C          0.81302       -3.05510       10.03542
C          0.72821       -3.09351        8.62060
C          0.66987       -4.32467        8.00990
H          0.55140       -4.42431        6.94398
C          0.75530       -5.48287        8.80286
H          0.72277       -6.44228        8.30687
C          0.86459       -5.43976       10.17076
H          0.92085       -6.35310       10.74460
C          0.87496       -4.19588       10.84061
C          0.90237       -3.97952       12.23645
H          0.96174       -4.82600       12.90473
C          0.82633       -2.70281       12.73561
H          0.82344       -2.55487       13.80594
C          0.73756       -1.56758       11.91048
H          0.64562       -0.59454       12.36297
C         -0.69484       -2.69274        4.86263
H         -1.12401       -3.36197        5.60283
H         -0.52608       -3.26087        3.95360
H         -1.44014       -1.93304        4.64231
C          1.45013       -0.48583        4.26825
H          0.66486        0.24211        4.09532
H          1.71062       -0.91795        3.30683
H          2.32437        0.04650        4.63159
C          2.41501       -3.05905        5.59194
H          2.18428       -4.04403        5.19907
H          2.76078       -3.18361        6.61373
H          3.24685       -2.67116        5.01211
C         -0.61890        1.93773       11.45952
H         -1.03504        1.01647       11.85684
H         -1.38168        2.39444       10.83446
H         -0.43135        2.60819       12.29193
C          1.47903        3.24376        9.53498
H          0.67851        3.65289        8.92825
H          2.33811        3.08389        8.88999
H          1.75631        4.00154       10.26148
C          2.49285        1.12745       11.48407
H          2.82570        0.11899       11.25807
H          2.29099        1.17799       12.54929
H          3.32428        1.79677       11.28512
C         -1.90729       -0.10979        7.97605
C          1.25228        1.78203        6.61609
C         -1.22654        1.02190        5.58578
C         -1.21457        2.51623        7.70556
