109
CSD_code = GAGLOQ | q = -1 | S = 0 | Stoichiometry = C24H72LaN4Si8(1-) | MND = 4
La         6.28875        4.89940       12.93546
Si         9.55765        6.19700       14.26984
Si         8.95713        6.97910       11.44359
Si         8.00703        2.66658       10.54092
Si         5.30802        3.52493        9.57447
Si         5.50987        4.33565       16.50595
Si         5.97933        1.78184       15.01626
Si         2.67522        5.61733       13.25146
Si         4.31034        8.09751       12.88153
N          8.52490        6.17753       12.89923
N          6.54347        3.53585       10.76570
N          5.89331        3.49530       15.05841
N          4.19065        6.39112       13.02048
C          9.34202        7.75485       15.38295
H          8.34605        7.81861       15.80707
H          9.50459        8.65822       14.80462
H         10.05009        7.75736       16.20694
C          9.26952        4.63520       15.33801
H          9.93746        3.83289       15.04136
H          8.24827        4.26560       15.25283
H          9.46168        4.84196       16.38647
C         11.44212        6.19503       13.88904
H         11.70667        5.37735       13.22797
H         12.03403        6.09278       14.79414
H         11.74038        7.11751       13.40302
C          7.48065        6.84301       10.24092
H          6.56754        7.20020       10.71260
H          7.32904        5.81100        9.93665
H          7.63967        7.43372        9.34244
C         10.51262        6.29432       10.54130
H         10.59192        5.22082       10.66102
H         11.42019        6.73743       10.93722
H         10.48406        6.50614        9.47633
C          9.37783        8.84847       11.63824
H          8.54584        9.40815       12.04904
H          9.64451        9.30151       10.68772
H         10.22020        8.97592       12.31019
C          7.78856        0.79105       10.16159
H          7.25320        0.27976       10.95287
H          8.74503        0.29256       10.03307
H          7.22287        0.65660        9.24547
C          9.11723        3.25914        9.08522
H          8.81879        2.79367        8.15188
H         10.16211        3.01401        9.25255
H          9.04812        4.33202        8.95405
C          9.02773        2.81527       12.14740
H          8.43759        2.50412       13.00679
H          9.34783        3.84186       12.30360
H          9.91745        2.19163       12.11615
C          5.91297        3.44715        7.75121
H          6.39675        2.49916        7.54294
H          6.63100        4.23266        7.54372
H          5.09014        3.55847        7.05078
C          4.27263        5.13112        9.67935
H          4.24728        5.53495       10.69076
H          3.24818        4.95288        9.36677
H          4.67848        5.89789        9.02730
C          4.12123        2.01259        9.70279
H          3.59694        1.98495       10.65160
H          4.67928        1.08626        9.61603
H          3.37351        2.02365        8.91470
C          6.64002        3.92600       18.01074
H          6.58608        2.86788       18.24478
H          6.34002        4.47455       18.89899
H          7.67834        4.16341       17.81118
C          5.67560        6.20521       16.15757
H          6.65643        6.43177       15.74493
H          5.55580        6.79409       17.06328
H          4.92011        6.53111       15.44785
C          3.74757        4.02248       17.21211
H          3.72977        3.13669       17.83808
H          3.02849        3.87629       16.41553
H          3.40426        4.85645       17.81749
C          7.68828        1.07576       15.55810
H          7.95511        1.44512       16.54261
H          8.48289        1.36478       14.87910
H          7.67496       -0.00964       15.60402
C          5.58389        1.14273       13.25569
H          4.52655        0.92151       13.15055
H          6.12658        0.22600       13.04588
H          5.84890        1.87000       12.48886
C          4.74449        0.86180       16.16713
H          3.72730        1.19561       15.99542
H          4.97679        1.04553       17.21040
H          4.77111       -0.21234       16.00740
C          1.33620        6.03657       11.93206
H          1.14344        7.10425       11.91796
H          0.39544        5.53571       12.14184
H          1.64847        5.74826       10.93524
C          1.77258        6.02235       14.90181
H          2.48053        6.16805       15.70836
H          1.09742        5.22383       15.19572
H          1.18450        6.92951       14.81228
C          2.96653        3.73156       13.19264
H          3.56586        3.40968       14.03994
H          3.48531        3.45296       12.27783
H          2.03008        3.18045       13.22034
C          3.05569        9.10411       13.93441
H          2.04197        8.95057       13.58092
H          3.26153       10.16993       13.89340
H          3.08788        8.80191       14.97518
C          4.00640        8.75519       11.09607
H          3.05493        8.39638       10.71818
H          4.77328        8.42600       10.40358
H          3.98499        9.84109       11.06939
C          6.03355        8.68998       13.46780
H          6.79930        7.92971       13.31717
H          6.01988        8.94081       14.52364
H          6.34005        9.58175       12.92947
