58
CSD_code = GIKDAF | q = 0 | S = 0 | Stoichiometry = C18H32Cl2N3OSiV | MND = 6
V          0.62123        4.01584        2.93238
Cl        -0.57191        5.85616        2.80934
Cl         1.09560        3.50864        4.89707
Si         1.70812        0.66416        2.76675
O         -1.17275        2.99298        2.94564
N          1.47461        2.27973        2.20269
N          0.93023        3.99875        1.03911
N          2.36578        5.30954        2.65620
C          1.53464        2.82106        1.00873
C          2.18862        2.26299       -0.18525
C          3.43502        1.64619       -0.10239
C          4.04299        1.14553       -1.23783
C          3.41726        1.25321       -2.46947
C          2.18020        1.87090       -2.56216
C          1.57063        2.37820       -1.43049
C          1.73869       -0.64095        1.36507
C          3.32787        0.61591        3.78160
C          0.24799        0.20468        3.91299
C          1.45419        5.12995        0.34045
C          2.14223        6.03990        1.39883
C          2.50078        6.26046        3.75882
C          3.59861        4.53011        2.57152
C         -1.74273        2.38497        1.80340
C         -3.06634        1.74364        2.26436
C         -3.20495        2.20215        3.72274
C         -2.24459        3.38804        3.78273
H          3.92167        1.57139        0.85862
H          5.01075        0.67082       -1.16396
H          3.89291        0.85866       -3.35505
H          1.68949        1.95636       -3.52077
H          0.60312        2.85626       -1.49663
H          1.43645       -1.61046        1.74676
H          2.72779       -0.75249        0.93625
H          1.06371       -0.37865        0.55563
H          3.47189       -0.36414        4.22428
H          4.20767        0.83872        3.18473
H          3.28137        1.33969        4.58960
H         -0.00596        1.04076        4.55748
H         -0.64140       -0.08024        3.35781
H          0.51598       -0.63142        4.55145
H          2.17121        4.82361       -0.43629
H          0.64154        5.69223       -0.13301
H          1.47556        6.87504        1.61715
H          3.09108        6.43571        1.00989
H          2.69868        5.71134        4.68022
H          1.56960        6.81403        3.87966
H          3.32255        6.96519        3.57279
H          3.67997        3.89182        3.45232
H          3.58673        3.90022        1.68440
H          4.47338        5.19425        2.52049
H         -1.92484        3.15507        1.03799
H         -1.01985        1.66108        1.41947
H         -3.03486        0.65882        2.18701
H         -3.89695        2.10321        1.65907
H         -4.22362        2.47961        3.98235
H         -2.86773        1.42059        4.40357
H         -1.83624        3.58630        4.77749
H         -2.71427        4.30175        3.38862
