57
CSD_code = GIPKOG | q = 0 | S = 0 | Stoichiometry = C18H32N4SSiTi | MND = 8
Ti         3.30278       11.79928        9.47981
S          1.06708       14.31548        9.71274
Si         1.02856        9.98586        8.96974
N          1.40303       11.69245        9.14970
N         -0.77552       12.53281        9.32514
N          3.39040       12.15405       11.28168
N          3.71189       13.43891        8.77027
C          2.88444        9.65961        8.73131
C          3.79333        9.53844        9.81934
C          5.01172       10.15418        9.45868
C          4.87475       10.65773        8.12572
C          3.57502       10.34833        7.68100
C          3.56447        8.74026       11.07232
H          4.43136        8.10995       11.27895
H          2.69876        8.09438       10.94796
H          3.39796        9.37831       11.94269
C          6.32816       10.02166       10.17444
H          6.18722        9.84110       11.23843
H          6.94580       10.91233       10.04933
H          6.88696        9.17618        9.76123
C          6.02479       11.20866        7.32774
H          6.77326       10.42939        7.16119
H          6.51290       12.03217        7.85481
H          5.69785       11.57118        6.35487
C          3.04662       10.50286        6.28229
H          3.72736       11.08232        5.66047
H          2.06921       10.98695        6.26872
H          2.93463        9.51689        5.82445
C          0.21240        9.30038       10.56139
H          0.76147        9.56596       11.45922
H          0.11380        8.22050       10.52790
H         -0.78538        9.71955       10.64637
C         -0.17207        9.56821        7.54114
H         -1.00071       10.26894        7.56524
H         -0.57626        8.57013        7.67262
H          0.27937        9.61366        6.55679
C          0.51519       12.65081        9.35140
C         -0.60892       14.77555        9.80424
H         -0.88843       15.78780       10.01152
C         -1.40529       13.70808        9.57008
H         -2.48154       13.71924        9.56703
C          2.26790       12.22685       12.18474
H          2.37298       11.49894       13.00974
H          1.33400       12.01958       11.65843
H          2.19369       13.22783       12.64314
C          4.62431       12.32176       12.00882
H          4.61914       13.26116       12.58901
H          5.47488       12.34427       11.32147
H          4.77525       11.50301       12.73693
C          3.36209       13.72874        7.39988
H          2.95602       14.74928        7.31391
H          2.59445       13.03330        7.05085
H          4.24033       13.67089        6.73248
C          4.49155       14.51173        9.33384
H          5.48549       14.57899        8.85390
H          4.62321       14.36531       10.40603
H          3.98819       15.47992        9.18268
