96
CSD_code = GOBLIU | q = 0 | S = 0 | Stoichiometry = C33H58N2Si2Ti | MND = 8
Ti        13.49928       12.82638        9.40018
Si        14.40615       14.32434       11.53071
Si        13.61363       16.23708        9.28307
N         13.63070       14.67004        9.99032
N         11.87374       12.08742        9.81394
C         14.46206       12.45611       11.22660
H         13.91744       11.87352       11.97138
H         15.47669       12.06064       11.14967
C         13.35061       14.84517       13.04978
H         12.95296       15.84652       12.92994
H         13.94873       14.83329       13.95487
H         12.51235       14.17233       13.19717
C         16.13074       15.12484       11.77492
H         16.04611       16.19302       11.93919
H         16.76472       14.97086       10.90831
H         16.63565       14.69971       12.63643
C         12.70859       16.30588        7.58958
H         12.91981       15.44528        6.96245
H         13.03648       17.18769        7.04720
H         11.63223       16.38723        7.69758
C         15.36777       16.95221        8.95017
H         16.07044       16.18235        8.64549
H         15.77231       17.42211        9.84012
H         15.34639       17.70586        8.16843
C         12.74023       17.51951       10.41172
H         13.33579       17.71890       11.29661
H         11.76499       17.17825       10.74515
H         12.59988       18.46266        9.89305
C         10.62879       12.82883        9.76646
H          9.77012       12.15103        9.88425
C         10.50769       13.52156        8.40049
H         10.51942       12.76092        7.61163
H         11.38672       14.16794        8.28861
C          9.22930       14.35013        8.30323
H          9.18328       14.84709        7.33145
H          8.36106       13.68943        8.37886
C          9.17259       15.38623        9.42109
H         10.00692       16.08150        9.31380
H          8.24360       15.95690        9.35240
C          9.26835       14.70217       10.78001
H          8.40486       14.04451       10.91582
H          9.24349       15.44982       11.57541
C         10.55503       13.88780       10.87932
H         11.43061       14.53704       10.77879
H         10.60595       13.39091       11.85076
C         11.77126       10.70598       10.23981
H         12.79508       10.29803       10.21528
C         11.25002       10.54620       11.68236
H         11.83476       11.18806       12.34619
H         10.20670       10.86404       11.73527
C         11.35379        9.08842       12.12191
H         12.40185        8.77987       12.10708
H         10.98907        8.98242       13.14593
C         10.54649        8.18938       11.18963
H          9.48853        8.45211       11.26176
H         10.65214        7.14606       11.49380
C         11.01189        8.35884        9.74626
H         10.40541        7.73457        9.08590
H         12.04901        8.02614        9.66066
C         10.90670        9.82012        9.31771
H          9.86049       10.12785        9.37025
H         11.23568        9.93787        8.28274
C         14.94080       11.24452        8.35339
C         13.78259       11.40180        7.55833
H         13.10285       10.62008        7.24575
C         13.75418       12.72571        7.06182
H         13.06010       13.09505        6.31398
C         14.89903       13.38907        7.53763
H         15.22384       14.38001        7.25317
C         15.61470       12.49245        8.34719
H         16.57772       12.70392        8.79341
C         15.42981        9.95718        8.98917
H         15.05779        9.90539       10.02588
C         16.96529        9.87938        9.05207
H         17.35358       10.75799        9.57777
C         17.55015        9.82432        7.64169
H         18.64135        9.79890        7.69484
H         17.25823       10.71705        7.08506
C         17.03353        8.57826        6.92506
H         17.45427        8.53746        5.91378
C         15.51050        8.64925        6.83986
H         15.21623        9.53753        6.27788
H         15.12416        7.77172        6.31510
C         14.92321        8.70698        8.24960
H         13.82996        8.73578        8.18983
C         15.33688        7.45438        9.02276
H         14.91014        7.47753       10.02934
H         14.95155        6.56502        8.51769
C         16.86012        7.38425        9.10738
H         17.15556        6.48743        9.66442
C         17.44768        7.32691        7.69817
H         18.53718        7.26571        7.75228
H         17.08810        6.43392        7.18112
C         17.38155        8.62736        9.82484
H         18.47104        8.58414        9.89623
H         16.98217        8.66637       10.84165
