80
CSD_code = GOHMAR | q = 0 | S = 0 | Stoichiometry = C18H51NO4PReSi4 | MND = 5
Re         3.80703        4.75588        8.81652
P          5.15063        4.88806        5.94157
Si         6.78826        6.24657        8.09961
Si         2.87225        7.87531        9.79737
Si         5.31061        3.16982       11.22208
Si         1.01771        3.82965       10.44019
O          3.39382        3.48261        7.84665
O          3.54214        6.52429        9.22027
O          5.33870        4.01111        9.84008
O          2.51865        4.35234       10.34136
N          5.35191        5.50195        7.40704
C          6.32856        5.62256        4.73401
H          6.36524        6.69279        4.92888
H          7.31120        5.21089        4.97072
C          5.98593        5.36223        3.27330
H          5.84803        4.30136        3.07821
H          6.79341        5.71812        2.63590
H          5.07812        5.88500        2.98441
C          5.34831        3.05553        5.77717
H          4.36518        2.61131        5.93415
H          5.68046        2.82403        4.76269
C          6.32173        2.50827        6.81180
H          7.33394        2.85358        6.61832
H          6.31706        1.42077        6.79157
H          6.01493        2.83970        7.80396
C          3.45728        5.27942        5.34516
H          3.35311        4.96178        4.30560
H          2.76704        4.69458        5.95921
C          3.17788        6.76583        5.51980
H          3.33397        7.03450        6.56390
H          2.14983        6.99854        5.25021
H          3.84163        7.36734        4.90049
C          6.66330        6.65369        9.95357
H          5.63100        6.74311       10.26810
H          7.16934        7.58653       10.18401
H          7.11406        5.86746       10.54790
C          7.05185        7.91178        7.16742
H          7.76383        7.81435        6.35420
H          7.45584        8.65527        7.84629
H          6.12726        8.31143        6.76209
C          8.37017        5.18717        7.88745
H          8.29178        4.26453        8.45307
H          9.22535        5.73592        8.26954
H          8.58657        4.93388        6.85433
C          1.40072        8.36074        8.67212
H          1.73794        8.81735        7.74515
H          0.75563        9.07768        9.17009
H          0.79816        7.49548        8.41475
C          2.32196        7.60824       11.60620
H          1.87544        6.62425       11.71438
H          1.59460        8.34920       11.92390
H          3.16525        7.65991       12.29011
C          4.16695        9.28332        9.70420
H          4.90517        9.21066       10.49619
H          3.67623       10.24609        9.80379
H          4.70129        9.27621        8.75936
C          4.29622        1.56224       11.01096
H          3.66054        1.67875       10.13772
H          3.65394        1.36909       11.86334
H          4.92400        0.68798       10.86432
C          4.72893        4.19569       12.72594
H          5.35081        5.07550       12.87162
H          4.75173        3.62054       13.64665
H          3.71012        4.53048       12.56013
C          7.16795        2.73458       11.43607
H          7.54659        2.16616       10.59392
H          7.29385        2.13338       12.32870
H          7.78522        3.61936       11.54417
C          0.65588        3.53023       12.29347
H          1.37991        2.85534       12.73665
H         -0.32915        3.09382       12.41742
H          0.67793        4.45533       12.86055
C         -0.29375        5.06315        9.76700
H         -0.22719        6.02750       10.26241
H         -1.30338        4.69085        9.91296
H         -0.15672        5.23031        8.70113
C          0.81064        2.20858        9.43761
H          1.51478        2.22861        8.60803
H         -0.18726        2.08847        9.02845
H          1.03188        1.33008       10.03490
