86
CSD_code = HAFVER | q = 0 | S = 0 | Stoichiometry = C22H53ClN6Si3Zr | MND = 6
Zr         5.57320        7.98720        3.98500
Cl         3.38774        7.59133        4.81765
Si         4.00771       10.65127        3.32299
Si         4.44386        5.38425        2.53516
Si         8.77449        9.52634        7.68117
N          5.88551        6.12106        3.12097
N          7.32155        8.26825        2.32912
N          6.26774        7.53102        6.03283
N          7.33359        9.00490        4.79703
N          8.50742        8.10932        6.70500
N          4.94408        9.41488        2.61822
C          7.38502        8.18816        5.83979
C          8.08917        7.03118        2.38757
H          8.73032        7.08113        3.27134
H          8.74207        6.92384        1.50263
C          5.45883        9.47417        1.27154
H          5.86598       10.47390        1.04167
H          4.67317        9.28577        0.51870
C          6.55995        8.40599        1.08890
H          6.07984        7.44452        0.88695
H          7.21567        8.66597        0.23992
C          8.15778        9.43640        2.60131
H          7.57693       10.32442        2.34786
H          9.07858        9.42462        1.99498
C          4.80700        4.15142        1.09824
H          5.49245        3.37232        1.41332
H          5.23553        4.63890        0.22744
H          3.89225        3.66786        0.77588
C          3.24730        6.68859        1.76819
H          3.55410        7.69918        2.04798
H          2.24149        6.54126        2.14757
H          3.19770        6.62737        0.68363
C          3.52812        4.32062        3.84587
H          3.00146        4.95096        4.55303
H          4.20421        3.67698        4.40043
H          2.79285        3.68515        3.36281
C          8.49326        9.50468        4.10882
H          9.40197        8.93031        4.34082
H          8.69745       10.55236        4.37701
C          5.97382        6.78643        7.24134
H          6.89098        6.63503        7.83303
C          5.36513        5.44281        6.83356
H          6.02610        4.90872        6.15226
H          4.42368        5.63159        6.32008
H          5.17998        4.82568        7.71027
C          9.49719        7.06226        6.46013
H         10.22163        7.42773        5.70869
C          4.50695       12.40827        2.71417
H          5.56577       12.60119        2.86076
H          3.95677       13.17864        3.24192
H          4.29235       12.52366        1.65729
C          4.36573       10.56506        5.21318
H          5.12359        9.79658        5.41855
H          3.46171       10.30148        5.75582
H          4.71950       11.51495        5.60563
C          7.15469        5.79974        2.50072
H          7.01536        5.37846        1.49517
H          7.68786        5.02275        3.07900
C          7.38483       10.78572        7.36780
H          6.41021       10.35075        7.56345
H          7.37640       11.14022        6.34270
H          7.49802       11.64817        8.01778
C          2.11197       10.49285        3.03309
H          1.75040        9.54801        3.42941
H          1.86280       10.52794        1.97639
H          1.56388       11.29050        3.52450
C         10.27383        6.73181        7.73151
H         10.85396        7.58231        8.07243
H         10.95310        5.90532        7.53395
H          9.58623        6.44020        8.52004
C          8.71575        9.08166        9.54120
H          7.93138        8.36476        9.76456
H          8.51369        9.97478       10.12369
H          9.65175        8.67076        9.90334
C          8.87400        5.77046        5.92335
H          8.11650        5.97246        5.16603
H          8.40552        5.21577        6.73255
H          9.65298        5.14737        5.48710
C          4.96332        7.57823        8.08090
H          5.40555        8.50842        8.43233
H          4.64951        6.99296        8.94226
H          4.09243        7.80519        7.46610
C         10.44446       10.37516        7.27438
H         11.27695        9.67836        7.26812
H         10.66724       11.13479        8.01655
H         10.42564       10.86426        6.30455
