116
CSD_code = HATFUF | q = 0 | S = 0 | Stoichiometry = C35H71N8SiTa | MND = 6
Ta         5.36507        2.86621       11.00019
Si         3.98696        2.94296       14.24561
N          4.75759        2.80353       12.73214
N          5.50497        0.86392       10.80095
N          3.51335        3.35902        9.85737
N          4.66318        5.03695       10.69157
N          2.64618        5.62290        9.60381
N          6.78201        3.23607        8.99139
N          7.46845        3.30444       11.10341
N          9.03381        3.85823        9.34714
C          2.38336        3.98815       14.05170
H          2.37846        4.85306       14.70736
H          1.49200        3.40787       14.26778
H          2.31172        4.34171       13.02855
C          3.47800        1.23414       14.96518
H          2.80998        0.70670       14.29178
H          2.96500        1.34943       15.91502
H          4.34307        0.60133       15.13537
C          5.06073        3.79071       15.59636
H          5.94992        3.21188       15.82217
H          4.49975        3.89793       16.52011
H          5.37977        4.78152       15.28988
C          5.07580       -0.15010       11.74246
H          4.29566       -0.79228       11.30785
H          4.68719        0.34355       12.62875
H          5.91436       -0.80015       12.02729
C          6.05288        0.22011        9.63065
H          6.94154       -0.37534        9.89062
H          6.34454        0.97303        8.90376
H          5.32947       -0.46906        9.16774
C          2.30586        2.63924        9.51810
H          1.51080        3.31488        9.18028
C          1.79833        1.89316       10.76233
H          1.54824        2.62099       11.53537
H          2.61644        1.28105       11.14901
C          0.58729        1.02548       10.43393
H          0.26239        0.49639       11.33172
H         -0.24126        1.65705       10.10174
C          0.92884        0.02619        9.33377
H          1.72269       -0.63648        9.68403
H          0.05606       -0.58693        9.09776
C          1.39961        0.76376        8.08479
H          0.58760        1.39235        7.70918
H          1.65370        0.04722        7.29993
C          2.61191        1.63324        8.40128
H          3.44379        1.00969        8.73449
H          2.92831        2.16956        7.50230
C          3.57904        4.66639       10.05991
C          2.10690        5.54014        8.26674
H          2.74162        4.91184        7.64849
H          2.09426        6.54834        7.83752
H          1.07816        5.15486        8.23645
C          1.72442        6.17721       10.56697
H          2.18907        6.19966       11.54818
H          0.79709        5.58806       10.63467
H          1.46256        7.19671       10.27094
C          4.98184        6.41018       11.00854
H          4.29205        7.09945       10.49951
C          4.89180        6.59924       12.53022
H          5.52698        5.83934       12.99039
H          3.87246        6.40948       12.86772
C          5.33019        7.99731       12.95238
H          4.66053        8.73955       12.50989
H          5.26162        8.09140       14.03821
C          6.75798        8.27266       12.49424
H          7.05809        9.28302       12.78200
H          7.43484        7.56860       12.98329
C          6.85940        8.10857       10.98180
H          7.88686        8.28529       10.65301
H          6.22264        8.85177       10.49489
C          6.41727        6.71097       10.56200
H          6.49739        6.60661        9.47763
H          7.06071        5.95694       11.01986
C          8.45287        3.07182       12.13965
H          9.47132        3.24554       11.77144
C          8.36051        1.61093       12.60769
H          8.57849        0.95037       11.76421
H          7.33173        1.42999       12.93041
C          9.32681        1.34141       13.75678
H          9.24608        0.29833       14.06934
H         10.35537        1.51091       13.42555
C          9.01269        2.26283       14.92971
H          7.99928        2.05934       15.27867
H          9.70417        2.07226       15.75367
C          9.11067        3.72029       14.49350
H         10.14026        3.93979       14.19580
H          8.85985        4.37614       15.32954
C          8.16884        3.99888       13.32625
H          7.13047        3.83136       13.62167
H          8.27487        5.04002       13.01087
C          7.76842        3.45392        9.81514
C          9.84391        2.90673        8.63004
H          9.21944        2.09924        8.25817
H         10.62000        2.47230        9.27832
H         10.33974        3.39370        7.78412
C          9.78083        4.91725        9.97713
H          9.13762        5.47809       10.64911
H         10.14814        5.59827        9.19980
H         10.65378        4.55130       10.53582
C          6.84323        3.62798        7.60084
H          7.76042        4.20570        7.40403
C          6.80745        2.41557        6.65767
H          7.64907        1.74846        6.85922
H          5.88610        1.85678        6.84011
C          6.84641        2.86551        5.20047
H          7.77367        3.41353        5.01458
H          6.83793        1.99159        4.54452
C          5.65480        3.76409        4.88592
H          4.73062        3.19327        5.00678
H          5.70481        4.10318        3.84854
C          5.63709        4.96303        5.82887
H          4.75917        5.58286        5.62910
H          6.52428        5.57638        5.65021
C          5.62550        4.50362        7.28222
H          5.60842        5.36533        7.95193
H          4.72966        3.91262        7.48567
