53
CSD_code = HEFKUZ | q = 0 | S = 0 | Stoichiometry = C21H29NSiZr | MND = 6
Zr         0.36822        3.60572        9.42386
Si         2.96496        3.60555        7.87649
N          1.26889        3.60505        7.56419
C         -1.01093        5.33749        9.61769
C          2.76756        3.60550        9.76882
C          2.29786        4.74639       10.49442
C          1.57793        4.32320       11.67943
C          1.06811        5.26561       12.57964
C          1.21962        6.60656       12.30420
C          1.87611        7.02814       11.13803
C          2.40788        6.12999       10.24181
C          3.98241        5.11877        7.25149
C          0.60207        3.60495        6.27497
C         -0.92536        3.60458        6.49709
C          0.97140        4.86349        5.47173
H         -1.07355        5.64204       10.67694
H         -2.04922        5.18515        9.28303
H         -0.61989        6.21120        9.06476
H          0.57060        4.94213       13.48562
H          0.83395        7.34661       12.98980
H          1.97268        8.08878       10.95231
H          2.94952        6.48181        9.37463
H          4.82423        5.32658        7.90400
H          3.37895        6.01842        7.18458
H          4.38422        4.92493        6.26197
H         -1.43936        3.60444        5.53635
H         -1.22021        4.50017        7.05221
H          2.02690        4.84698        5.21890
H          0.77260        5.74598        6.07898
H          0.39105        4.92247        4.55399
C         -1.01207        1.87503        9.61873
C          2.29769        2.46449       10.49412
C          1.57782        2.88743       11.67923
C          1.06798        1.94484       12.57924
C          1.21938        0.60395       12.30345
C          1.87567        0.18261       11.13708
C          2.40745        1.08095       10.24105
C          3.98338        2.09303        7.25140
C          0.97200        2.34665        5.47165
H         -1.07513        1.57112       10.67814
H         -2.05024        2.02779        9.28389
H         -0.62170        1.00057        9.06649
H          0.57071        2.26811       13.48542
H          0.83380       -0.13626       12.98893
H          1.97208       -0.87799       10.95104
H          2.94896        0.72933        9.37370
H          4.82520        1.88557        7.90404
H          3.38050        1.19302        7.18419
H          4.38527        2.28729        6.26200
H         -1.21976        2.70886        7.05222
H          2.02750        2.36367        5.21884
H          0.77361        1.46402        6.07883
H          0.39169        2.28746        4.55389
