53
CSD_code = HEFLAG | q = 0 | S = 0 | Stoichiometry = C21H29HfNSi | MND = 6
Hf         0.30190        3.60900        9.40184
Si         2.93527        3.60900        7.89948
N          1.24379        3.60900        7.55650
C         -1.01694        5.37463        9.65477
C          2.68360        3.60900        9.77949
C          2.22977        4.75042       10.51414
C          1.52476        4.32595       11.70508
C          1.07421        5.26495       12.63863
C          1.27536        6.60483       12.39587
C          1.93222        7.02900       11.23212
C          2.40437        6.13338       10.30179
C          3.95153        5.12112        7.29364
C          0.59520        3.60900        6.25664
C         -0.93134        3.60900        6.47437
C          0.97202        4.86252        5.45072
H         -1.04849        5.70916       10.69965
H         -2.06153        5.21249        9.35885
H         -0.65604        6.23385        9.07208
H          0.58534        4.93709       13.54635
H          0.93573        7.34076       13.10930
H          2.07923        8.08813       11.07505
H          2.95010        6.48337        9.43821
H          4.78350        5.32737        7.95884
H          3.35058        6.02109        7.21793
H          4.36758        4.92583        6.31038
H         -1.23000        4.50280        7.02702
H         -1.44436        3.60900        5.51398
H          0.75214        5.75278        6.03616
H          0.41383        4.90336        4.51845
H          2.03338        4.85149        5.22442
C         -1.01694        1.84337        9.65477
C          2.22977        2.46758       10.51414
C          1.52476        2.89205       11.70508
C          1.07421        1.95305       12.63862
C          1.27536        0.61317       12.39587
C          1.93222        0.18900       11.23212
C          2.40437        1.08462       10.30178
C          3.95153        2.09688        7.29364
C          0.97202        2.35548        5.45072
H         -1.04849        1.50885       10.69965
H         -2.06153        2.00551        9.35885
H         -0.65604        0.98415        9.07208
H          0.58534        2.28091       13.54635
H          0.93573       -0.12277       13.10930
H          2.07923       -0.87013       11.07505
H          2.95010        0.73463        9.43821
H          4.78351        1.89063        7.95884
H          3.35058        1.19691        7.21793
H          4.36758        2.29218        6.31038
H         -1.23000        2.71519        7.02702
H          0.75214        1.46521        6.03616
H          0.41383        2.31463        4.51846
H          2.03338        2.36650        5.22442
