79
CSD_code = HILZAE | q = 0 | S = 0 | Stoichiometry = C35H39NO2SiW | MND = 9
W          1.06521        1.25708        3.37804
Si         3.25861        4.47274        3.53003
O         -1.72874        1.82850        2.13327
O         -0.78894        2.89112        5.27514
N          2.43866        3.01853        3.03137
C         -0.67840        1.59367        2.56613
C         -0.04778        2.33886        4.57430
C          1.78927        2.65193        2.01398
C          1.78169        3.26732        0.66456
H          0.85879        3.83890        0.56026
H          1.77846        2.49764       -0.10559
H          2.63434        3.93428        0.52742
C          3.88854        4.09366        5.27037
C          5.13403        4.51737        5.72180
H          5.78039        5.06847        5.05287
C          5.55917        4.24196        7.00782
H          6.53401        4.57661        7.33527
C          4.74527        3.54306        7.89108
C          3.49508        3.12655        7.44840
H          2.84320        2.59152        8.12605
C          3.07490        3.39612        6.15986
H          2.09985        3.05999        5.82852
C          5.21269        3.22856        9.27959
H          5.76045        2.28498        9.28474
H          4.36984        3.13197        9.96015
H          5.87933        4.00444        9.64932
C          1.98224        5.86960        3.53207
C          2.35108        7.18836        3.78502
H          3.39018        7.41994        3.97390
C          1.41233        8.20152        3.79681
H          1.72201        9.21915        3.99227
C          0.06944        7.92869        3.56210
C         -0.30459        6.61325        3.31725
H         -1.34395        6.37692        3.13924
C          0.63559        5.60050        3.30239
H          0.31871        4.58051        3.11650
C         -0.95105        9.02467        3.60046
H         -1.82146        8.76598        3.00210
H         -0.53204        9.95954        3.23385
H         -1.28272        9.18491        4.62704
C          4.67795        4.82038        2.32143
C          4.60921        5.86238        1.40227
H          3.72950        6.49022        1.37937
C          5.64612        6.11098        0.52136
H          5.56624        6.92894       -0.18135
C          6.78916        5.32313        0.52828
C          6.86408        4.27838        1.44356
H          7.74726        3.65464        1.46462
C          5.82726        4.03362        2.32190
H          5.91157        3.22039        3.02949
C          7.92373        5.58570       -0.41396
H          8.80944        5.89533        0.14059
H          7.66910        6.36952       -1.12290
H          8.17811        4.68225       -0.96655
C          0.84585       -0.91238        4.04261
C          1.85798       -0.35451        4.89621
C          2.94768        0.03988        4.08431
C          2.64681       -0.29884        2.72528
C          1.37047       -0.91642        2.69583
C         -0.34126       -1.70600        4.51284
H         -0.04801       -2.73954        4.71339
H         -1.12777       -1.71482        3.75995
H         -0.75294       -1.28486        5.42855
C          1.81178       -0.35704        6.39561
H          2.07417       -1.34835        6.77337
H          0.81447       -0.11116        6.75810
H          2.51390        0.36240        6.81157
C          4.28180        0.54403        4.54616
H          4.23235        0.93850        5.55898
H          4.64767        1.33903        3.89524
H          5.01185       -0.26922        4.52862
C          3.63172       -0.21765        1.59469
H          4.20533        0.70944        1.63506
H          3.12880       -0.26566        0.63008
H          4.33680       -1.05094        1.64973
C          0.74438       -1.62449        1.53086
H         -0.34136       -1.55041        1.56622
H          1.01402       -2.68315        1.54993
H          1.08231       -1.20538        0.58486
