111
CSD_code = HUVSIB | q = 0 | S = 0 | Stoichiometry = C35H66LaN5Si4 | MND = 5
La         2.98644        3.15514        4.78298
Si         4.23201        5.69226        7.10259
Si         4.98807        2.86405        7.74810
Si         5.66322        4.36149        2.65128
Si         3.23722        3.51230        1.14061
N          1.98854        0.84124        4.74734
N          0.97004        3.05010        6.26147
N          1.04240        5.01317        4.29984
N          4.21339        4.01601        6.73197
N          4.07075        3.68331        2.63456
C          1.78549       -1.30998        5.93184
H          1.51966       -1.73876        4.96843
H          1.11718       -1.69820        6.69629
H          2.79788       -1.63262        6.17714
C          1.74361        0.20408        5.88182
C          1.43264        0.85313        7.07857
H          1.38469        0.22171        7.95433
C          0.99600        2.17442        7.24819
C          0.43295        2.51889        8.60764
H         -0.64691        2.66078        8.55104
H          0.87819        3.44096        8.97764
H          0.62969        1.72653        9.32331
C          0.24966        4.28679        6.48570
H          0.78838        4.92906        7.20579
H         -0.75125        4.09796        6.90126
C          0.08811        5.09788        5.22627
C          0.96175        5.79446        3.22439
H          1.77662        5.70499        2.51834
C         -1.00328        5.95265        5.07987
H         -1.76481        5.99164        5.84408
C          1.81396        0.15791        3.51749
C          0.52909        0.16956        2.94102
C          0.34195       -0.44937        1.71484
H         -0.63838       -0.46103        1.26424
C          1.39466       -1.05404        1.05232
H          1.23282       -1.51940        0.09115
C          2.64983       -1.07236        1.62883
H          3.46211       -1.56226        1.11326
C          2.87364       -0.49131        2.86901
C         -0.62700        0.82328        3.66975
H         -0.21081        1.57254        4.35684
C         -1.38107       -0.22157        4.50007
H         -0.74030       -0.63682        5.27106
H         -1.72975       -1.03201        3.86233
H         -2.24366        0.23483        4.98152
C         -1.60994        1.52976        2.73392
H         -2.20282        0.81317        2.17002
H         -1.08699        2.17637        2.03579
H         -2.29549        2.13953        3.31983
C          4.23385       -0.58018        3.52234
H          4.13531       -0.22846        4.55400
C          4.74165       -2.02477        3.56911
H          4.97948       -2.39105        2.57377
H          3.99401       -2.68385        4.00521
H          5.64530       -2.08035        4.17270
C          5.24391        0.31870        2.80473
H          4.89257        1.35262        2.78166
H          5.38856       -0.01548        1.77984
H          6.20603        0.27964        3.31309
C          3.29746        6.64273        5.72041
H          2.23904        6.75034        5.93931
H          3.40928        6.14177        4.75740
H          3.70069        7.64533        5.61510
C          3.37806        6.13210        8.76588
H          4.01197        5.85398        9.60060
H          2.43655        5.60481        8.88576
H          3.17475        7.19517        8.84776
C          5.95866        6.51886        7.17592
H          6.52262        6.32849        6.26929
H          6.54164        6.14477        8.00826
H          5.87683        7.59544        7.29274
C          4.07131        2.44727        9.37888
H          3.13580        1.93745        9.18357
H          3.84775        3.34865        9.93782
H          4.67161        1.80590       10.01628
C          6.78010        3.28009        8.27920
H          6.78268        4.05310        9.03970
H          7.37225        3.63680        7.44428
H          7.28352        2.41328        8.69624
C          5.07887        1.23856        6.72869
H          5.20302        1.45529        5.66320
H          4.18021        0.64562        6.87625
H          5.92238        0.62708        7.03480
C          5.68359        6.28131        2.64360
H          5.34072        6.69059        3.58762
H          5.05100        6.67914        1.85790
H          6.68826        6.65509        2.47294
C          6.57058        3.79535        4.23656
H          6.83661        2.74323        4.19859
H          5.97244        3.97283        5.12872
H          7.49560        4.35174        4.35299
C          6.78003        3.83013        1.19006
H          6.36600        4.16002        0.24429
H          6.88934        2.75198        1.14427
H          7.77412        4.25626        1.28066
C          3.24579        5.08869        0.04270
H          4.23804        5.25669       -0.36051
H          2.96846        5.98346        0.59173
H          2.56300        4.99421       -0.79619
C          3.83416        2.10363       -0.01270
H          3.56116        1.13175        0.38489
H          4.90875        2.12115       -0.14663
H          3.37959        2.19251       -0.99502
C          1.39830        3.09020        1.48945
H          0.72765        3.88190        1.16960
H          1.22107        2.90194        2.55042
H          1.12313        2.19157        0.94850
C         -0.08115        6.67664        3.00713
H         -0.10266        7.29086        2.12134
C         -1.09305        6.74915        3.95396
H         -1.93021        7.41787        3.81922
