57
CSD_code = HUYVOO | q = 0 | S = 0 | Stoichiometry = C12H36MoN2O2Si4 | MND = 4
Mo         7.09896       13.67707        6.77047
Si         8.57311       10.77397        6.00553
Si         4.44614       13.67689        5.29179
Si         4.35095       13.67715        8.43437
O          7.59001       12.06285        6.04818
N          7.66306       13.67714        8.38257
N          5.18006       13.67705        6.87781
C         10.33438       11.51450        6.17553
H         11.07305       10.78688        6.49294
H         10.68373       11.95196        5.24239
H         10.29165       12.30849        6.92415
C          8.10579        9.64886        7.48108
H          8.83820        8.86821        7.65531
H          8.03489       10.25859        8.37968
H          7.14156        9.16990        7.32970
C          8.33726        9.86904        4.33204
H          8.98647        9.00252        4.27245
H          7.31519        9.52209        4.20785
H          8.57132       10.51212        3.48789
C          5.77532       13.67690        3.91577
H          5.31673       13.67683        2.92971
H          6.40867       12.79274        3.97593
C          3.39768       12.09305        5.05177
H          3.20243       11.91181        3.99955
H          3.90968       11.22110        5.45156
H          2.43907       12.17087        5.55170
C          2.44319       13.67712        8.29010
H          2.00623       13.67713        9.28254
H          2.07258       12.80035        7.77208
C          4.92998       12.07252        9.29134
H          4.59002       12.00004       10.31856
H          4.59186       11.18422        8.76222
H          6.01932       12.08115        9.28448
H          6.40858       14.56113        3.97586
C          3.39743       15.26052        5.05152
H          3.20218       15.44159        3.99928
H          3.90926       16.13261        5.45121
H          2.43882       15.18261        5.55143
H          2.07256       14.55386        7.77205
C          4.92993       15.28191        9.29112
H          4.59000       15.35450       10.31834
H          4.59175       16.17013        8.76191
H          6.01927       15.27335        9.28423
Si         8.57312       16.58006        6.00515
O          7.58992       15.29127        6.04806
C         10.33448       15.83924        6.17296
H         11.07353       16.56663        6.48999
H         10.68283       15.40228        5.23922
H         10.29249       15.04483        6.92117
C          8.10741       17.70435        7.48183
H          8.84012       18.48474        7.65589
H          8.03720       17.09402        8.38009
H          7.14312       18.18359        7.33164
C          8.33571       17.48594        4.33240
H          8.98480       18.35253        4.27271
H          7.31351       17.83288        4.20931
H          8.56905       16.84336        3.48767
