115
CSD_code = ICACEU | q = 0 | S = 0 | Stoichiometry = C44H64N4Si2W | MND = 4
W          4.03143        2.34832        2.72654
Si         6.03376        1.02729        5.37850
Si         0.82606        2.64847        1.13787
N          4.66619        1.63063        4.50733
N          2.22014        1.96221        1.89964
N          4.12070        4.15173        2.86261
N          5.29326        1.77278        1.56697
C          3.46684        1.95242        5.11951
C          2.28725        1.31899        4.63396
C          2.42506        0.24990        3.58401
C          2.31010        0.61354        2.21224
C          3.37325        2.77272        6.25398
H          4.27940        3.18654        6.66869
C          2.14615        3.02388        6.83274
H          2.08349        3.67173        7.69444
C          0.99858        2.43164        6.33397
H          0.04540        2.62142        6.80429
C          1.06034        1.54700        5.26202
C         -0.17952        0.80643        4.85681
H         -0.41960        0.05701        5.61198
H         -0.05097        0.30282        3.90360
H         -1.02471        1.48893        4.79160
C          2.53295       -1.51702        5.38878
H          1.56019       -1.90753        5.68992
H          2.78366       -0.68391        6.03870
H          3.26394       -2.31140        5.52691
C          2.48626       -1.09785        3.94913
C          2.44599       -2.07444        2.95937
H          2.50977       -3.11410        3.24345
C          2.27513       -1.72979        1.62936
H          2.19683       -2.50363        0.88012
C          2.18712       -0.40441        1.25495
H          2.01123       -0.12450        0.22826
C          6.87174       -0.12614        4.10870
H          6.43014       -1.11876        4.12387
H          7.93233       -0.24182        4.30207
H          6.74770        0.27418        3.10346
C          7.17992        2.40373        6.06279
H          7.20040        3.27077        5.41108
H          8.19783        2.04240        6.16727
H          6.85590        2.73414        7.04668
C          5.48547        0.01342        6.91103
H          4.66084        0.48944        7.43484
H          6.30839       -0.07508        7.61247
H          5.17576       -0.99258        6.64929
C          0.93538        2.80695       -0.77097
H          1.91284        3.12247       -1.11719
H          0.20827        3.53290       -1.12147
H          0.70475        1.86308       -1.25810
C         -0.74035        1.57891        1.41962
H         -0.50926        0.51708        1.41854
H         -1.45751        1.75535        0.62479
H         -1.23586        1.81047        2.35575
C          0.63911        4.33015        2.02788
H         -0.02240        4.25584        2.88658
H          0.23451        5.09266        1.37257
H          1.61085        4.66970        2.38797
C          4.55818        5.40567        2.60371
C          5.09832        6.21345        3.63689
C          5.53979        7.49270        3.36002
H          5.93633        8.10698        4.15472
C          5.48917        8.00373        2.07561
H          5.84839        9.00117        1.87026
C          4.97130        7.22414        1.05782
H          4.94233        7.62614        0.05538
C          4.49591        5.94608        1.29214
C          5.14358        5.65166        5.03828
H          5.12263        4.55386        4.93731
C          3.89374        6.10034        5.80275
H          3.84151        7.18735        5.82621
H          3.91192        5.73330        6.82718
H          2.99888        5.72184        5.31288
C          6.40490        6.04797        5.80485
H          7.29402        5.85194        5.20969
H          6.47547        5.48137        6.73150
H          6.39021        7.10429        6.06250
C          3.91236        5.13654        0.15743
H          3.47984        4.21253        0.59463
C          2.81463        5.92891       -0.55800
H          2.06978        6.27479        0.15352
H          2.32100        5.31554       -1.30691
H          3.23571        6.79608       -1.06092
C          4.99740        4.71163       -0.83702
H          5.56301        5.57421       -1.18332
H          4.54732        4.22900       -1.70230
H          5.68018        4.00659       -0.36814
C          6.36396        1.70025        0.74136
C          7.54689        2.44634        0.99162
C          8.60582        2.35455        0.10535
H          9.49863        2.93563        0.28535
C          8.55160        1.54461       -1.01338
H          9.38978        1.49541       -1.69255
C          7.41237        0.79750       -1.25551
H          7.37596        0.16483       -2.12893
C          6.33053        0.85533       -0.39955
C          7.66552        3.33799        2.20649
H          6.72525        3.24025        2.79314
C          7.83277        4.80440        1.79948
H          8.75315        4.94340        1.23642
H          7.86971        5.43956        2.68156
H          6.99733        5.13074        1.18971
C          8.85523        2.91035        3.07101
H          8.73167        1.88981        3.41942
H          8.95287        3.56592        3.93278
H          9.77946        2.96927        2.50073
C          5.05305        0.09631       -0.66702
H          4.65373       -0.22178        0.30814
C          4.05101        1.07062       -1.29682
H          3.80310        1.84535       -0.56578
H          3.14236        0.55534       -1.60197
H          4.49118        1.53822       -2.17583
C          5.22644       -1.14191       -1.54236
H          5.44891       -0.86602       -2.57061
H          4.30592       -1.72330       -1.54318
H          6.02953       -1.77135       -1.16587
