87
CSD_code = ILIJUJ | q = 0 | S = 0 | Stoichiometry = C22H54MoN3O3PSSi2 | MND = 5
Mo         6.13124        4.64560       13.12497
S          7.32713        4.66641       10.77539
P          7.79951        6.47848       11.47778
Si        10.07302        7.68215       10.11295
Si        10.34381        5.37866       12.19655
O          6.19916        4.69663       14.95125
O          6.14185        2.85898       12.88842
O          7.35158        7.62799       10.45573
N          4.54834        5.10292       12.65125
N          7.14213        6.53318       12.94856
N          9.44474        6.71589       11.45811
C          5.46772        4.39109       16.09922
C          5.55257        2.86514       16.28566
H          5.14954        2.39204       15.38947
H          4.98810        2.54355       17.15739
H          6.59366        2.56424       16.40430
C          6.08253        5.09339       17.32421
H          7.11643        4.77969       17.46077
H          5.51805        4.83646       18.21679
H          6.05818        6.17313       17.19244
C          3.99871        4.81081       15.92357
H          3.86868        5.86949       16.13689
H          3.35122        4.23956       16.58305
H          3.72176        4.63230       14.88175
C          5.41199        1.79276       12.36295
C          3.93475        1.93982       12.75559
H          3.77925        1.67968       13.80122
H          3.30676        1.30496       12.13745
H          3.66405        2.98720       12.60588
C          5.99843        0.47356       12.89794
H          7.02885        0.36320       12.56474
H          5.41682       -0.37039       12.53703
H          5.98467        0.47341       13.98679
C          5.52765        1.83311       10.83029
H          5.07305        2.75566       10.46997
H          5.02416        0.97813       10.38681
H          6.57589        1.82830       10.53295
C          7.27448        7.65271       13.88877
C          5.89815        7.93158       14.50593
H          5.47384        6.99785       14.87211
H          5.21776        8.33014       13.75827
H          5.98654        8.64675       15.32217
C          7.79627        8.92154       13.21326
H          7.90612        9.71329       13.95272
H          7.10505        9.25924       12.44605
H          8.76177        8.72668       12.75388
C          8.25925        7.26843       15.00458
H          7.91671        6.36380       15.50427
H          8.32142        8.06750       15.74144
H          9.25147        7.09931       14.58872
C          9.68370        9.54393       10.28696
H         10.00916       10.05201        9.38410
H         10.23381        9.98326       11.11489
H          8.63453        9.76046       10.43042
C         11.97896        7.67094       10.17733
H         12.36470        8.14446       11.07168
H         12.33913        8.24464        9.33060
H         12.41829        6.68451       10.11248
C          9.53064        6.87741        8.47069
H         10.38507        6.53316        7.89491
H          8.97828        7.57110        7.84430
H          8.89156        6.02021        8.66738
C         10.93794        4.20917       10.80601
H         10.08771        3.74392       10.31204
H         11.56051        3.41840       11.21377
H         11.51317        4.72231       10.04366
C          9.44390        4.22519       13.42048
H          8.80799        4.75173       14.12588
H         10.17646        3.66904       14.00187
H          8.83672        3.49147       12.89106
C         11.75397        6.21481       13.17811
H         12.69430        6.07586       12.66024
H         11.86284        5.76605       14.15971
H         11.60616        7.28088       13.31160
C          6.06375        7.85937        9.83002
C          6.19672        9.23578        9.17055
H          6.36815       10.00557        9.91940
H          5.28142        9.47304        8.63576
H          7.02829        9.23815        8.47098
C          4.93425        7.86971       10.85276
H          4.89557        6.92802       11.41076
H          3.98524        7.99996       10.33882
H          5.06000        8.69173       11.55387
C          5.78721        6.80189        8.76405
H          6.63657        6.70474        8.09379
H          4.91304        7.09190        8.18700
H          5.59310        5.83865        9.22915
