162
CSD_code = IYEFIC | q = 0 | S = 0 | Stoichiometry = C60H94LaN3O2Si2 | MND = 5
La         2.94468        2.94482        0.00037
Si         5.86868        4.68655        1.21885
O          3.91514        1.09148        0.74379
N          1.64836        2.28956        2.07183
N          4.64960        4.64963       -0.00012
C          4.00246        0.33531        1.78478
C          5.07287       -0.61136        1.95671
C          5.06614       -1.44335        3.04677
H          5.86774       -2.15277        3.15690
C          4.07534       -1.43691        4.04456
C          3.07536       -0.51539        3.91394
H          2.29365       -0.43840        4.65366
C          3.01719        0.38263        2.82508
C          1.93089        1.29721        2.85956
H          1.25130        1.13406        3.70707
C          0.45468        2.97864        2.45671
C         -0.79346        2.47013        2.07923
C         -1.94212        3.09277        2.54989
H         -2.90944        2.70082        2.27557
C         -1.86549        4.19766        3.37264
H         -2.76718        4.66640        3.73740
C         -0.62930        4.70545        3.72579
H         -0.58008        5.57357        4.36288
C          0.54181        4.10377        3.29039
C         -0.90743        1.26807        1.17163
H          0.09828        1.00671        0.82439
C         -1.48084        0.06989        1.93258
H         -0.82638       -0.21114        2.75526
H         -1.58416       -0.78476        1.26716
H         -2.46130        0.30577        2.34003
C         -1.75930        1.58988       -0.05826
H         -2.79527        1.77228        0.21646
H         -1.73512        0.75774       -0.75834
H         -1.37446        2.47286       -0.56257
C          1.89591        4.66812        3.65374
H          2.61372        3.84206        3.69644
C          1.92422        5.37089        5.01127
H          1.38879        6.31655        4.98121
H          2.95468        5.58228        5.28848
H          1.48343        4.74294        5.78253
C          2.32888        5.63597        2.54625
H          2.41256        5.11452        1.58246
H          3.29765        6.06914        2.78128
H          1.59775        6.43678        2.44676
C          6.20060       -0.68265        0.93360
C          7.27904       -1.71414        1.28651
H          7.74911       -1.48860        2.24127
H          8.05230       -1.68852        0.52111
H          6.87265       -2.72291        1.31265
C          6.88178        0.68720        0.84389
H          6.16143        1.45862        0.59023
H          7.66045        0.66946        0.08414
H          7.33940        0.94084        1.79789
C          5.61479       -1.06745       -0.42797
H          5.13441       -2.04222       -0.37117
H          6.39973       -1.11517       -1.17972
H          4.87778       -0.33594       -0.74000
C          4.17239       -2.42829        5.19298
C          5.48952       -2.20305        5.94842
H          6.34949       -2.36729        5.30531
H          5.56068       -2.88722        6.79156
H          5.53580       -1.18352        6.32527
C          4.13448       -3.85486        4.62726
H          3.21062       -4.01421        4.07509
H          4.18479       -4.58160        5.43554
H          4.96792       -4.03645        3.95450
C          3.02023       -2.28000        6.19038
H          3.01916       -1.29012        6.64061
H          3.13268       -3.01200        6.98769
H          2.06140       -2.45340        5.70741
C          5.31469        3.57213        2.68148
H          5.09914        4.16070        3.56744
H          6.09053        2.86318        2.94833
H          4.42186        2.99676        2.43232
C          6.22557        6.41058        1.97707
H          6.72595        7.03988        1.25013
H          6.87481        6.33280        2.84377
H          5.32432        6.93004        2.28324
C          7.58732        4.09288        0.60132
H          7.50195        3.35676       -0.18959
H          8.17303        3.65207        1.40159
H          8.15424        4.92875        0.20646
Si         4.68657        5.86879       -1.21900
O          1.09155        3.91519       -0.74379
N          2.28961        1.64839       -2.07181
C          0.33539        4.00250       -1.78478
C         -0.61131        5.07289       -1.95669
C         -1.44331        5.06615       -3.04674
H         -2.15274        5.86775       -3.15686
C         -1.43689        4.07534       -4.04452
C         -0.51538        3.07536       -3.91391
H         -0.43840        2.29364       -4.65362
C          0.38267        3.01720       -2.82507
C          1.29724        1.93090       -2.85955
H          1.13406        1.25128       -3.70702
C          2.97867        0.45470       -2.45670
C          2.47014       -0.79345       -2.07922
C          3.09279       -1.94211       -2.54989
H          2.70084       -2.90943       -2.27557
C          4.19768       -1.86548       -3.37263
H          4.66643       -2.76716       -3.73738
C          4.70548       -0.62928       -3.72577
H          5.57361       -0.58006       -4.36285
C          4.10380        0.54183       -3.29037
C          1.26808       -0.90742       -1.17162
H          1.00672        0.09828       -0.82436
C          0.06991       -1.48082       -1.93258
H         -0.21112       -0.82637       -2.75526
H         -0.78473       -1.58415       -1.26716
H          0.30579       -2.46128       -2.34004
C          1.58990       -1.75931        0.05826
H          1.77229       -2.79528       -0.21647
H          0.75775       -1.73513        0.75834
H          2.47287       -1.37447        0.56259
C          4.66814        1.89594       -3.65370
H          3.84208        2.61376       -3.69640
C          5.37091        1.92427       -5.01123
H          6.31656        1.38883       -4.98119
H          5.58228        2.95472       -5.28844
H          4.74295        1.48348       -5.78249
C          5.63601        2.32890       -2.54622
H          5.11459        2.41257       -1.58241
H          6.06918        3.29767       -2.78125
H          6.43682        1.59777       -2.44674
C         -0.68261        6.20062       -0.93357
C         -1.71410        7.27905       -1.28649
H         -1.48857        7.74912       -2.24124
H         -1.68848        8.05230       -0.52109
H         -2.72287        6.87267       -1.31262
C          0.68725        6.88179       -0.84388
H          1.45867        6.16145       -0.59021
H          0.66950        7.66047       -0.08413
H          0.94088        7.33942       -1.79788
C         -1.06739        5.61480        0.42800
H         -2.04218        5.13443        0.37120
H         -1.11511        6.39974        1.17974
H         -0.33589        4.87779        0.74003
C         -2.42827        4.17239       -5.19294
C         -2.20304        5.48952       -5.94838
H         -2.36728        6.34949       -5.30527
H         -2.88720        5.56068       -6.79152
H         -1.18351        5.53581       -6.32523
C         -3.85484        4.13446       -4.62722
H         -4.01417        3.21059       -4.07506
H         -4.58158        4.18477       -5.43549
H         -4.03643        4.96789       -3.95446
C         -2.27996        3.02023       -6.19034
H         -1.29008        3.01917       -6.64057
H         -3.01196        3.13267       -6.98766
H         -2.45336        2.06140       -5.70737
C          3.57216        5.31489       -2.68169
H          4.16076        5.09943       -3.56767
H          2.86320        6.09076       -2.94844
H          2.99679        4.42202       -2.43262
C          6.41062        6.22564       -1.97717
H          7.03989        6.72597       -1.25017
H          6.33289        6.87494       -2.84384
H          6.93009        5.32440       -2.28337
C          4.09289        7.58741       -0.60144
H          3.35676        7.50202        0.18946
H          3.65211        8.17316       -1.40169
H          4.92878        8.15428       -0.20654
