70
CSD_code = JIXYAR | q = 0 | S = 0 | Stoichiometry = C21H41Cl2N3Si2Zr | MND = 5
C          6.53139        2.20404        0.29311
H          5.51424        1.78538        0.32487
H          7.16558        1.45532       -0.21648
C          6.45464        3.44442       -0.64546
C          5.60789        4.60192       -0.00251
H          5.29018        5.25284       -0.82921
H          4.69964        4.12918        0.40889
C          5.71237        2.99298       -1.91051
H          5.59302        3.81212       -2.61535
H          4.71796        2.64590       -1.63901
H          6.23434        2.17211       -2.39757
C          7.84216        3.94613       -0.93259
C          8.32876        4.12525       -2.22904
H          7.71235        3.89997       -3.08207
C          9.61496        4.58935       -2.42781
H          9.99684        4.73096       -3.42775
C         10.40465        4.85822       -1.31890
H         11.41946        5.20637       -1.42335
C          9.85694        4.66310       -0.06530
H         10.45071        4.83150        0.82813
C          7.93322        1.80086        4.28625
H          8.95523        1.86249        3.91399
H          7.92533        1.05984        5.07931
H          7.67179        2.76030        4.73483
C          7.12605       -0.50055        2.35128
H          6.56116       -0.78869        1.47109
H          6.89384       -1.20836        3.13910
H          8.17974       -0.60861        2.11443
C          4.87390        1.38268        3.48665
C          4.41341        2.84620        3.49972
H          4.72839        3.37738        2.59130
H          4.83715        3.36702        4.35633
H          3.32690        2.90400        3.57887
C          3.95359        0.58550        2.55687
H          2.92606        0.61943        2.92030
H          4.25917       -0.45621        2.50679
H          3.96511        0.99355        1.54837
C          4.72798        0.81368        4.90009
H          5.34382        1.36792        5.60272
H          5.02928       -0.23079        4.92828
H          3.69173        0.87791        5.23125
C          7.20447        7.53798       -0.92082
H          8.10148        7.02214       -1.25338
H          7.39742        8.60296       -0.98137
H          6.41572        7.31159       -1.63079
C          8.26686        7.22419        1.96442
H          8.09970        6.85937        2.98151
H          8.53454        8.27421        2.04969
H          9.13561        6.71135        1.54501
C          5.24752        8.13259        1.47845
C          4.08225        8.06734        0.48812
H          3.74481        7.04070        0.36569
H          4.37787        8.45240       -0.48518
H          3.24242        8.66136        0.84762
C          4.76193        7.61499        2.83484
H          3.89103        8.17808        3.17012
H          5.53972        7.71122        3.58852
H          4.49087        6.56153        2.76867
C          5.68077        9.59059        1.63016
H          4.84386       10.20053        1.96902
H          6.03125        9.99385        0.68298
H          6.48047        9.68111        2.36029
Cl         9.75860        4.33313        3.07617
Cl         6.71354        5.08377        4.22592
N          7.03193        2.43476        1.62409
N          6.27739        5.35390        1.01299
N          8.60678        4.23419        0.13423
Si         6.73389        1.30451        2.88210
Si         6.70370        7.00478        0.86315
Zr         7.56169        4.30147        2.18769
