80
CSD_code = JIXYEV | q = 0 | S = 0 | Stoichiometry = C23H48ClN5Si2Zr | MND = 6
C          3.04217        4.24579        2.81595
H          3.71863        4.40194        1.95400
H          3.62329        4.48149        3.72070
C          1.93999        5.34994        2.69701
C          1.29171        5.36042        1.26606
H          0.88736        6.37356        1.11215
H          2.12206        5.22871        0.54540
C          2.65967        6.69557        2.86436
H          1.96451        7.52887        2.78872
H          3.39789        6.80395        2.07259
H          3.18101        6.75115        3.81767
C          0.87608        5.12140        3.73692
C          0.58894        6.04300        4.74597
H          1.14064        6.96452        4.82275
C         -0.40856        5.77297        5.66470
H         -0.62874        6.47781        6.45264
C         -1.12086        4.58818        5.54876
H         -1.91453        4.34145        6.23506
C         -0.78556        3.72416        4.52307
H         -1.32170        2.78896        4.38967
C          5.22740        1.77106        3.76665
H          5.59950        1.90716        2.75566
H          5.68538        0.87333        4.16597
H          5.58247        2.60990        4.35662
C          2.76433        0.02245        2.97376
H          1.69490        0.03344        2.75325
H          2.96302       -0.82406        3.62278
H          3.30183       -0.15295        2.04599
C          2.75281        1.63581        5.66233
C          1.32674        1.08778        5.74613
H          0.92881        1.19667        6.75605
H          1.30546        0.03198        5.48797
H          0.67004        1.61472        5.05349
C          2.76489        3.05287        6.23870
H          2.09724        3.70051        5.67417
H          3.76697        3.47664        6.20189
H          2.43816        3.05064        7.27949
C          3.66580        0.75594        6.51746
H          4.67706        1.15353        6.54065
H          3.70579       -0.25608        6.12258
H          3.29607        0.70625        7.54189
C         -0.78155        5.16896       -1.69049
H         -0.32441        6.15318       -1.66834
H         -1.69304        5.24397       -2.27406
H         -0.10235        4.51104       -2.22170
C         -1.75499        2.72688        0.04737
H         -0.91109        2.03365       -0.05073
H         -2.42915        2.56185       -0.78768
H         -2.29841        2.47096        0.95648
C         -2.51297        5.67479        0.82757
C         -2.64480        5.43173        2.33203
H         -3.48144        5.99805        2.74435
H         -1.73792        5.74911        2.84261
H         -2.80891        4.37627        2.54469
C         -2.18844        7.15298        0.60934
H         -2.95553        7.78611        1.05709
H         -2.13491        7.38441       -0.45090
H         -1.23290        7.40853        1.06331
C         -3.85696        5.37036        0.16465
H         -4.14961        4.33976        0.34513
H         -3.80279        5.52766       -0.90947
H         -4.63646        6.02077        0.56291
C          3.50342        2.12668       -0.20977
H          3.70894        2.17954        0.86273
H          4.04455        2.91799       -0.73049
H          3.85031        1.15257       -0.59732
C          1.74972        2.19200       -1.83507
H          2.08213        1.22565       -2.24849
H          2.23812        2.99654       -2.38449
H          0.67059        2.27317       -1.95911
Cl        -0.78193        1.00427        2.76265
H          1.60565        0.40533        0.13928
N          2.58276        2.88556        2.84158
N          0.28601        4.37003        1.05094
N          0.19196        3.96725        3.64620
N          1.30203        1.37386        0.34883
N          2.06342        2.30595       -0.40951
Si         3.30340        1.66896        3.79160
Si        -1.10783        4.52980        0.09869
Zr         0.78951        2.55960        1.88254
