103
CSD_code = KARQEZ | q = 0 | S = 0 | Stoichiometry = C26H64Cl2N6Si4Zr | MND = 6
Zr         0.00000        2.89084       13.50888
Cl         0.25913        4.53932       15.18508
Si         3.93691        0.25835       11.85796
Si         3.28795        2.56523        9.83715
N          0.73821        1.47325       12.10340
N          2.11908        2.77700       13.21950
N          2.99153        1.62604       11.29543
C          0.26827        0.67678       10.99115
H          0.99776        0.70610       10.16661
C         -1.06042        1.29293       10.53613
H         -0.89216        2.29617       10.14478
H         -1.72473        1.36951       11.40259
H         -1.53021        0.68353        9.76655
C          0.07142       -0.77996       11.42914
H          1.02048       -1.21345       11.73384
H         -0.34072       -1.36861       10.61258
H         -0.61251       -0.81783       12.27462
C          3.30500        3.59407       13.40518
H          4.11371        3.22234       12.75900
C          3.74285        3.52924       14.87127
H          4.03575        2.51720       15.14337
H          2.91539        3.84469       15.50734
H          4.58822        4.19289       15.03657
C          2.97116        5.04461       13.02761
H          2.57349        5.09241       12.01420
H          3.86115        5.66740       13.09322
H          2.21662        5.43727       13.71207
C          1.95937        1.98357       12.17305
C          3.34199       -0.23213       13.60017
H          3.88792        0.30225       14.37128
H          3.46986       -1.29376       13.78919
H          2.28902        0.01173       13.71504
C          3.74259       -1.24427       10.68869
H          4.53692       -1.26100        9.95089
H          2.80026       -1.24547       10.15185
H          3.80676       -2.17456       11.24515
C          5.78568        0.72155       11.93811
H          5.98534        1.53062       12.63412
H          6.16072        1.02003       10.96507
H          6.36584       -0.13699       12.26052
C          3.86477        1.34564        8.48766
H          3.15399        0.54679        8.30716
H          4.81719        0.89057        8.73351
H          3.99398        1.88291        7.55407
C          4.70694        3.82567       10.07622
H          4.38259        4.72457       10.58940
H          5.08808        4.12870        9.10543
H          5.53954        3.40970       10.63480
C          1.73486        3.45213        9.20360
H          1.08286        2.78241        8.64995
H          2.01359        4.25802        8.53092
H          1.15204        3.89054       10.00840
Cl        -0.25863        4.53878       11.83452
N         -0.73802        1.47261       14.91434
C         -0.26834        0.67583       16.02651
H         -0.99802        0.70500       16.85089
C          1.06026        1.29176       16.48212
H          0.89190        2.29484       16.87383
H          1.72483        1.36869       15.61589
H          1.52984        0.68204       17.25159
C         -0.07156       -0.78088       15.58835
H         -1.02060       -1.21418       15.28330
H          0.34021       -1.36975       16.40494
H          0.61264       -0.81878       14.74308
C         -1.95918        1.98297       14.84477
N         -2.11885        2.77660       13.79848
C         -3.30476        3.59361       13.61267
H         -4.11347        3.22195       14.25887
C         -3.74247        3.52847       12.14655
H         -4.03541        2.51640       11.87466
H         -2.91491        3.84372       11.51051
H         -4.58774        4.19217       11.98102
C         -2.97092        5.04422       13.98998
H         -2.57318        5.09220       15.00336
H         -3.86091        5.66700       13.92430
H         -2.21641        5.43675       13.30542
N         -2.99132        1.62557       15.72250
Si        -3.93706        0.25795       15.16037
C         -3.34252       -0.23287       13.41813
H         -3.88843        0.30158       12.64706
H         -3.47076       -1.29448       13.22927
H         -2.28950        0.01064       13.30301
C         -3.74309       -1.24456       16.32984
H         -4.53747       -1.26097       17.06762
H         -2.80077       -1.24601       16.86671
H         -3.80754       -2.17489       15.77345
C         -5.78578        0.72141       15.08050
H         -5.98548        1.53046       14.38448
H         -6.16064        1.01995       16.05359
H         -6.36607       -0.13710       14.75821
Si        -3.28775        2.56516       17.18053
C         -3.86465        1.34611       18.53050
H         -3.15391        0.54730       18.71134
H         -4.81711        0.89099       18.28489
H         -3.99381        1.88380       19.46386
C         -4.70665        3.82564       16.94109
H         -4.38224        4.72434       16.42760
H         -5.08779        4.12903       17.91176
H         -5.53926        3.40954       16.38263
C         -1.73468        3.45203       17.81423
H         -1.08276        2.78225       18.36790
H         -2.01353        4.25782       18.48699
H         -1.15177        3.89058       17.00956
