93
CSD_code = KAYGIB | q = 0 | S = 0 | Stoichiometry = C31H55N4Si2Y | MND = 4
Y          0.50111        3.74190        0.09198
Si         2.33365        6.30747        1.06693
N          1.11250        3.20696       -1.86168
C          0.28700        2.36696       -2.71352
H          0.92306        1.74232       -3.36755
H         -0.35701        2.95985       -3.38914
Si        -0.65990        6.86296        1.04617
N         -1.39102        2.16133       -0.89357
C         -0.58335        1.42181       -1.87644
H         -1.22753        0.82249       -2.53846
H          0.08315        0.74389       -1.34107
C         -2.60644        2.65820       -1.53553
H         -3.23875        1.82978       -1.88820
H         -2.34534        3.27924       -2.39099
H         -3.18462        3.25859       -0.83345
N          0.18544        2.18841        1.50271
C         -1.75294        1.32078        0.25687
H         -2.23058        0.38486       -0.07660
H         -2.48021        1.88301        0.85139
N          0.69637        5.83595        0.81597
C         -0.55005        0.98380        1.15323
H         -0.94509        0.51273        2.06998
H          0.05747        0.20694        0.65618
C          1.91694        4.09960       -2.61355
C          1.40978        5.30684       -3.12949
C         -0.86753        5.71171       -4.14536
H         -1.88712        6.02350       -3.92509
H         -0.89489        4.71169       -4.57490
H         -0.45855        6.38341       -4.89660
C         -0.01067        5.74480       -2.87812
H         -0.46219        5.10997       -2.10024
H          0.00644        6.76893       -2.49663
C          2.24332        6.15168       -3.84886
H          1.84799        7.08520       -4.22521
C          3.56827        5.82985       -4.07456
H          4.20413        6.49981       -4.63423
C          4.07446        4.65115       -3.56074
H          5.11420        4.39876       -3.71648
C          3.26791        3.78196       -2.84237
C          4.10512        1.49339       -3.44379
H          4.52735        0.57259       -3.04598
H          4.79842        1.90227       -4.17538
H          3.17532        1.25461       -3.95554
C          3.85362        2.49778       -2.31839
H          4.80047        2.70950       -1.81436
H          3.15998        2.06538       -1.59308
C          1.14868        2.01659        2.51194
C         -0.03934        3.83767        3.80996
H          0.21427        4.50700        4.63556
H         -0.06741        4.43013        2.88710
C          1.03043        2.78624        3.68973
C         -1.42036        3.23293        4.06530
H         -2.16605        4.01868        4.17188
H         -1.41118        2.63798        4.97686
H         -1.70460        2.59204        3.23561
C          1.90406        2.57777        4.74307
H          1.79307        3.16379        5.64511
C          2.89954        1.62063        4.66464
H          3.55366        1.44148        5.50497
C          3.07313        0.92045        3.48585
H          3.88321        0.21079        3.41403
C          2.23876        1.12402        2.39643
C          4.04890        0.35335        0.78362
H          4.20418        0.05497       -0.25120
H          4.51370       -0.39598        1.41892
H          4.54582        1.30674        0.94750
C          2.55251        0.48036        1.06642
H          2.10860        1.11088        0.27995
H          2.09872       -0.51529        1.00407
C          2.66012        7.24386        2.69946
H          3.72212        7.38559        2.86947
H          2.25646        6.70793        3.55140
H          2.19823        8.22432        2.67344
C          3.05572        7.36075       -0.35989
H          4.09110        7.62727       -0.17339
H          2.49582        8.28205       -0.47754
H          3.01647        6.82746       -1.30486
C          3.33589        4.66455        1.13532
H          3.18075        4.06754        0.22756
H          3.06550        4.06778        2.00672
H          4.40173        4.86254        1.20181
C         -1.03900        7.37344        2.85420
H         -1.86445        8.07804        2.89463
H         -0.17784        7.85324        3.30431
H         -1.30140        6.52440        3.47612
C         -2.17188        5.82122        0.46070
H         -3.09282        6.18224        0.90831
H         -2.05076        4.77332        0.76037
H         -2.30037        5.86536       -0.61811
C         -0.61573        8.50376        0.06287
H         -1.58153        8.99901        0.06225
H         -0.31747        8.35710       -0.96936
H          0.10134        9.18124        0.51364
