44
CSD_code = KEKQUM | q = 0 | S = 0 | Stoichiometry = C13H25Cl2NSi2Ti | MND = 8
Ti         9.16524        4.74038        3.83690
Cl         8.45680        6.75271        3.47505
Cl         7.47816        3.55342        3.11974
Si         8.15185        4.68940        6.76222
Si        11.99788        4.90434        3.55186
N         10.57258        4.57519        2.60916
C         10.94363        4.77445        5.13107
C         10.50105        5.95168        5.81553
C          9.40747        6.07041        6.61168
C          9.02434        3.34138        5.76800
C         10.31280        3.50787        5.29988
C          6.44495        5.11421        5.98908
C          7.83689        4.13046        8.56333
C         13.39638        3.59591        3.47561
C         12.73071        6.65748        3.33312
C         10.44482        4.35420        1.18161
C         10.17780        2.85453        0.95443
C         11.72290        4.75545        0.43502
C          9.27885        5.18843        0.62033
H         11.15582        6.81613        5.70780
H          9.26067        7.01157        7.12627
H          8.64217        2.32167        5.80510
H         10.85749        2.63357        4.92490
H          6.54221        5.65141        5.04354
H          5.85824        5.73595        6.65961
H          5.86822        4.21176        5.79622
H          8.75044        3.81074        9.05320
H          7.13280        3.30611        8.59899
H          7.41707        4.94377        9.14464
H         13.94986        3.57002        4.40842
H         14.10369        3.82664        2.68674
H         13.01017        2.59802        3.29187
H         11.93976        7.39403        3.21294
H         13.37392        6.71087        2.46143
H         13.32927        6.94088        4.19271
H         11.03588        2.27515        1.29172
H         10.00740        2.65128       -0.09988
H          9.29871        2.54399        1.52298
H         11.92691        5.81093        0.59105
H         11.60166        4.57551       -0.63031
H         12.56847        4.17502        0.79142
H          9.44712        6.24482        0.83667
H          8.32967        4.88175        1.06769
H          9.21109        5.05785       -0.45784
