65
CSD_code = KILLAS | q = 0 | S = 0 | Stoichiometry = C19H38ClN2PSi3Zr | MND = 13
Zr         2.72351        1.64739        7.59150
Cl         3.46105       -0.51405        6.97817
P          2.00938        2.53158       10.07089
N          2.44820        1.02375        9.51379
Si         1.95321       -0.52169       10.14720
C          0.79070       -1.50092        8.97192
C          3.46862       -1.66025       10.42418
C          1.01710       -0.31876       11.80153
N          2.67355        2.71732       11.65920
Si         1.68669        3.86631       12.55961
C          1.07786        5.21207       11.34704
C          0.20033        2.96557       13.35504
C          2.61103        4.74628       13.96792
Si         4.29652        2.22112       12.11814
C          5.26764        1.17422       10.85683
C          4.10681        1.20493       13.72489
C          5.39438        3.76386       12.42866
C          1.13667        3.01786        6.07446
C          1.27704        1.71028        5.56237
C          0.66732        0.82028        6.47947
C          0.17271        1.58170        7.56049
C          0.47546        2.93686        7.31389
C          3.85629        3.89349        7.32030
C          4.05435        3.28595        6.06175
C          4.86465        2.15391        6.24314
C          5.19152        2.06107        7.61322
C          4.57304        3.14445        8.28302
H          1.35818        3.93637        5.54750
H          1.65068        1.44159        4.57960
H          0.49480       -0.23467        6.30375
H         -0.43572        1.21789        8.37794
H          0.13101        3.77848        7.90153
H          3.36443        4.84285        7.49964
H          3.75387        3.68959        5.10390
H          5.25258        1.51490        5.45973
H          5.89688        1.35411        8.03316
H          4.73532        3.43737        9.31334
H          0.68648        2.25179       10.56003
H          0.57001       -2.46152        9.42675
H          1.27850       -1.70087        8.02299
H         -0.15981       -1.01410        8.77790
H          4.14887       -1.62387        9.57863
H          3.12983       -2.68584       10.52437
H          4.02408       -1.40899       11.32049
H          1.06291       -1.22835       12.39002
H         -0.03105       -0.08638       11.64146
H          1.45135        0.48580       12.38243
H          1.90157        5.62230       10.76942
H          0.35503        4.80488       10.64644
H          0.60134        6.03376       11.87255
H         -0.44794        3.67572       13.85906
H         -0.39872        2.43898       12.61983
H          0.52564        2.23837       14.09298
H          3.13881        4.05665       14.61391
H          1.88867        5.27831       14.57678
H          3.32356        5.47328       13.59947
H          6.10325        1.73191       10.44461
H          5.68294        0.29674       11.34144
H          4.63418        0.83877       10.03895
H          3.69238        0.22104       13.52734
H          5.07257        1.06678       14.20035
H          3.45462        1.69678       14.43895
H          5.32324        4.09803       13.45629
H          6.43824        3.53035       12.24317
H          5.12649        4.60287       11.79327
