49
CSD_code = KITSUB | q = 0 | S = 0 | Stoichiometry = C10H27Cl3N3O2PSi2Ti | MND = 6
Ti         3.41927        7.68704        4.69280
Cl         2.62955        5.71623        5.19707
Cl         5.32897        7.42941        5.81302
Cl         4.33051        6.99323        2.77673
P          1.24953        8.99758        5.21884
Si         2.64103        8.79550        7.86043
Si         0.99058        8.32294        2.31220
N          2.52400        8.66754        6.13588
N          1.81411        8.41652        3.83364
O         -0.16078        8.43820        5.69812
C         -0.34608        7.03291        5.80720
H         -1.40136        6.88282        6.03706
H          0.27439        6.62123        6.60725
H         -0.08835        6.53185        4.86997
O          0.80753       10.53051        5.20288
C          1.80899       11.48014        4.86939
H          1.36227       12.46350        5.01731
H          2.11971       11.35762        3.82861
H          2.68305       11.35720        5.51517
N          4.36326        9.80147        4.11198
C          5.43544        9.59042        3.75255
C          6.76317        9.32717        3.30882
H          7.22812       10.23462        2.92635
H          6.71286        8.56599        2.52768
H          7.33434        8.93065        4.14984
C          1.02124        9.52470        8.55943
H          0.65066       10.32288        7.92354
H          1.17217        9.92792        9.55501
H          0.23997        8.77370        8.62381
C          4.11779        9.96498        8.20108
H          4.98114        9.65771        7.61539
H          4.39701        9.92951        9.24834
H          3.89434       10.99999        7.95432
C          2.95911        7.04162        8.55104
H          3.82461        6.59898        8.06155
H          2.11820        6.36993        8.39013
H          3.16160        7.07153        9.61651
C         -0.69533        9.20783        2.43706
H         -1.30407        8.78988        3.23250
H         -1.25069        9.12116        1.50931
H         -0.56821       10.26446        2.65106
C          2.11069        9.20166        1.03396
H          3.08891        8.72894        1.00822
H          2.25582       10.25446        1.26465
H          1.68186        9.13576        0.03995
C          0.76448        6.46485        1.90859
H          1.59437        5.88613        2.31404
H          0.74544        6.30360        0.83608
H         -0.15712        6.05615        2.31645
