53
CSD_code = KUMBAX | q = 0 | S = 0 | Stoichiometry = C18H26Cl3NO2Si2Ti | MND = 4
Ti         9.93117        7.63894       14.06243
Cl        11.89024        8.26809       14.78071
Cl        10.69693        6.82343       12.20142
Cl         9.55873        5.72308       15.01791
Si         9.18745       10.43497       13.64374
Si         7.03098        8.23228       13.12728
O          9.25235        8.57812       16.15553
O          8.45025        8.65375       10.68452
N          8.60946        8.80522       13.57756
C          9.85087       10.76068       15.41222
C          9.83871        9.80741       16.43682
C         10.39251       10.09666       17.67839
H         10.41254        9.35948       18.46504
C         10.96118       11.33723       17.91503
H         11.39547       11.54450       18.88140
C         10.97579       12.29499       16.91969
H         11.41785       13.26298       17.09996
C         10.42691       11.99460       15.68576
H         10.44271       12.73806       14.90309
C          8.88631        7.78193       17.27678
H          9.76204        7.31082       17.73613
H          8.22655        7.00015       16.89578
H          8.35246        8.38849       18.01548
C          7.86231       11.75613       13.27665
H          7.02058       11.68026       13.95585
H          7.47981       11.64791       12.26863
H          8.27570       12.75377       13.37234
C         10.67138       10.60365       12.43435
H         11.09231        9.62113       12.20797
H         11.46443       11.21350       12.85897
H         10.36977       11.06104       11.49691
C          5.85036        8.46269       14.61967
H          5.72592        9.51030       14.87359
H          6.24603        7.95505       15.49541
H          4.86895        8.04918       14.41434
C          7.16823        6.37098       12.70704
H          8.04798        6.17610       12.09436
H          6.29842        6.03142       12.15216
H          7.24022        5.76470       13.60887
C          6.39822        9.19795       11.62632
C          7.25949        9.28996       10.52485
C          6.87769        9.99061        9.38786
H          7.53148       10.06955        8.53324
C          5.63345       10.60043        9.34588
H          5.34140       11.14355        8.45898
C          4.77238       10.51595       10.42356
H          3.80390       10.99114       10.38333
C          5.16225        9.81622       11.55480
H          4.49349        9.74714       12.39865
C          9.34681        8.61194        9.59705
H          8.88930        8.13508        8.72415
H         10.19007        8.01346        9.93753
H          9.69392        9.61393        9.32463
