61
CSD_code = KUMBEB | q = 0 | S = 0 | Stoichiometry = C20H32Cl2N2O2Si2Zr | MND = 6
Zr        -2.06287        4.82703       11.85995
Cl        -3.33154        3.72063       10.16625
Cl        -3.71284        6.51010       11.97480
Si        -0.27520        7.35875       12.05969
Si         0.92580        4.73412       13.16582
O         -0.79227        5.28447        9.88880
O         -0.88328        2.83866       11.81396
N         -0.32088        5.72251       12.56003
N         -2.87077        4.04731       13.51358
C         -0.42133        4.52683        8.74030
H         -0.13468        5.19287        7.92035
H         -1.23967        3.87343        8.41606
H          0.44538        3.92912        9.03041
C         -1.54155        6.44311        9.61570
C         -2.41906        6.51518        8.54062
H         -2.58800        5.66001        7.90330
C         -3.11353        7.69189        8.30755
H         -3.80780        7.74244        7.48277
C         -2.91861        8.78647        9.12986
H         -3.45479        9.70481        8.94500
C         -2.05407        8.69105       10.20633
H         -1.92458        9.53838       10.86140
C         -1.35570        7.52259       10.48212
C         -1.03580        8.48030       13.41304
H         -2.09667        8.27378       13.53053
H         -0.92052        9.53446       13.18398
H         -0.55084        8.29924       14.36723
C          1.45054        8.02870       11.57203
H          2.08146        8.09629       12.44963
H          1.38382        9.01925       11.13550
H          1.94824        7.38241       10.85699
C          2.00774        5.56980       14.49768
H          2.57183        6.38150       14.05471
H          2.71916        4.87780       14.93440
H          1.40846        5.98971       15.29810
C          2.12971        4.04381       11.83009
H          1.60835        3.48723       11.05642
H          2.86918        3.38132       12.26942
H          2.66524        4.85580       11.34945
C          0.05501        3.23540       13.95916
C          0.18782        2.88149       15.29366
H          0.83460        3.47007       15.92544
C         -0.47697        1.78894       15.82465
H         -0.35704        1.53244       16.86661
C         -1.29447        1.02457       15.01150
H         -1.81763        0.16962       15.41305
C         -1.44670        1.34962       13.67377
H         -2.10146        0.75516       13.05513
C         -0.78974        2.46277       13.16367
C         -1.08241        1.74315       10.91748
H         -0.44038        0.90362       11.20476
H         -0.80909        2.08772        9.92039
H         -2.12962        1.42715       10.89217
C         -4.19232        3.46072       13.42999
H         -4.42832        2.90539       14.35320
H         -4.23709        2.75906       12.58884
H         -4.97692        4.23080       13.28943
C         -2.76695        4.91629       14.66952
H         -3.52301        5.72523       14.64237
H         -1.76686        5.36512       14.69587
H         -2.92183        4.34108       15.59829
