85
CSD_code = LAZGID | q = 0 | S = 0 | Stoichiometry = C30H46N4O2Si2W | MND = 6
W          3.10813        7.51844       10.26380
Si         0.71568        5.49453       11.69666
Si         4.88414        6.32701        7.66296
O          2.27851        8.35512       11.78936
O          1.69243        7.83271        9.09376
N          4.29881        8.85500        9.89613
N          2.27070        5.72507       10.99910
N          4.12252        6.08216        9.20176
N          4.41841        6.97148       12.03500
C          5.40349        9.59390        9.75732
C          5.47615       10.69140        8.86575
H          4.59970       10.93313        8.27873
C          6.62732       11.43452        8.73856
H          6.65051       12.26357        8.04362
C          7.75624       11.13661        9.48810
H          8.65548       11.72467        9.38250
C          7.71181       10.07248       10.37753
H          8.58553        9.83143       10.96936
C          6.57007        9.31666       10.51585
H          6.53453        8.48425       11.21119
C          3.12683        4.65762       10.82174
C          4.13237        4.84434        9.82919
C          5.04645        3.82355        9.58863
H          5.81486        3.97246        8.84611
C          4.99407        2.63697       10.30406
H          5.71582        1.85900       10.10342
C          4.02343        2.45684       11.27186
H          3.98032        1.53547       11.83463
C          3.09809        3.45656       11.52640
H          2.34771        3.31065       12.28665
C          0.74629        5.01378       13.56979
H          1.71691        5.19088       14.02732
H          0.51869        3.95934       13.69311
H          0.00090        5.56217       14.13844
C         -0.23386        4.09740       10.78754
H         -0.44452        4.36830        9.75692
H         -1.18079        3.89061       11.27582
H          0.33732        3.17523       10.76910
C         -0.33878        7.07271       11.49011
H          0.20592        7.78725       10.87704
H         -0.56364        7.54758       12.43873
H         -1.28398        6.84638       11.00645
C          3.90019        7.75654        6.87118
H          2.88601        7.44311        6.63144
H          4.36312        8.11758        5.95879
H          3.85548        8.58134        7.58307
C          6.73384        6.81368        7.81998
H          7.34147        6.00918        8.22558
H          6.84877        7.67686        8.47087
H          7.14769        7.07553        6.85149
C          4.72670        4.81572        6.48860
H          5.65422        4.25762        6.42336
H          4.47197        5.13187        5.48241
H          3.95639        4.12933        6.82635
C          5.40234        6.05623       12.07374
H          5.91191        5.85773       11.13890
C          5.78915        5.42069       13.23825
H          6.56310        4.67048       13.20609
C          5.17101        5.74837       14.44104
C          4.21665        6.76462       14.40872
H          3.74492        7.08860       15.32261
C          3.86009        7.34194       13.20259
C          2.87020        8.49593       13.03570
C          5.54037        5.05757       15.71126
H          4.92439        5.39924       16.53833
H          6.58571        5.24753       15.95075
H          5.41911        3.98162       15.59949
C          3.70804        9.80031       13.06954
H          4.36043        9.81539       12.19381
H          4.30709        9.85999       13.97515
H          3.03836       10.65578       13.02230
C          1.80831        8.54040       14.14735
H          1.05870        9.27721       13.86937
H          2.24765        8.83240       15.09745
H          1.32461        7.57389       14.24420
C          1.10965        8.96103        8.50179
H          1.66513        9.20302        7.57420
C          1.23031       10.15986        9.45786
H          0.58779       10.01651       10.32710
H          0.94848       11.08353        8.95690
H          2.27444       10.22312        9.79578
C         -0.35138        8.69009        8.11406
H         -0.40237        7.80384        7.48566
H         -0.75625        9.53692        7.56561
H         -0.95633        8.51946        9.00056
