83
CSD_code = LEVNAD | q = 0 | S = 0 | Stoichiometry = C31H40BCrN3O5Si2 | MND = 6
Cr         7.40199       10.40917        6.06682
C          8.74633        9.17781        6.47880
O          9.57454        8.41244        6.70947
C          6.33039        9.76167        7.45751
O          5.69276        9.44065        8.35851
C          8.15886       11.51293        7.38372
O          8.73518       11.97090        8.26302
C          6.79156        9.11923        4.85635
O          6.56401        8.22334        4.17130
C          8.28171       11.33733        4.71751
O          8.68321       12.02787        3.88281
C          6.14823       11.80308        5.45052
N          5.18667       11.92204        4.48551
C          4.63951       10.85504        3.74827
C          4.98114       10.71516        2.39715
C          4.44650        9.65989        1.67721
H          4.71787        9.54301        0.63756
C          3.58410        8.74176        2.26110
C          3.26220        8.89844        3.59919
H          2.59768        8.19015        4.07312
C          3.78193        9.93686        4.35985
C          5.94677       11.66319        1.75240
H          5.66405       12.69668        1.93926
H          5.98722       11.49283        0.67933
H          6.94661       11.51089        2.15895
C          3.04399        7.58953        1.47175
H          3.71791        6.73702        1.56068
H          2.96015        7.84428        0.41778
H          2.06785        7.28677        1.84354
C          3.40248       10.03584        5.80788
H          3.83855        9.20274        6.35798
H          2.32065        9.97506        5.91990
H          3.75054       10.96299        6.25599
C          6.18792       13.25940        5.70397
N          6.87914       13.79448        6.62248
C          6.86636       15.12370        6.97747
C          5.68246       15.80471        7.30385
C          5.76855       17.11175        7.76129
H          4.85689       17.62993        8.02648
C          6.98146       17.77240        7.87887
C          8.14318       17.07845        7.56130
H          9.09894       17.57331        7.66239
C          8.10874       15.76387        7.13879
C          4.33830       15.14215        7.21082
H          3.92359       15.25461        6.20846
H          3.64850       15.59422        7.92104
H          4.41426       14.07719        7.42638
C          7.04100       19.20217        8.32410
H          7.94592       19.39123        8.89726
H          6.17727       19.45573        8.93434
H          7.04854       19.86376        7.45660
C          9.36947       15.01518        6.83141
H          9.35039       14.60840        5.82050
H          9.46959       14.17486        7.51656
H         10.23764       15.66194        6.93595
B          5.17920       13.38690        4.48767
N          4.57365       14.32942        3.64359
Si         2.90133       14.08358        3.09513
C          1.99581       12.99740        4.37115
H          2.12205       11.94337        4.15166
H          0.93020       13.20438        4.36082
H          2.35347       13.17217        5.38110
C          2.79804       13.26887        1.37490
H          3.44367       13.74791        0.64675
H          1.78122       13.32993        0.99868
H          3.06624       12.21756        1.41514
C          2.01275       15.76907        3.07667
H          1.96633       16.20943        4.06772
H          0.99102       15.63380        2.73606
H          2.48231       16.48793        2.41573
Si         5.54275       15.73943        3.13930
C          5.28570       15.97264        1.26393
H          5.65332       15.12183        0.69810
H          5.83708       16.84482        0.92759
H          4.24598       16.12299        0.99738
C          5.07704       17.31516        4.10041
H          4.01967       17.54804        4.04577
H          5.61917       18.16416        3.69484
H          5.34677       17.23187        5.14904
C          7.38077       15.35111        3.42748
H          7.65672       15.55085        4.45677
H          8.01078       15.97344        2.79928
H          7.62634       14.31503        3.21489
