59
CSD_code = LIHCOV | q = 0 | S = 0 | Stoichiometry = C25H31NSiTi | MND = 8
Ti         4.62211        3.42936        7.97137
Si         1.89776        2.73520        7.33349
N          3.51197        2.10599        7.17806
C          2.52849        4.32764        8.13723
C          3.29588        5.25735        7.39106
H          3.09576        5.52660        6.35898
C          4.21903        5.88557        8.26028
C          4.05599        5.30394        9.55389
C          3.03513        4.32884        9.45876
H          2.60456        3.76438       10.27839
C          0.93104        3.11300        5.71851
H          1.54264        3.65080        4.99993
H          0.05602        3.71981        5.92709
H          0.58538        2.20137        5.24220
C          0.74835        1.75576        8.51653
H          0.27493        0.92226        8.00932
H         -0.04081        2.39223        8.90329
H          1.30105        1.35846        9.36339
C          3.89974        0.95513        6.38503
C          5.17456        0.32544        6.97247
H          5.99996        1.03880        6.92840
H          5.44642       -0.56597        6.41022
H          4.99795        0.04535        8.01111
C          4.17895        1.40648        4.93953
H          3.26207        1.77281        4.48422
H          4.56042        0.58003        4.34413
H          4.91364        2.21336        4.94782
C          2.80303       -0.11950        6.37657
H          2.56675       -0.41119        7.39643
H          3.13907       -0.99618        5.82785
H          1.90142        0.25906        5.90481
C          5.15597        6.95259        8.04960
C          5.31601        7.54339        6.78871
H          4.71693        7.18473        5.96327
C          6.21883        8.55940        6.58847
H          6.33324        9.00473        5.61082
C          6.98800        9.01050        7.65564
H          7.70251        9.80699        7.50662
C          6.84155        8.44695        8.90290
H          7.45569        8.82646        9.70406
C          5.92981        7.41137        9.14511
C          4.82571        5.77444       10.66999
C          4.66544        5.22291       11.94882
H          3.94755        4.42694       12.08790
C          5.40626        5.67204       13.01502
H          5.27378        5.23698       13.99499
C          6.33189        6.69209       12.82297
H          6.92019        7.05001       13.65539
C          6.50115        7.24911       11.57563
H          7.22796        8.03874       11.46950
C          5.76271        6.81834       10.46586
C          6.23061        3.94511        6.78074
H          6.84944        4.66392        7.34214
H          5.89183        4.46322        5.86976
H          6.90717        3.14092        6.45888
C          5.65800        2.52364        9.51741
H          6.06484        3.29561       10.18688
H          4.97856        1.89739       10.11568
H          6.50490        1.89187        9.21820
