79
CSD_code = LUYXUZ | q = 0 | S = 0 | Stoichiometry = C30H42FeN4Si2 | MND = 4
Fe        -1.19890        7.63417        4.88034
Si        -0.81298        6.48075        7.64438
N          0.01425        8.99201        4.41059
N         -0.15026        7.58156        6.51899
C          0.03456        9.68982        3.29265
H         -0.73402        9.45541        2.57430
C          0.98778       10.68255        3.04232
H          0.95774       11.21602        2.10474
C          1.93584       10.97096        3.99017
H          2.67671       11.73957        3.82573
C          1.93494       10.25459        5.20703
C          2.83787       10.45990        6.26215
H          3.60968       11.20708        6.15934
C          2.72790        9.71065        7.41421
H          3.42331        9.88424        8.22358
C          1.75091        8.73585        7.57296
H          1.68618        8.16831        8.48729
C          0.84175        8.47712        6.54827
C          0.93734        9.25959        5.35855
C         -2.47818        6.14203        6.76259
H         -3.21492        6.88889        7.03580
H         -2.89547        5.16905        6.99367
H         -2.34795        6.18974        5.67301
C         -1.15304        7.16377        9.39958
H         -1.57715        8.16129        9.34957
H         -0.24631        7.22542        9.99197
H         -1.85547        6.53627        9.93853
C          0.20766        4.84233        7.77294
C          0.36519        4.23427        6.37942
H          0.93516        3.30557        6.42654
H          0.89402        4.92535        5.72649
H         -0.60581        4.01513        5.94086
C          1.60074        5.11788        8.33777
H          2.18310        4.19746        8.38917
H          1.53726        5.53113        9.34173
H          2.13480        5.82507        7.70794
C         -0.49825        3.83252        8.67774
H          0.07287        2.90551        8.73362
H         -1.48906        3.59540        8.29780
H         -0.60359        4.22494        9.68594
Si        -1.58485        6.48073        2.11633
N         -2.41205        8.99200        5.35008
N         -2.24755        7.58158        3.24170
C         -2.43235        9.68982        6.46802
H         -1.66377        9.45541        7.18637
C         -3.38558       10.68253        6.71836
H         -3.35553       11.21601        7.65593
C         -4.33366       10.97093        5.77051
H         -5.07454       11.73953        5.93497
C         -4.33276       10.25456        4.55366
C         -5.23571       10.45985        3.49856
H         -6.00753       11.20701        3.60136
C         -5.12575        9.71060        2.34649
H         -5.82114        9.88421        1.53711
C         -4.14873        8.73583        2.18772
H         -4.08398        8.16831        1.27339
C         -3.23956        8.47712        3.21241
C         -3.33516        9.25958        4.40213
C          0.08037        6.14201        2.99810
H          0.81712        6.88886        2.72489
H          0.49766        5.16902        2.76705
H         -0.04989        6.18974        4.08766
C         -1.24471        7.16374        0.36113
H         -0.82019        8.16117        0.41119
H         -2.15153        7.22579       -0.23119
H         -0.54251        6.53600       -0.17795
C         -2.60549        4.84233        1.98771
C         -2.76302        4.23431        3.38125
H         -3.33301        3.30563        3.33412
H         -3.29184        4.92539        4.03418
H         -1.79203        4.01513        3.81981
C         -3.99857        5.11788        1.42289
H         -4.58093        4.19745        1.37148
H         -3.93509        5.53114        0.41894
H         -4.53263        5.82507        2.05273
C         -1.89959        3.83249        1.08294
H         -2.47070        2.90547        1.02706
H         -0.90877        3.59539        1.46288
H         -1.79424        4.22490        0.07474
