70
CSD_code = MAZMOQ | q = 0 | S = 0 | Stoichiometry = C20H41ClN5Si2Ta | MND = 6
Ta        -6.94651       -5.77303       26.72406
Cl        -7.04629       -7.38537       25.01918
N         -6.14188       -4.08079       27.61251
N         -6.45344       -7.18259       28.15736
N         -6.15496       -4.51579       24.53986
N         -4.53890       -5.92745       26.29566
N         -8.72890       -5.54118       26.78624
Si        -7.02613       -2.99018       28.61368
Si        -7.42132       -8.43865       28.85084
C         -4.86833       -3.62114       27.12020
C         -3.88353       -4.78273       26.92453
C         -5.02521       -7.19812       28.34248
C         -4.27517       -7.17784       27.00047
C         -4.26270       -5.99165       24.86928
C         -4.94580       -4.87846       24.11989
C         -4.35394       -4.28426       23.00923
C         -5.04176       -3.29561       22.32810
C         -6.30057       -2.92549       22.77772
C         -6.81362       -3.56660       23.89262
C         -8.01282       -4.01605       29.87006
C         -8.18147       -1.91757       27.51816
C         -5.88627       -1.78811       29.57715
C         -7.99507       -9.70326       27.52856
C         -6.44615       -9.42078       30.17773
C         -8.93534       -7.66271       29.71340
C        -10.11482       -5.48932       26.50585
C        -10.92210       -4.80095       27.62329
C        -10.31045       -4.70450       25.18887
C        -10.64180       -6.92422       26.29476
H         -4.40125       -2.90876       27.80889
H         -4.99214       -3.08420       26.16245
H         -3.51023       -5.07725       27.90839
H         -3.02004       -4.44369       26.33293
H         -4.73101       -6.32201       28.94422
H         -4.70085       -8.08760       28.88993
H         -3.19538       -7.33539       27.16227
H         -4.66123       -8.00437       26.39542
H         -4.68941       -6.92711       24.48223
H         -3.18122       -5.98187       24.65264
H         -3.37146       -4.59622       22.68856
H         -4.60184       -2.81973       21.46430
H         -6.86910       -2.15809       22.27773
H         -7.78478       -3.32105       24.29856
H         -8.79918       -3.43351       30.33670
H         -7.38046       -4.41174       30.65768
H         -8.45814       -4.85184       29.34547
H         -8.91318       -1.37006       28.10284
H         -8.71191       -2.57106       26.83304
H         -7.62473       -1.19394       26.92867
H         -6.46213       -1.24071       30.31484
H         -5.09811       -2.31451       30.10590
H         -5.42130       -1.05760       28.92318
H         -8.75383      -10.37116       27.92409
H         -7.17457      -10.31681       27.16625
H         -8.41834       -9.18803       26.67280
H         -7.12072      -10.08568       30.70516
H         -5.99112       -8.76647       30.91396
H         -5.66384      -10.03580       29.74428
H         -9.70754       -8.40334       29.89281
H         -8.67860       -7.21434       30.66728
H         -9.34304       -6.88701       29.07681
H        -11.95816       -4.68157       27.31483
H        -10.89468       -5.39658       28.53070
H        -10.49520       -3.82650       27.83954
H        -11.34708       -4.75472       24.86502
H        -10.03710       -3.66231       25.33361
H         -9.67170       -5.13941       24.42292
H        -11.69421       -6.90836       26.02185
H        -10.51258       -7.50459       27.20267
H        -10.07055       -7.39701       25.50046
