79
CSD_code = MEVSUB | q = 0 | S = 0 | Stoichiometry = C35H41NSiTi | MND = 10
Ti         2.65059        5.62022        7.99026
Si         1.52600        4.08322       10.13198
N          1.22398        4.42296        8.45651
C          3.10718        5.13260       10.07375
C          4.25507        4.73243        9.32410
C          4.91343        5.86781        8.79991
C          4.47136        8.42307        9.19622
C          3.64360        9.27366        9.89345
H          3.84351       10.33622        9.86543
C          2.55656        8.82963       10.66911
C          2.27201        7.48654       10.72986
H          1.46249        7.12996       11.34990
C          3.09160        6.56881       10.05206
C          4.21416        7.03290        9.27181
C          0.23231        4.70932       11.40819
H         -0.23715        5.63752       11.09767
H         -0.55093        3.97050       11.54751
H          0.69242        4.87426       12.37736
C          1.83981        2.25740       10.65024
H          2.32281        1.67733        9.87127
H          0.90289        1.76776       10.89674
H          2.46666        2.20976       11.53508
C          0.11205        3.95481        7.68910
H          0.18645        4.30741        6.64785
C         -0.20721        2.43497        7.69256
H          0.03395        1.89413        6.77883
H          0.24783        1.93309        8.54030
C         -1.69047        2.75741        7.91129
H         -2.28473        2.64910        7.00576
H         -2.17879        2.21436        8.71774
C         -1.32685        4.21635        8.21418
H         -1.33144        4.43978        9.27622
H         -1.89856        4.97317        7.67899
C          4.71730        3.30743        9.21198
H          4.72061        2.84668       10.19951
H          5.72420        3.24360        8.80426
H          4.05305        2.72846        8.56654
C          6.26929        5.84527        8.15105
H          7.04172        6.04188        8.89986
H          6.36290        6.59713        7.37147
H          6.47033        4.87117        7.70884
C          5.63197        8.98796        8.42552
H          5.64273       10.07282        8.50718
H          5.56858        8.72763        7.36889
H          6.57542        8.60722        8.81352
C          1.76907        9.82417       11.46760
H          0.79153        9.42519       11.72589
H          1.63352       10.74786       10.91032
H          2.29857       10.06172       12.39168
C          3.08027        4.81990        6.07588
H          2.05499        4.64287        5.72157
C          3.54719        6.18867        5.97070
H          4.56092        6.37798        5.62434
C          2.80840        7.26903        6.41419
H          3.29096        8.24394        6.40979
C          1.51761        7.14038        7.04678
H          0.80407        6.46049        6.55902
C          3.94830        3.67103        5.86304
C          3.39869        2.38863        6.03243
H          2.34998        2.30603        6.29125
C          4.16570        1.25135        5.89715
H          3.71538        0.27896        6.03922
C          5.51254        1.34923        5.57903
H          6.11552        0.46004        5.47302
C          6.07039        2.60171        5.38779
H          7.11498        2.68949        5.12239
C          5.30549        3.74471        5.52371
H          5.77020        4.70174        5.33738
C          0.85608        8.25510        7.71416
C         -0.32163        7.98578        8.42797
H         -0.67332        6.96184        8.47490
C         -1.01780        8.98692        9.06989
H         -1.92161        8.75088        9.61429
C         -0.56831       10.29772        9.01279
H         -1.11869       11.08590        9.50492
C          0.59473       10.58299        8.31887
H          0.95231       11.60208        8.26415
C          1.30301        9.58051        7.68471
H          2.19734        9.84484        7.13995
