70
CSD_code = MOJGOH | q = 0 | S = 0 | Stoichiometry = C23H41N2O2SiY | MND = 9
Y         -6.23651        1.50387        6.33130
Si        -7.08484       -0.21090        8.75273
O         -4.59444        2.90806        7.77234
O         -3.79737        1.88463        5.34244
N         -7.46984        1.34451        8.11397
N         -6.75871        2.62403        4.59023
C         -5.77387       -0.67128        7.44452
C         -6.15418       -0.86268        6.03243
C         -4.96874       -1.22326        5.32622
C         -3.89837       -1.19197        6.22006
C         -4.38868       -0.84867        7.50325
C         -7.52864       -1.31427        5.56773
H         -8.33450       -0.77476        6.06755
H         -7.65268       -2.37923        5.78592
H         -7.64064       -1.19026        4.48896
C         -4.94904       -1.67913        3.89527
H         -5.33689       -2.69768        3.81855
H         -3.93838       -1.67953        3.49169
H         -5.56975       -1.04158        3.26310
C         -2.45565       -1.45780        5.92547
H         -2.31665       -1.80605        4.90512
H         -2.06236       -2.21835        6.60054
H         -1.85686       -0.55346        6.06156
C         -3.51802       -0.76590        8.71897
H         -4.05759       -0.32990        9.55308
H         -2.62088       -0.17374        8.52398
H         -3.18468       -1.76298        9.01464
C         -6.46328       -0.20091       10.57490
H         -5.97700       -1.13816       10.82160
H         -7.30597       -0.08883       11.24902
H         -5.77052        0.60562       10.79101
C         -8.43083       -1.59307        8.83036
H         -8.85903       -1.65584        9.82623
H         -8.00877       -2.56568        8.59846
H         -9.24828       -1.42239        8.13748
C         -8.68823        2.10088        8.34918
C         -9.26681        1.85382        9.74813
H        -10.13146        2.49131        9.91927
H         -8.51525        2.06800       10.50295
H         -9.56869        0.81673        9.84842
C         -8.38455        3.60683        8.20842
H         -9.30271        4.18854        8.26418
H         -7.90534        3.80360        7.24297
H         -7.72096        3.93571        9.00623
C         -9.75290        1.72701        7.29638
H         -9.34935        1.87819        6.28876
H        -10.64597        2.33788        7.41169
H        -10.03093        0.68198        7.41025
C         -4.73236        2.93609        9.18710
H         -5.77466        2.69426        9.39598
H         -4.47574        3.92872        9.57575
H         -4.08544        2.18694        9.65349
C         -3.23388        2.99297        7.37782
H         -2.77337        3.89876        7.79869
H         -2.69097        2.10811        7.74039
C         -3.16340        3.04255        5.85679
H         -3.66585        3.94640        5.48024
H         -2.10903        3.06536        5.54493
C         -3.57960        1.74549        3.94469
H         -4.02238        2.57941        3.39022
H         -4.05472        0.81429        3.64831
H         -2.50587        1.69472        3.73237
C         -6.43398        3.94119        4.38162
H         -6.17149        4.58637        5.21127
C         -6.53018        4.26222        3.05079
H         -6.34111        5.22131        2.60531
C         -6.93509        3.08964        2.38705
H         -7.11468        2.97687        1.33448
C         -7.06147        2.12139        3.35097
H         -7.37175        1.09203        3.23323
