59
CSD_code = NESPOQ | q = 0 | S = 0 | Stoichiometry = C20H33N3Si2W | MND = 5
W          7.84952        3.98148        2.33321
Si         8.84279        2.94526       -0.85959
Si         6.84590        7.28911        2.06203
N          8.82438        3.89619        0.58206
N          7.91645        5.94214        1.94443
N          6.25482        3.19589        2.50166
C          9.11063        2.23248        2.87821
C          8.15875        4.59821        4.44849
C          7.09142        8.44240        3.57638
C          6.93841        8.35798        0.47728
C          5.19433        6.33995        2.20946
C          7.11999        2.12145       -0.74979
C         10.20573        1.59665       -0.96262
C          9.01570        4.08089       -2.39048
C          9.78142        4.78959        1.01425
C         11.14753        4.72256        0.73606
C         12.00963        5.71123        1.17908
C         11.52601        6.80198        1.88529
C         10.17406        6.91519        2.16088
C          9.27940        5.92372        1.75589
C          5.07110        2.58419        2.72282
C          4.02254        2.62198        1.78558
C          2.82546        1.98779        2.04362
C          2.63194        1.29964        3.23106
C          3.65590        1.25092        4.16641
C          4.85688        1.87998        3.92361
H         10.17878        2.51783        2.84597
H          8.99710        1.41293        2.15031
H          8.95939        1.76897        3.86337
H          9.15182        5.07645        4.54785
H          8.12916        3.82057        5.22463
H          7.42886        5.35789        4.76987
H          7.86948        9.18003        3.40107
H          7.35692        7.88950        4.47300
H          6.17607        8.98618        3.78741
H          7.93001        8.78207        0.34666
H          6.23157        9.17968        0.52088
H          6.71356        7.77361       -0.41012
H          5.02521        5.73412        1.32020
H          4.34055        6.99800        2.32973
H          5.22234        5.66092        3.06405
H          6.74473        2.20242        0.27829
H          7.15053        1.07095       -1.01823
H          6.40290        2.59939       -1.40990
H         10.37082        1.10928       -0.00581
H         11.15684        2.00362       -1.29424
H          9.92148        0.82891       -1.67556
H          9.96330        4.61188       -2.38069
H          8.22525        4.82508       -2.42452
H          8.96944        3.50540       -3.30890
H         11.51897        3.88948        0.15790
H         13.06393        5.63602        0.95891
H         12.20369        7.57569        2.21349
H          9.78853        7.77709        2.68572
H          4.17812        3.15895        0.85905
H          2.03155        2.02860        1.31082
H          1.69233        0.80497        3.42653
H          3.51030        0.71495        5.09394
H          5.66945        1.85434        4.63884
