95
CSD_code = NIMSIN | q = 0 | S = 0 | Stoichiometry = C30H54Cl2N4Si4Zr | MND = 6
Zr        -3.14423        3.02503        4.01794
Si        -5.12727        0.84686        5.75208
Si        -1.03917        4.40355        6.53633
Cl        -4.67327        4.51787        5.03792
N         -3.59621        1.61071        5.53769
N         -2.01903        3.14847        5.84650
C         -4.92345       -0.93751        6.41110
H         -4.16214       -1.48505        5.86419
H         -5.85553       -1.48283        6.31650
H         -4.64660       -0.93949        7.46039
C         -5.71657        0.85351        3.93097
H         -4.95436        0.41533        3.28382
H         -5.88302        1.88384        3.60496
H         -6.63916        0.30073        3.78358
C         -6.38239        1.80195        6.83315
H         -6.36678        2.86106        6.58687
H         -6.15598        1.70352        7.89070
H         -7.39315        1.43784        6.67752
C         -2.90534        2.34773        6.39371
C         -3.17464        2.28568        7.84488
C         -2.79528        1.18185        8.59630
H         -2.26690        0.36931        8.11905
C         -3.08105        1.13542        9.94858
H         -2.77372        0.27868       10.53164
C         -3.76258        2.17497       10.56870
C         -4.15235        3.26786        9.80349
H         -4.69076        4.07961       10.27132
C         -3.86028        3.33027        8.45423
H         -4.17295        4.17446        7.85692
C         -4.02408        2.14398       12.04719
H         -4.93709        2.69765       12.27394
H         -4.15696        1.11279       12.38030
C         -2.85229        2.77195       12.80504
H         -3.03890        2.75633       13.87624
H         -2.70926        3.80333       12.49145
H         -1.93455        2.22435       12.60342
C          0.65951        4.26117        5.66187
H          1.17164        3.33491        5.90897
H          1.30280        5.07875        5.96943
H          0.55430        4.31632        4.58179
C         -1.87983        6.07734        6.14664
H         -2.85494        6.16399        6.61998
H         -2.02766        6.18531        5.07246
H         -1.27120        6.91131        6.48169
C         -0.71278        4.25744        8.41655
H         -0.50513        3.23320        8.70874
H         -1.55370        4.60060        9.00836
H          0.14877        4.85828        8.68599
Si        -1.16138        0.84662        2.28361
Si        -5.24935        4.40355        1.49957
Cl        -1.61522        4.51749        2.99759
N         -2.69233        1.61066        2.49812
N         -4.26945        3.14850        2.18940
C         -1.36553       -0.93793        1.62520
H         -2.12681       -1.48521        2.17242
H         -0.43352       -1.48337        1.71978
H         -1.64259       -0.94023        0.57597
C         -0.57177        0.85376        4.10462
H         -1.33388        0.41564        4.75193
H         -0.40538        1.88416        4.43043
H          0.35087        0.30108        4.25204
C          0.09353        1.80135        1.20200
H          0.07841        2.86045        1.44840
H         -0.13349        1.70311        0.14456
H          1.10424        1.43686        1.35704
C         -3.38318        2.34777        1.64215
C         -3.11389        2.28579        0.19098
C         -3.49289        1.18182       -0.56042
H         -4.02102        0.36910       -0.08317
C         -3.20717        1.13547       -1.91271
H         -3.51427        0.27862       -2.49575
C         -2.52609        2.17527       -2.53290
C         -2.13666        3.26830       -1.76772
H         -1.59850        4.08020       -2.23557
C         -2.42864        3.33060       -0.41843
H         -2.11613        4.17485        0.17886
C         -2.26462        2.14436       -4.01140
H         -1.35180        2.69834       -4.23816
H         -2.13139        1.11318       -4.34450
C         -3.43667        2.77198       -4.76917
H         -3.25004        2.75645       -5.84037
H         -3.58012        3.80331       -4.45557
H         -4.35420        2.22400       -4.56759
C         -6.94796        4.26111        2.37415
H         -7.46005        3.33482        2.12710
H         -7.59130        5.07864        2.06657
H         -6.84272        4.31630        3.45423
C         -4.40864        6.07733        1.88921
H         -3.43345        6.16389        1.41603
H         -4.26098        6.18546        2.96340
H         -5.01719        6.91127        1.55395
C         -5.57589        4.25737       -0.38062
H         -5.78356        3.23313       -0.67277
H         -4.73505        4.60055       -0.97253
H         -6.43748        4.85820       -0.64995
