67
CSD_code = NONFAZ | q = 0 | S = 0 | Stoichiometry = C21H41N3SiW | MND = 8
W          2.36739        0.64172       11.32488
N          1.59273        1.72401       10.10242
Si         0.78944        2.47000        8.79343
C          0.77477        4.38345        8.93917
H          0.21904        4.71178        9.81173
H          0.31198        4.83188        8.06587
H          1.78148        4.78133        9.01883
C         -1.03498        1.88682        8.69170
H         -1.09075        0.81405        8.53561
H         -1.55763        2.36865        7.87162
H         -1.57380        2.11345        9.60644
C          1.64352        2.02875        7.13300
H          2.61060        2.51366        7.04257
H          1.03974        2.33621        6.28534
H          1.80506        0.95801        7.05427
N          2.12284        1.89299       13.06286
N          3.99195        1.93277       11.91643
C          3.18165        2.61430       12.71646
C          3.46614        4.00694       13.22328
H          4.53832        4.15301       13.33601
H          2.98872        4.16494       14.18724
H          3.09090        4.75370       12.52629
C          0.97310        2.47567       13.72280
H          1.28499        3.02435       14.62680
C          0.02748        1.35298       14.13781
H         -0.26920        0.80620       13.24644
H         -0.85777        1.76121       14.61971
H          0.52023        0.67676       14.83012
C          0.24566        3.42362       12.76076
H          0.80058        4.34592       12.61437
H         -0.74234        3.67087       13.14062
H          0.15148        2.91873       11.79695
C          5.08545        2.56451       11.20820
H          5.69534        3.16737       11.90049
C          5.97119        1.48220       10.59870
H          6.38901        0.84975       11.37651
H          6.78809        1.93157       10.03916
H          5.36727        0.87866        9.92672
C          4.53065        3.45869       10.09209
H          3.76954        2.89291        9.55068
H          5.32226        3.75397        9.40810
H          4.06962        4.35577       10.49598
C          1.98401       -1.34790       10.63091
C          1.42520       -1.30497       11.98231
C          2.54268       -1.25364       12.88731
C          3.73725       -1.22737       12.15558
C          3.44001       -1.26133       10.74786
C          1.25360       -1.87850        9.42012
H          1.26674       -2.97177        9.41502
H          1.72268       -1.52471        8.50267
H          0.21590       -1.54619        9.42035
C          0.03962       -1.79121       12.31788
H         -0.70548       -1.33078       11.67034
H         -0.22493       -1.57298       13.34996
H         -0.01678       -2.87459       12.17884
C          2.49441       -1.35724       14.38530
H          3.07324       -2.22318       14.71428
H          1.47443       -1.48292       14.73893
H          2.92150       -0.47224       14.86039
C          5.09614       -1.30648       12.79102
H          5.27989       -0.45254       13.44493
H          5.88137       -1.34461       12.04059
H          5.16769       -2.21151       13.39880
C          4.38273       -1.69905        9.65747
H          5.41765       -1.47097        9.90331
H          4.14146       -1.21583        8.71144
H          4.30377       -2.77991        9.51203
