85
CSD_code = NUWCOX | q = 0 | S = 0 | Stoichiometry = C34H45N3Si2W | MND = 5
W          1.86566       -2.38981       -4.43992
Si        -1.02886       -3.00417       -2.98911
Si         3.27310       -5.06241       -2.67513
N         -0.04749       -2.96727       -4.40298
N          2.16008       -4.28389       -3.74261
N          2.53994       -1.00783       -3.53251
C          3.65753       -2.76209       -5.69839
C          3.31505       -3.34761       -7.09322
C          4.53571       -3.99144       -7.69545
C          5.48865       -3.22769       -8.35830
C          6.64111       -3.81090       -8.85321
C          6.85949       -5.16832       -8.68885
C          5.91683       -5.93854       -8.02948
C          4.76425       -5.35290       -7.53702
C          1.15077       -1.12312       -6.09622
C          0.14666       -0.08261       -5.52905
C         -0.44223        0.73098       -6.64983
C         -1.56612        0.28117       -7.33273
C         -2.07477        0.99228       -8.40451
C         -1.46352        2.16615       -8.81145
C         -0.34307        2.62355       -8.13876
C          0.16341        1.90998       -7.06722
C          0.24310       -4.11153       -5.13934
C          1.40725       -4.85857       -4.73704
C          1.65032       -6.08845       -5.35427
C          0.82712       -6.54575       -6.36855
C         -0.27287       -5.80676       -6.77665
C         -0.57518       -4.60905       -6.15041
C         -1.35166       -4.80427       -2.42801
C         -2.70976       -2.12086       -3.22756
C          0.05155       -2.05546       -1.71791
C          2.34129       -6.21455       -1.46088
C          4.67722       -6.09417       -3.48436
C          4.03965       -3.56236       -1.77048
C          2.96669        0.15012       -2.98671
C          3.02272        0.35670       -1.59557
C          3.44956        1.56230       -1.07963
C          3.83379        2.59581       -1.91927
C          3.79367        2.40797       -3.29348
C          3.37150        1.20955       -3.82459
H          4.29933       -1.88099       -5.87593
H          4.31629       -3.49980       -5.19957
H          2.96516       -2.54844       -7.75334
H          2.52355       -4.10558       -7.01960
H          5.32162       -2.16785       -8.48862
H          7.37145       -3.20519       -9.37000
H          7.75899       -5.62439       -9.07540
H          6.07944       -6.99910       -7.90078
H          4.02544       -5.95703       -7.02877
H          1.90542       -0.54621       -6.65810
H          0.59943       -1.70546       -6.86281
H          0.66463        0.58196       -4.82793
H         -0.65911       -0.60468       -4.99862
H         -2.04605       -0.63446       -7.01550
H         -2.95136        0.63194       -8.92391
H         -1.86005        2.72282       -9.64794
H          0.13633        3.54056       -8.45012
H          1.03635        2.27080       -6.54167
H          2.49001       -6.67953       -5.02215
H          1.04173       -7.49380       -6.83913
H         -0.91009       -6.17609       -7.56552
H         -1.46257       -4.05186       -6.41764
H         -2.00370       -5.31302       -3.13202
H         -1.82473       -4.84442       -1.45267
H         -0.42491       -5.36900       -2.37675
H         -2.58769       -1.07206       -3.47996
H         -3.28834       -2.16977       -2.31172
H         -3.30109       -2.58276       -4.01219
H          0.26815       -1.05247       -2.09248
H          1.00411       -2.57525       -1.57378
H         -0.42539       -1.94907       -0.74850
H          1.79258       -6.98925       -1.98959
H          1.63069       -5.66707       -0.84817
H          3.03957       -6.70728       -0.79254
H          4.37016       -7.11974       -3.66959
H          5.53734       -6.13613       -2.82316
H          5.01500       -5.67551       -4.42895
H          3.59641       -3.41356       -0.79077
H          3.88373       -2.65059       -2.35960
H          5.10635       -3.68628       -1.61914
H          2.72641       -0.44974       -0.93914
H          3.48440        1.70028       -0.00786
H          4.16546        3.53720       -1.50779
H          4.09807        3.20839       -3.95355
H          3.34425        1.04228       -4.89384
