93
CSD_code = NUZSUX | q = 0 | S = 0 | Stoichiometry = C31H52FeN4Si5 | MND = 4
Fe         4.85922        7.91616        3.88259
Si         5.19436        9.56905        1.83040
Si         3.59003        5.81338        1.70608
Si         3.27514        5.63310        4.75958
Si         2.82022        9.97480        4.94707
Si         5.74042        9.92419        5.91179
N          6.35677        7.05647        3.23700
N          2.94862       10.07537        0.07511
N          3.92816        6.28981        3.31833
N          4.46088        9.45193        4.86571
C          6.69856        5.84424        3.64381
H          5.86877        5.19124        3.84946
C          8.01649        5.42352        3.80070
H          8.21685        4.42348        4.15160
C          9.03470        6.30011        3.52345
H         10.07056        6.02962        3.66059
C          8.70990        7.58378        3.03543
C          9.70051        8.53125        2.71686
H         10.73721        8.26679        2.86647
C          9.34944        9.75915        2.22351
H         10.10894       10.48919        1.98486
C          8.00360       10.05685        1.99752
H          7.74973       11.00868        1.55597
C          6.99027        9.16974        2.30240
C          7.33846        7.92534        2.86213
C          1.80217       10.35830       -0.47798
H          0.99746       10.61412        0.20049
C          1.57753       10.33843       -1.86548
H          0.60184       10.58183       -2.25708
C          2.61616       10.00308       -2.69128
H          2.49221        9.97045       -3.76542
C          3.87165        9.69477       -2.12863
C          5.00443        9.34141       -2.88804
H          4.92118        9.29763       -3.96503
C          6.18605        9.06096       -2.25946
H          7.05638        8.79000       -2.83989
C          6.28575        9.11856       -0.86043
H          7.23447        8.88940       -0.39690
C          5.21312        9.45373       -0.07365
C          3.98920        9.74694       -0.71466
C          1.92193        9.21458        3.46028
H          2.24601        8.18793        3.32612
H          2.13454        9.75252        2.54494
H          0.84644        9.21567        3.60332
C          1.93897        9.37616        6.54500
H          2.12502        8.32730        6.74413
H          0.86409        9.50929        6.46093
H          2.26523        9.93815        7.41337
C          2.63399       11.88143        4.97439
H          3.41406       12.34224        5.57116
H          1.68081       12.16086        5.41174
H          2.67630       12.31440        3.98191
C          5.16829       10.29385        7.70073
H          4.70188        9.42802        8.15859
H          4.44915       11.10528        7.72038
H          6.00844       10.58504        8.32403
C          6.65734       11.49056        5.30222
H          7.09888       11.33668        4.32349
H          7.45966       11.74468        5.98804
H          5.99981       12.35088        5.24147
C          7.04792        8.53768        5.99435
H          7.92944        8.79652        5.41990
H          6.65432        7.60633        5.60594
H          7.36684        8.35893        7.01502
C          5.15771        5.95077        0.62416
H          5.63066        6.91745        0.74274
H          4.91034        5.83262       -0.42583
H          5.88843        5.19020        0.87788
C          2.19341        6.81148        0.86245
H          2.44598        7.86153        0.78018
H          1.26345        6.73885        1.41687
H          2.00508        6.43961       -0.14068
C          3.03227        3.98473        1.61131
H          3.77410        3.31382        2.02802
H          2.86472        3.69213        0.57973
H          2.10548        3.82979        2.15151
C          1.38630        5.88205        4.93382
H          0.87772        5.50269        4.05375
H          1.12028        6.92625        5.04231
H          0.99662        5.34589        5.79358
C          4.21405        6.45169        6.19821
H          5.21740        6.05038        6.28166
H          3.71840        6.27983        7.14676
H          4.28635        7.52188        6.04315
C          3.55762        3.74518        4.99307
H          2.83953        3.16595        4.42542
H          3.44457        3.46864        6.03709
H          4.54816        3.43186        4.67961
C          4.86626       11.40779        2.19915
H          3.90261       11.69160        1.79476
H          5.61181       12.05603        1.74869
H          4.85626       11.58468        3.26512
H          4.20977        8.59878        2.33292
