109
CSD_code = OFONAY | q = 0 | S = 0 | Stoichiometry = C45H54LaN3O3Si3 | MND = 6
La        14.42490       12.73883        3.96609
Si        11.47947       14.03316        5.37476
O         13.20556       11.57233        2.07201
N         12.04939       12.85239        4.25196
C         16.64067       12.78612        6.49945
H         16.97686       12.07408        5.74798
H         15.61537       12.55033        6.79275
H         17.25994       12.63887        7.37936
Si        17.42294       11.46753        2.53231
O         13.89331       10.48788        5.16897
N         16.08535       11.04731        3.54144
Si        16.78322       14.60072        5.90441
O         13.86872       14.75920        2.47279
N         15.69203       14.69887        4.56735
C         11.25885       12.13184        3.40358
C         11.81597       11.42359        2.30680
C         11.03272       10.69843        1.42969
H         11.49755       10.20103        0.59092
C          9.66200       10.61195        1.60858
H          9.06237       10.03631        0.92167
C          9.08528       11.28854        2.66917
H          8.01681       11.24360        2.82246
C          9.86131       12.03148        3.53211
H          9.39489       12.56274        4.34182
C         11.16556       15.72523        4.52261
H         10.41153       15.64684        3.74461
H         12.07224       16.11298        4.06800
H         10.81961       16.46426        5.23802
C          9.93295       13.71149        6.47071
H          9.82199       12.66313        6.72338
H          9.01710       14.03905        5.98821
H         10.01610       14.26079        7.40355
C         12.91817       14.23675        6.61936
H         13.18214       13.29464        7.09929
H         12.63023       14.92475        7.40778
H         13.79776       14.66160        6.13856
C         15.97414        9.81307        4.11311
C         14.86819        9.48746        4.93609
C         14.68161        8.21854        5.45263
H         13.79910        8.01522        6.04328
C         15.61195        7.22032        5.22554
H         15.46036        6.23398        5.63410
C         16.73652        7.52051        4.47465
H         17.48740        6.76293        4.30289
C         16.90926        8.77649        3.93745
H         17.79142        8.98725        3.35893
C         19.07449       11.72523        3.47618
H         18.97299       12.47183        4.25581
H         19.86019       12.05590        2.80390
H         19.41147       10.80616        3.94600
C         17.80973       10.27369        1.07544
H         17.11985        9.43744        1.05832
H         18.81429        9.86960        1.15341
H         17.73537       10.77573        0.11629
C         16.91484       13.13478        1.74740
H         16.92905       13.94402        2.47451
H         15.92540       13.06234        1.29360
H         17.61002       13.40404        0.95810
C         15.50050       15.86420        3.87640
C         14.57917       15.93409        2.80163
C         14.31256       17.11668        2.13756
H         13.56727       17.12512        1.35469
C         14.98825       18.27879        2.46601
H         14.77660       19.19606        1.94022
C         15.93325       18.23468        3.47698
H         16.48306       19.12641        3.74058
C         16.17596       17.06394        4.16133
H         16.91158       17.05339        4.94674
C         16.31797       15.68132        7.42643
H         15.52564       15.22437        8.01145
H         15.97173       16.66591        7.12871
H         17.17049       15.81872        8.08470
C         18.62172       14.97634        5.48997
H         18.80458       14.92685        4.42097
H         19.29118       14.27252        5.97470
H         18.90780       15.96999        5.82092
C         13.77803       10.54309        1.33177
C         14.34250       10.84282        0.09833
H         14.31317       11.85999       -0.26535
C         14.91270        9.83147       -0.65473
H         15.34405       10.06078       -1.61725
C         14.92661        8.53076       -0.17967
H         15.37416        7.74551       -0.76978
C         14.36451        8.23701        1.05255
H         14.37902        7.22584        1.42953
C         13.77917        9.23668        1.80635
H         13.31680        9.01282        2.75595
C         13.28945       10.42808        6.41742
C         14.04360       10.32953        7.58362
H         15.11967       10.25534        7.51957
C         13.40709       10.31285        8.81068
H         13.99465       10.24515        9.71386
C         12.02486       10.37694        8.88296
H         11.53301       10.35701        9.84331
C         11.27786       10.45600        7.72027
H         10.20003       10.48283        7.77386
C         11.90213       10.48318        6.48518
H         11.33010       10.54741        5.57204
C         13.45507       14.63079        1.15712
C         12.15009       14.20552        0.93105
H         11.49142       14.06729        1.77454
C         11.71979       13.95898       -0.36034
H         10.71108       13.61284       -0.52600
C         12.57555       14.15960       -1.43070
H         12.23967       13.96629       -2.43798
C         13.86327       14.62054       -1.20606
H         14.52991       14.79062       -2.03841
C         14.30933       14.85965        0.08155
H         15.31084       15.22308        0.25831
