109
CSD_code = OFOPUU | q = 0 | S = 0 | Stoichiometry = C45H54N3O3Si3Y | MND = 6
Y          5.93015        7.44690       10.79295
Si         2.49426        7.49969       11.39654
Si         9.20998        7.91862        9.84772
Si         5.24126       10.58742        9.48267
O          6.66564        7.71133       13.11429
O          6.20587        5.12210       11.67347
O          5.42493        6.19132        8.78234
N          4.09558        7.50230       12.07185
N          8.03527        6.78361       10.42247
N          5.62280        8.92211        9.18485
C          4.26977        7.57508       13.43091
C          5.56344        7.66750       13.99983
C          5.77517        7.63587       15.36496
H          6.78752        7.65780       15.74219
C          4.70881        7.58185       16.24358
H          4.88255        7.56100       17.30739
C          3.42621        7.55990       15.72490
H          2.57513        7.53836       16.38987
C          3.21794        7.55509       14.36344
H          2.20977        7.52990       13.99176
C          1.52900        9.11833       11.77014
H          1.14581        9.14839       12.78460
H          0.68136        9.22497       11.10011
H          2.16371        9.98929       11.64001
C          1.36940        6.01779       11.90970
H          1.56976        5.66331       12.91498
H          1.48684        5.17410       11.23498
H          0.32476        6.31114       11.87013
C          2.59923        7.36582        9.49688
H          3.27348        8.09899        9.06776
H          1.61560        7.54763        9.07467
H          2.90499        6.37859        9.16387
C          8.29644        5.44417       10.49637
C          7.41649        4.57896       11.18897
C          7.65923        3.22544       11.32306
H          6.94503        2.61639       11.85913
C          8.80087        2.66191       10.78238
H          8.99374        1.60753       10.89903
C          9.67145        3.47393       10.07381
H         10.55704        3.04865        9.62403
C          9.42213        4.82053        9.92771
H         10.09927        5.42761        9.35235
C          9.21383        8.09531        7.93600
H          9.48646        7.16647        7.44266
H          9.92403        8.85215        7.61769
H          8.23426        8.38647        7.56697
C         11.02212        7.59780       10.40336
H         11.07520        6.84822       11.18551
H         11.47463        8.50654       10.78688
H         11.63905        7.25303        9.57991
C          8.72954        9.59819       10.62631
H          7.68012        9.60317       10.92510
H          8.87242       10.40018        9.91237
H          9.33002        9.82943       11.50026
C          5.62030        8.42796        7.90437
C          5.52152        7.03530        7.65464
C          5.41556        6.52953        6.37299
H          5.27863        5.46754        6.22927
C          5.47277        7.37011        5.27434
H          5.39528        6.96337        4.27875
C          5.62270        8.72993        5.48156
H          5.68088        9.40259        4.63848
C          5.68354        9.24105        6.76029
H          5.78753       10.30258        6.90017
C          5.18219       10.80113       11.38583
H          6.14481       11.10027       11.79105
H          4.85822        9.88980       11.89033
H          4.47385       11.58107       11.64661
C          6.49698       11.88620        8.81490
H          7.38797       11.41597        8.41080
H          6.81321       12.56886        9.59744
H          6.05757       12.48634        8.02376
C          3.51840       11.07079        8.78953
H          3.43189       10.81023        7.73922
H          3.34393       12.13865        8.87910
H          2.71908       10.56011        9.31676
C          7.79692        8.35669       13.59222
C          9.02201        7.71333       13.46926
H          9.06089        6.73207       13.02179
C         10.17483        8.34750       13.89800
H         11.12621        7.84721       13.80164
C         10.11009        9.61473       14.45153
H         11.01053       10.10604       14.78755
C          8.88607       10.25377       14.57211
H          8.83236       11.24443       14.99801
C          7.72774        9.63073       14.14686
H          6.76902       10.11983       14.24192
C          5.83442        4.71360       12.94446
C          4.48074        4.51512       13.18537
H          3.78073        4.64742       12.37536
C          4.05060        4.18540       14.45703
H          2.99739        4.04075       14.64351
C          4.96339        4.03759       15.48684
H          4.62457        3.78452       16.47943
C          6.31369        4.21633       15.23898
H          7.03079        4.10181       16.03793
C          6.75560        4.55030       13.97253
H          7.80820        4.69407       13.77798
C          5.73127        4.85005        8.61614
C          6.86180        4.41593        7.93236
H          7.52510        5.14014        7.48426
C          7.12921        3.06257        7.84943
H          8.00879        2.72733        7.32208
C          6.28456        2.14100        8.44617
H          6.50190        1.08637        8.37799
C          5.16735        2.57607        9.13748
H          4.50976        1.86266        9.61116
C          4.88417        3.92744        9.22076
H          4.01775        4.28427        9.76088
