94
CSD_code = OJETIH | q = 0 | S = 0 | Stoichiometry = C28H56N5PSi3Zr | MND = 5
Zr         6.11330       11.99340        3.67259
N          7.58441       12.78737        2.42535
N          6.77224       11.38482        5.56905
N          4.37529       13.16693        3.69517
N          6.81398       14.06676        4.80231
N          5.76364       10.19630        2.78419
Si         8.84671       11.74095        1.96243
Si         5.66318       10.57130        6.56810
Si         3.72926       13.66225        2.19619
P          6.58505        7.80847        1.70875
C          7.70025       14.21833        2.52005
H          6.78200       14.69299        2.13219
H          8.54658       14.61005        1.93674
C          7.79752       12.24941        6.10191
H          8.69174       12.21468        5.45681
H          8.10881       11.95942        7.11692
C          4.36646       14.04949        4.83953
H          4.34818       13.45564        5.77013
H          3.48468       14.70869        4.85201
C          7.89942       14.62837        3.99409
H          8.84811       14.19381        4.32443
H          7.95847       15.72364        4.10365
C          7.26543       13.69551        6.14579
H          6.41078       13.70824        6.82762
H          8.02538       14.39806        6.52451
C          5.63230       14.93145        4.83405
H          5.60550       15.53578        3.92432
H          5.65209       15.60972        5.70240
C         10.52727       12.62650        1.66283
H         10.85890       13.17873        2.53693
H         10.44959       13.32891        0.83982
H         11.30507       11.91560        1.40894
C          8.39548       10.81906        0.33913
H          8.26187       11.49850       -0.49745
H          7.46472       10.27230        0.47423
H          9.15967       10.10071        0.06135
C          9.10782       10.41515        3.33506
H          9.89297       10.67587        4.04118
H          9.38403        9.46305        2.89205
H          8.16961       10.27584        3.88738
C          6.30275        8.85605        7.16645
H          6.80657        8.32929        6.36138
H          5.49178        8.22653        7.51835
H          7.01311        8.95870        7.98115
C          4.09924       10.32304        5.49020
H          4.28551        9.53197        4.76887
H          3.84666       11.23663        4.94119
H          3.23825       10.02776        6.08276
C          5.11932       11.48040        8.18460
H          5.98650       11.81705        8.74530
H          4.55579       10.81996        8.83523
H          4.49639       12.34927        7.98804
C          1.83001       13.34643        2.08085
H          1.52475       12.51391        2.70632
H          1.53088       13.12112        1.06258
H          1.26585       14.21720        2.40095
C          4.66989       12.68274        0.84282
H          5.68110       12.41897        1.17940
H          4.75430       13.26128       -0.07244
H          4.14671       11.76575        0.59057
C          3.87628       15.53766        1.73937
H          4.89249       15.83938        1.49862
H          3.52934       16.16564        2.55551
H          3.26061       15.77005        0.87619
C          5.40651        9.26245        2.04786
C          4.09430        9.15766        1.35959
C          2.99766        9.84456        1.87872
H          3.14564       10.47026        2.75220
C          1.75917        9.73066        1.27635
H          0.90783       10.25272        1.68767
C          1.60573        8.95032        0.14062
H          0.63671        8.86361       -0.32907
C          2.69719        8.28653       -0.39512
H          2.58145        7.68950       -1.28825
C          3.93402        8.38316        0.21617
H          4.79184        7.87091       -0.20254
C          5.59247        6.41298        2.49457
H          4.82622        6.11296        1.76730
C          4.90683        6.80977        3.79923
H          4.18869        7.61178        3.61082
H          5.65384        7.18800        4.50299
C          4.17725        5.61954        4.41744
H          3.71930        5.92317        5.36166
H          3.37716        5.29901        3.74507
C          5.13545        4.45622        4.65119
H          5.90572        4.75885        5.36440
H          4.59602        3.60830        5.07941
C          5.79433        4.04713        3.33789
H          5.02794        3.70019        2.64044
H          6.49038        3.22249        3.50804
C          6.53654        5.23180        2.72703
H          6.99732        4.93768        1.78061
H          7.33832        5.54252        3.40290
H          7.31976        8.08367        2.87318
