108
CSD_code = OJEVAB | q = 0 | S = 0 | Stoichiometry = C34H63N6PSi3Zr | MND = 6
Zr        -0.26335        2.58524        4.10336
N          0.58473        2.43791        2.14062
N         -2.11903        1.60433        3.88570
N          0.53691        1.80494        5.91735
N          0.25014        0.09082        3.80617
N         -1.16908        4.55595        4.50797
N          1.03373        4.42077        4.80349
P         -0.13035        7.01453        5.36867
Si         1.22199        3.53531        0.99980
Si        -3.28471        1.89893        2.67832
Si        -0.22175        1.56631        7.41757
C          0.35822        1.10813        1.59308
H          0.82602        0.97577        0.60853
H         -0.72238        0.93080        1.46530
C         -2.08998        0.28863        4.49174
H         -3.06379       -0.21929        4.43399
H         -1.82015        0.37480        5.55131
C          1.66275        0.97798        5.54298
H          2.30922        0.72192        6.39677
H          2.27608        1.50180        4.78323
C          0.94183        0.04190        2.52334
H          0.87777       -0.96086        2.06551
H          1.99921        0.28554        2.67815
C         -1.04251       -0.59498        3.78425
H         -0.98050       -1.58708        4.25586
H         -1.36481       -0.72995        2.74927
C          1.11308       -0.31367        4.91412
H          1.91581       -0.98932        4.58098
H          0.52131       -0.82588        5.67470
C          0.49729        3.33681       -0.77878
H         -0.58807        3.32417       -0.77829
H          0.83238        2.41424       -1.24385
H          0.81245        4.15112       -1.42415
C          3.11306        3.30768        0.66499
H          3.73141        3.52976        1.52873
H          3.44454        3.95390       -0.14209
H          3.32928        2.28456        0.36688
C          0.83585        5.33534        1.48757
H          0.60662        5.40693        2.54442
H         -0.00966        5.71881        0.92579
H          1.68125        5.98016        1.27798
C         -5.01642        2.35674        3.40350
H         -4.93748        2.96469        4.30007
H         -5.57074        1.46206        3.67092
H         -5.61867        2.90374        2.68495
C         -3.70475        0.42804        1.49610
H         -2.88921        0.18324        0.82077
H         -4.57084        0.65849        0.88377
H         -3.94339       -0.46881        2.06085
C         -2.59752        3.31289        1.59029
H         -3.29195        4.14190        1.51805
H         -2.40799        2.97001        0.57875
H         -1.65309        3.66924        2.01272
C         -1.86132        2.53683        7.24468
H         -1.98643        2.83179        6.19488
H         -1.86888        3.42402        7.86909
H         -2.71629        1.93627        7.53860
C          0.80570        2.14092        8.94599
H          1.21366        3.13911        8.83522
H          1.64274        1.46965        9.11683
H          0.19982        2.13072        9.84684
C         -0.65461       -0.23241        8.00651
H         -1.33826       -0.76276        7.34906
H         -1.11550       -0.20730        8.98959
H          0.24602       -0.83434        8.09853
C         -0.04642        5.16771        4.86426
C          1.29745        7.83754        4.55224
C          2.46696        8.26817        5.17471
H          2.64423        8.05293        6.21928
C          3.42086        8.96868        4.46085
H          4.32637        9.28998        4.95564
C          3.22538        9.25858        3.12030
H          3.97803        9.80062        2.56695
C          2.05382        8.86029        2.49908
H          1.88439        9.09551        1.45822
C          1.09291        8.17089        3.21393
H          0.16997        7.88024        2.73221
C          0.33720        6.94919        7.13080
C          0.61212        8.15272        7.78166
H          0.66511        9.06822        7.20725
C          0.80640        8.18293        9.14863
H          1.03758        9.11768        9.63924
C          0.68257        7.01952        9.89132
H          0.82097        7.04368       10.96226
C          0.36400        5.82965        9.25817
H          0.24012        4.92961        9.84168
C          0.19537        5.78771        7.88565
H         -0.04533        4.85467        7.39122
C         -2.48397        5.18344        4.40300
H         -3.13050        4.37065        4.04547
C         -3.06667        5.65882        5.74268
H         -3.13637        4.83006        6.44150
H         -4.06527        6.05723        5.57542
H         -2.45658        6.44110        6.19101
C         -2.55511        6.31338        3.36111
H         -1.95809        6.05568        2.48965
H         -2.19652        7.25542        3.76982
H         -3.58768        6.45282        3.04771
C          2.31622        4.91336        5.25937
H          2.17647        5.88050        5.76152
C          2.94986        3.96161        6.28148
H          2.18316        3.53693        6.92174
H          3.66923        4.50338        6.89251
H          3.46980        3.15018        5.77865
C          3.27220        5.09571        4.07825
H          2.92267        5.87403        3.40617
H          3.32720        4.15963        3.52542
H          4.26365        5.36527        4.43637
