66
CSD_code = OKAXUT | q = 0 | S = 0 | Stoichiometry = C16H42CrN4Si3 | MND = 5
C          3.09581        3.31575        1.09225
H          2.14537        3.53128        0.58884
H          2.90921        2.53971        1.84554
C          4.11359        2.77794        0.06720
H          3.76260        1.83866       -0.38243
H          4.21564        3.52520       -0.72224
C          6.70934        4.66521        0.58859
H          7.63834        5.06805        0.17258
H          5.87825        5.27947        0.21178
C          6.52559        3.22910        0.07587
H          6.40606        3.22367       -1.01752
H          7.42716        2.66365        0.32088
C          6.44818        1.42090        2.55492
H          6.63147        0.42544        2.97355
H          7.42373        1.88297        2.34770
C          5.65654        1.28346        1.24638
H          6.19594        0.66265        0.51199
H          4.70505        0.80052        1.48225
C          4.77757        5.21350        4.30719
H          5.00604        4.71145        5.24728
H          3.74581        5.56249        4.39049
H          5.40287        6.10399        4.27703
C          2.89387        6.12238       -0.70405
H          3.83892        6.06198       -1.23653
H          2.42671        7.06223       -0.98066
H          2.25486        5.32561       -1.07346
C          4.37076        7.37838        1.71804
H          4.03488        7.89250        2.61090
H          4.48955        8.12389        0.93856
H          5.34091        6.94425        1.93343
C          1.39775        6.36328        1.97235
H          1.43337        6.31053        3.05625
H          0.66127        5.63972        1.63422
H          1.03562        7.34984        1.70190
C          9.69158        4.78983        1.94342
H          9.71267        3.72490        1.73245
H         10.56391        5.02026        2.54607
H          9.80753        5.31552        1.00077
C          8.11785        4.53438        4.60272
H          7.46078        3.66950        4.63221
H          7.77174        5.23750        5.35066
H          9.11704        4.22084        4.88697
C          8.12897        7.22721        2.95277
H          8.06129        7.67433        1.96510
H          9.05434        7.57075        3.40487
H          7.30868        7.61870        3.54539
C          4.78860       -0.34128        4.68298
H          5.76781       -0.78080        4.84439
H          4.42004       -0.69740        3.72554
H          4.13110       -0.73369        5.45167
C          3.03694        2.19262        4.76564
H          2.65797        2.29014        5.77746
H          2.37596        1.50817        4.24070
H          2.96699        3.16794        4.28768
C          5.68375        1.98192        6.45605
H          5.70958        3.04953        6.64503
H          6.70689        1.61949        6.49424
H          5.13961        1.51606        7.27180
Cr         5.12960        3.91319        2.73159
N          3.68104        4.46916        1.72209
N          6.69724        4.69993        2.02962
N          5.70907        2.27478        3.44682
N          5.38731        2.61896        0.74536
Si         3.12696        6.03063        1.20505
Si         8.08394        5.30969        2.86292
Si         4.85270        1.57585        4.77610
