70
CSD_code = OLIQIJ | q = 0 | S = 0 | Stoichiometry = C24H39ClFeN4Si | MND = 5
Fe         1.81259        3.25331        5.27881
Si         0.47772        0.25109        6.46876
Cl         1.14628        4.88222        6.24796
N          2.33648        2.09001        3.66733
N          1.52133        1.18755        5.46336
N          3.76743        4.99428        4.48920
N          3.85167        3.05191        6.82315
C          1.85586        0.99244        4.19837
C          1.66305       -0.27257        3.45793
C          0.97857       -0.29347        2.24713
H          0.57371        0.62202        1.84295
C          0.80378       -1.48558        1.56824
H          0.26474       -1.49540        0.63227
C          1.31678       -2.66400        2.08449
H          1.17925       -3.59355        1.55194
C          2.00911       -2.64699        3.28451
H          2.41722       -3.56354        3.68566
C          2.18180       -1.45819        3.96860
H          2.73281       -1.43286        4.89570
C          2.68161        2.25036        2.33211
C          3.76178        1.57637        1.74827
C          4.06648        1.82269        0.41665
H          4.89734        1.29921       -0.03488
C          3.33334        2.72369       -0.33108
H          3.58556        2.90333       -1.36547
C          2.27626        3.40151        0.25463
H          1.70340        4.11050       -0.32666
C          1.94144        3.17780        1.57785
C          0.78444        3.88386        2.22112
H          0.42160        4.69239        1.59130
H          1.07984        4.29171        3.19529
H         -0.03664        3.18612        2.39369
C          4.59593        0.61262        2.53863
H          4.49533        0.80508        3.60480
H          5.64373        0.69830        2.25518
H          4.27748       -0.41325        2.35016
C          1.32747       -1.23394        7.33491
H          1.29750       -2.12648        6.71809
H          0.81038       -1.46397        8.26144
H          2.36608       -1.03668        7.58398
C         -0.08878        1.49250        7.80139
H          0.01632        2.51537        7.44834
H          0.49325        1.39509        8.71209
H         -1.12881        1.33990        8.06814
C         -1.03613       -0.42505        5.51373
H         -1.57420        0.37569        5.01494
H         -1.73192       -0.92349        6.18134
H         -0.73809       -1.14193        4.75424
C          3.38396        3.43131        8.15112
H          4.17154        3.29927        8.90912
H          2.52969        2.81221        8.41354
H          3.06550        4.46980        8.15169
C          4.28587        1.66274        6.85906
H          5.13200        1.51449        7.54771
H          4.58130        1.34709        5.86082
H          3.45202        1.04370        7.17770
C          4.95561        3.91266        6.40116
H          5.56845        3.36217        5.68717
H          5.59862        4.17166        7.25851
C          4.47628        5.20793        5.75026
H          3.78996        5.71660        6.42860
H          5.35380        5.86167        5.59316
C          3.20854        6.26578        4.04410
H          3.98870        7.03204        3.92106
H          2.48000        6.61910        4.77092
H          2.70987        6.12499        3.08764
C          4.67377        4.49832        3.46298
H          5.56615        5.13643        3.36809
H          4.15963        4.47748        2.50572
H          4.98360        3.48390        3.69197
