109
CSD_code = OPUZEG | q = 0 | S = 0 | Stoichiometry = C34H62B4FeN2O2Si4 | MND = 4
Fe         5.39464        4.34117        3.41435
C          5.35719        3.78112        1.80305
O          5.43104        3.47345        0.68091
C          6.30828        5.62237        2.75714
O          6.89774        6.47657        2.22807
B          4.50693        5.85398        3.95744
B          4.58575        4.68700        5.11405
B          5.15761        3.15086        4.89428
B          5.88873        2.57434        3.53515
N          3.97471        7.07166        3.57208
N          6.47308        1.46737        2.93535
Si         3.01998        7.07175        2.07807
C          4.11191        7.56034        0.59676
H          4.56740        8.53675        0.71637
H          3.53595        7.57679       -0.32323
H          4.91267        6.83902        0.47037
C          1.54880        8.26939        2.28558
H          0.89340        7.96175        3.09373
H          0.95520        8.28941        1.37748
H          1.86799        9.28509        2.48911
C          2.34786        5.31674        1.76580
H          3.11163        4.57880        2.00484
H          2.07770        5.19469        0.72266
H          1.46455        5.09571        2.35421
Si         4.40613        8.52531        4.48188
C          5.95455        8.12819        5.51217
H          5.70261        7.50874        6.36437
H          6.41794        9.03424        5.89000
H          6.69489        7.59770        4.92196
C          2.97244        9.00880        5.64230
H          2.04955        9.19385        5.10308
H          3.21510        9.91195        6.19343
H          2.78371        8.22442        6.36884
C          4.83233        9.94055        3.27834
H          5.68680        9.67727        2.66331
H          5.09131       10.83972        3.82880
H          4.01072       10.18907        2.61588
C          3.94735        5.19675        6.46595
C          2.57525        5.46917        6.57885
C          2.03094        5.90612        7.78604
C          2.85787        6.05887        8.88726
H          2.43506        6.38970        9.82638
C          4.21647        5.79663        8.80838
C          4.76162        5.38246        7.59488
C          1.65825        5.30714        5.39929
H          0.80235        4.68285        5.65530
H          2.18509        4.86178        4.56264
H          1.27666        6.27815        5.08307
C          0.56688        6.21609        7.90771
H          0.26616        6.96771        7.17794
H          0.33791        6.59121        8.90264
H         -0.03596        5.32446        7.73229
C          5.07546        5.96248       10.02808
H          5.62456        5.04573       10.23943
H          4.46458        6.20716       10.89405
H          5.80268        6.76322        9.88742
C          6.23948        5.11714        7.51736
H          6.80545        5.90519        8.01233
H          6.56485        5.04623        6.48304
H          6.47040        4.17766        8.01820
C          5.09561        2.04818        6.02612
C          3.87110        1.50931        6.44996
C          3.82013        0.55826        7.46829
C          4.99936        0.12758        8.05406
H          4.96215       -0.61909        8.83584
C          6.22551        0.63741        7.65750
C          6.27164        1.60120        6.65154
C          2.57862        1.95517        5.82786
H          1.99907        1.09941        5.48028
H          2.76204        2.62495        4.99325
H          1.97566        2.48359        6.56614
C          2.51020       -0.00615        7.93409
H          2.00619       -0.53821        7.12654
H          1.84694        0.78909        8.27329
H          2.66442       -0.70063        8.75680
C          7.48196        0.13893        8.31044
H          7.25404       -0.65027        9.02328
H          7.99052        0.94309        8.84328
H          8.17462       -0.25613        7.56764
C          7.61240        2.14712        6.24926
H          8.17355        2.48074        7.12177
H          7.49749        2.97816        5.56112
H          8.19980        1.37222        5.75728
Si         8.13391        1.59787        2.33955
C          9.12230        0.10310        2.99930
H          9.08564        0.03684        4.08145
H         10.16563        0.18283        2.71219
H          8.74600       -0.83429        2.60452
C          8.88038        3.22526        2.98729
H          8.13032        4.01270        2.97007
H          9.71560        3.53725        2.36957
H          9.24735        3.13874        4.00328
C          8.19555        1.62864        0.43363
H          8.10083        0.64114       -0.00410
H          9.13802        2.04474        0.09082
H          7.40060        2.24770        0.03224
Si         5.44499        0.04813        2.69714
C          5.58749       -1.09293        4.21678
H          6.60297       -1.45221        4.35060
H          4.94517       -1.96164        4.11176
H          5.30105       -0.57940        5.12842
C          5.92264       -0.90716        1.11986
H          5.82123       -0.28630        0.23662
H          5.26700       -1.76334        0.99411
H          6.93989       -1.28052        1.15080
C          3.66811        0.69227        2.45884
H          3.27626        1.10863        3.37769
H          2.99657       -0.09876        2.14051
H          3.63868        1.47439        1.70685
