59
CSD_code = OQAROO | q = 0 | S = 0 | Stoichiometry = C21H27Cl2F6NSiTi | MND = 8
Ti         4.11867        3.37243        8.41846
Cl         6.12021        3.35489        7.55536
Cl         4.15128        1.22410        8.81923
Si         5.96813        4.57191       10.66588
F          1.30485        7.61800       12.46742
F          2.76550        7.09463       13.95193
F          0.70347        6.55517       14.23816
F         -0.27526        1.77403       10.99978
F          1.14386        0.76535       12.25901
F         -0.40190        1.97313       13.13683
N          4.35789        4.08878       10.13290
C          3.29601        4.15177       10.98218
C          3.00564        5.30828       11.72753
H          3.62896        6.18014       11.60456
C          1.92847        5.34804       12.59359
C          1.08584        4.25775       12.76169
H          0.24852        4.29727       13.43864
C          1.36639        3.11337       12.02608
C          2.43729        3.04769       11.15205
H          2.63776        2.12951       10.60825
C          1.67048        6.63787       13.32070
C          0.46618        1.91246       12.12212
C          1.99170        4.32594        8.11079
C          2.05500        3.07453        7.43324
C          3.05613        3.17113        6.42252
C          3.61301        4.47815        6.47391
C          2.98232        5.17931        7.54377
C          0.86582        4.80097        8.98212
H          0.11845        5.28754        8.34997
H          1.19791        5.52899        9.71978
H          0.37745        3.97887        9.49896
C          1.11861        1.91643        7.60954
H          0.43600        1.86054        6.75918
H          0.52483        2.02140        8.51474
H          1.66420        0.97338        7.66622
C          3.40766        2.09979        5.43270
H          4.47599        2.11243        5.20898
H          2.86105        2.25069        4.49890
H          3.14904        1.11612        5.82398
C          4.54772        5.08165        5.46814
H          3.96993        5.61274        4.70760
H          5.14010        4.31452        4.97343
H          5.23080        5.79155        5.93383
C          3.16151        6.63279        7.87026
H          2.42517        7.23046        7.32731
H          4.15363        6.97908        7.58473
H          3.02002        6.81467        8.93565
C          6.52117        6.04860        9.57430
H          6.39084        5.83579        8.51531
H          7.57156        6.26307        9.74004
H          5.96519        6.95253        9.81130
C          6.00063        5.12504       12.49617
H          5.35141        4.51189       13.11311
H          5.70598        6.15911       12.63289
H          7.00795        5.02881       12.88642
C          7.06478        3.00095       10.56440
H          7.91191        3.15403        9.90306
H          6.50190        2.14710       10.18469
H          7.45701        2.73035       11.54054
