88
CSD_code = PADGIL | q = 0 | S = 0 | Stoichiometry = C34H50NOSiY | MND = 8
Y          2.73150        4.53724        6.79349
Si         2.11522        7.63719        7.93828
O          4.52015        5.20901        5.13452
N          3.15695        6.28850        8.09773
C          1.03979        6.08485        5.67326
C          1.51034        5.89719        4.36496
C          1.20362        4.57010        3.95947
C          0.54532        3.91792        5.00664
C          0.46217        4.82295        6.12171
C          0.93756        7.37546        6.42368
H         -0.08879        7.48544        6.77853
H          1.10326        8.19577        5.72790
C          2.11227        6.96057        3.49306
H          1.34441        7.41963        2.86520
H          2.87459        6.55025        2.83150
H          2.56445        7.74494        4.09768
C          1.50668        3.95845        2.62476
H          2.29944        3.20938        2.70319
H          1.82413        4.71702        1.91399
H          0.62196        3.46641        2.22115
C         -0.09644        2.56258        4.92958
H          0.49136        1.88327        4.31369
H         -1.08892        2.64041        4.47860
H         -0.21650        2.11886        5.91735
C         -0.55896        4.71853        7.23625
H         -0.28893        5.35127        8.08353
H         -0.66825        3.69064        7.58765
H         -1.53700        5.04641        6.87105
C          2.99797        9.31196        7.57731
H          3.79784        9.19990        6.84999
H          3.42846        9.74745        8.47245
H          2.29424       10.03486        7.17606
C          0.91386        8.02782        9.39672
H          0.20791        8.80326        9.11465
H          1.44193        8.38404       10.27578
H          0.33556        7.15757        9.69715
C          3.96860        6.08319        9.29422
C          4.43152        7.39010        9.95152
H          4.94608        8.00962        9.22363
H          5.11129        7.17333       10.77289
H          3.58612        7.94526       10.33920
C          5.24564        5.29955        8.92605
H          5.91817        5.93438        8.35211
H          4.99564        4.41646        8.32625
H          5.76530        4.97713        9.82677
C          3.16569        5.27305       10.33153
H          3.77359        5.03849       11.20305
H          2.80794        4.33892        9.88495
H          2.30445        5.85286       10.65179
C          3.02668        2.24384        7.08863
H          2.13014        1.73938        6.68721
C          4.15380        1.85698        6.19040
C          5.50165        1.98305        6.55519
H          5.76546        2.37996        7.52722
C          6.51804        1.60344        5.70055
H          7.54738        1.70176        6.01897
C          6.23161        1.08819        4.44666
H          7.02755        0.78658        3.78228
C          4.90623        0.95637        4.06195
H          4.66576        0.54635        3.09092
C          3.88943        1.32714        4.91963
H          2.86054        1.20040        4.60898
C          3.19939        1.66010        8.52246
H          2.34806        1.96053        9.14467
H          4.11492        2.01556        9.00109
C          3.22944        0.15711        8.43010
C          2.04222       -0.55309        8.28983
H          1.10003       -0.02192        8.31158
C          2.05089       -1.92571        8.12830
H          1.11849       -2.46210        8.02402
C          3.25277       -2.61289        8.09971
H          3.26217       -3.68534        7.97071
C          4.44047       -1.91749        8.24135
H          5.38220       -2.44713        8.22338
C          4.42819       -0.54385        8.40740
H          5.36200       -0.01309        8.52051
C          5.24086        6.42483        5.34276
H          4.95759        7.15095        4.56901
H          4.96814        6.81169        6.32714
C          6.71035        6.02633        5.18550
H          7.10138        5.64787        6.12937
H          7.32585        6.86315        4.86421
C          6.64845        4.89896        4.14019
H          7.16845        4.00920        4.48884
H          7.08270        5.20117        3.18943
C          5.14247        4.62168        3.99223
H          4.74957        5.09829        3.08451
H          4.89899        3.55943        3.97556
