52
CSD_code = PAKTUR | q = 0 | S = 0 | Stoichiometry = C17H27Cl3N3SiTa | MND = 6
Ta         1.08096        1.87225        3.79727
Cl         0.97570        3.86471        4.97883
Cl         0.14223        0.57575        5.41018
Cl         2.45412        0.23345        2.89469
N         -0.21948        2.03900        2.54999
Si        -1.53043        2.16309        1.45530
C         -0.89903        2.89762       -0.20322
H         -0.27914        2.18775       -0.74139
H         -0.31235        3.79481       -0.03243
H         -1.73181        3.16078       -0.84707
C         -2.86618        3.32292        2.18085
H         -3.22745        2.94490        3.13155
H         -3.71618        3.41864        1.51281
H         -2.46244        4.31475        2.35620
C         -2.26119        0.42468        1.13189
H         -2.69412        0.01530        2.03867
H         -1.49120       -0.26368        0.79852
H         -3.03741        0.45438        0.37395
N          3.21687        1.85181        5.38855
C          2.99208        1.88001        6.69402
H          1.95661        1.95847        6.99696
C          4.00606        1.81250        7.64270
C          5.31105        1.71348        7.17631
H          6.13207        1.65508        7.87812
C          5.56238        1.68433        5.81067
C          4.46646        1.75671        4.95881
H          4.59713        1.72249        3.88456
C          3.69213        1.86519        9.10293
H          3.62808        2.90361        9.42926
H          4.46747        1.37288        9.68531
H          2.73515        1.39135        9.30662
C          6.94733        1.55889        5.26027
H          7.10407        2.26906        4.45062
H          7.09551        0.55764        4.85654
H          7.69083        1.73183        6.03436
N          2.54098        3.24061        2.35011
C          3.34009        4.20104        2.79917
H          3.29716        4.39262        3.86300
C          4.17348        4.94032        1.97036
C          4.14606        4.64982        0.60965
H          4.77613        5.20640       -0.07030
C          3.30901        3.65280        0.12817
C          2.52459        2.96941        1.05330
H          1.85164        2.18026        0.75278
C          5.06773        6.00557        2.51887
H          4.88898        6.14956        3.58052
H          4.89449        6.94768        2.00218
H          6.11255        5.73395        2.37233
C          3.22518        3.31296       -1.32424
H          3.96904        3.85899       -1.89816
H          2.23601        3.56153       -1.70497
H          3.37527        2.24557       -1.46997
