110
CSD_code = PAWXAM | q = 0 | S = 0 | Stoichiometry = C36H61N8Si4Y | MND = 7
C          9.63247        0.59152        5.60348
C          8.70022       -0.13271        6.38627
H          8.27309       -1.02843        5.96745
C          8.34331        0.30678        7.63497
C          8.93090        1.48911        8.11581
H          8.68402        1.86431        9.09638
C          9.81615        2.15926        7.30696
H         10.28124        3.07770        7.65106
C         14.07788        1.39570        4.31583
C         15.41895        1.02968        4.58166
H         16.19700        1.44981        3.96682
C         15.71748        0.15469        5.59495
C         14.66178       -0.36184        6.36493
H         14.85685       -1.05628        7.16672
C         13.38046        0.03994        6.07461
H         12.53675       -0.32776        6.64929
C          9.50896        2.64145        1.92082
C          8.52759        2.64784        0.90316
H          7.58119        3.12004        1.10676
C          8.77482        2.05602       -0.31057
C         10.02548        1.45049       -0.51103
H         10.25949        0.97878       -1.45220
C         10.93527        1.45926        0.51831
H         11.90794        0.99655        0.40095
C         13.49140        3.84723        0.95453
H         12.53368        4.10388        1.39532
H         13.30492        3.15948        0.13684
H         13.92270        4.74717        0.52914
C         15.95868        2.04030        1.30887
H         16.93058        2.05457        1.79315
H         16.09782        2.41578        0.29979
H         15.64628        1.00295        1.23297
C         15.58816        4.50772        3.14861
H         16.20947        4.12924        3.95499
H         14.88845        5.21373        3.58682
H         16.23096        5.05545        2.46639
C          6.78115        2.50160        4.40750
H          6.48540        1.87317        3.57233
H          5.87905        2.91008        4.85281
H          7.25600        1.85895        5.14223
C          8.61663        4.88336        5.34012
H          8.85760        5.90714        5.07179
H          9.50838        4.42946        5.76060
H          7.86258        4.91837        6.11919
C          6.95672        5.11389        2.78754
H          6.19780        4.61249        2.19441
H          7.57699        5.69109        2.10892
H          6.43950        5.81648        3.43378
C          8.31677       -0.98600        2.30080
H          7.38627       -0.91370        2.85610
H          8.23235       -1.82979        1.62321
H          8.41057       -0.08505        1.70219
C         11.43941       -1.35068        2.46308
H         12.05661       -0.45686        2.57735
H         11.23198       -1.48509        1.40622
H         12.02816       -2.20251        2.79038
C          9.58878       -2.81672        4.44256
H         10.18938       -2.82735        5.34708
H          9.89182       -3.66530        3.83712
H          8.55456       -2.98123        4.72902
C         12.78291        7.56423        1.71462
H         13.60278        6.88356        1.92362
H         12.97792        8.49348        2.24261
H         12.81042        7.79230        0.65321
C          9.95652        8.10657        2.97574
H          8.96594        7.69863        3.15509
H          9.84216        8.96890        2.32578
H         10.33680        8.46375        3.92891
C         10.28841        5.98529        0.68055
H         11.02523        5.53295        0.02465
H          9.73904        6.71702        0.09689
H          9.59490        5.20353        0.97264
C         12.09384        5.40077        4.45151
C         12.82037        6.50605        4.92913
H         12.75278        7.44111        4.40024
C         13.60244        6.39058        6.05543
C         13.62662        5.15028        6.70597
H         14.21927        5.01047        7.59590
C         12.88121        4.11616        6.19277
H         12.87274        3.14829        6.68215
C         17.12765       -0.25537        5.88899
H         17.82604        0.24750        5.22510
H         17.23799       -1.33181        5.76366
H         17.38419       -0.01377        6.91974
C          7.35114       -0.43435        8.47699
H          7.79082       -0.69220        9.43943
H          7.02531       -1.34595        7.98268
H          6.48009        0.19204        8.66691
C          7.74950        2.04123       -1.40101
H          6.86110        2.59479       -1.10858
H          7.46356        1.01526       -1.63012
H          8.15831        2.48262       -2.30880
C         14.40943        7.53702        6.57395
H         14.23042        7.67802        7.63829
H         14.16731        8.45614        6.04738
H         15.47074        7.32913        6.44080
N         10.07039        0.25366        4.39466
N         10.16681        1.75530        6.08551
N         13.65010        2.21126        3.34983
N         13.07744        0.89245        5.09631
N          9.40885        3.22464        3.12049
N         10.70681        2.02486        1.70441
N         11.33030        5.48206        3.34167
H         10.73971        4.65372        3.20355
N         12.12938        4.21413        5.08931
Si         9.82100       -1.17266        3.47585
Si        14.65213        3.08302        2.25933
Si         7.98813        3.87634        3.84323
Si        11.10234        6.78774        2.19769
Y         11.35576        2.11462        4.00018
