63
CSD_code = PEXVIX | q = 0 | S = 0 | Stoichiometry = C15H39N4SeSi3Ta | MND = 5
Si         6.34221        3.81675        1.72655
Ta         3.79703        3.79661        3.79709
Se         5.15504        5.16075        5.15499
N          5.00115        2.95551        2.43238
N          2.28688        2.28677        2.28726
C          4.61452        1.65778        1.95030
C          3.21593        1.73592        1.31471
C          6.72884        3.12749       -0.01803
C          5.83469        5.65470        1.55494
C          7.89157        3.64049        2.83146
H          4.58413        0.94163        2.78773
H          5.31730        1.26464        1.21068
H          3.27596        2.41513        0.46041
H          2.89775        0.74779        0.94994
H          7.43332        3.78062       -0.51914
H          7.18407        2.14436        0.03385
H          5.84559        3.05445       -0.64480
H          6.38843        6.14494        0.76053
H          4.77315        5.78334        1.34949
H          6.05231        6.18356        2.47830
H          8.73093        4.18437        2.41103
H          7.69726        4.04844        3.82007
H          8.19517        2.60386        2.95119
N          2.43283        5.00123        2.95581
N          2.95557        2.43240        5.00144
C          1.31451        3.21610        1.73657
C          1.73602        1.31441        3.21650
Si         1.72680        6.34235        3.81677
C          1.95071        4.61437        1.65814
Si         3.81721        1.72624        6.34213
C          1.65779        1.95041        4.61488
H          0.46049        3.27659        2.41606
H          0.94926        2.89788        0.74862
H          2.41536        0.46024        3.27684
H          0.74795        0.94945        2.89835
C         -0.01767        6.72906        3.12715
C          1.55541        5.83515        5.65484
C          2.83182        7.89158        3.64020
H          2.78809        4.58340        0.94198
H          1.21136        5.31723        1.26465
C          3.12800       -0.01858        6.72776
C          5.65513        1.55500        5.83466
C          3.64015        2.83031        7.89201
H          0.94172        2.78785        4.58414
H          1.26448        1.21107        5.31782
H         -0.51868        7.43423        3.77971
H          0.03417        7.18344        2.14359
H         -0.64467        5.84587        3.05490
H          0.75794        6.38545        6.14401
H          1.35478        4.77271        5.78357
H          2.47721        6.05701        6.18463
H          2.41127        8.73105        4.18357
H          3.82037        7.69751        4.04840
H          2.95166        8.19477        2.60359
H          3.78095       -0.51977        7.43234
H          2.14463        0.03282        7.18255
H          3.05559       -0.64498        5.84420
H          6.14481        0.75784        6.38493
H          5.78383        1.35466        4.77210
H          6.18427        2.47714        6.05661
H          4.18379        2.40948        8.73125
H          4.04837        3.81887        7.69818
H          2.60349        2.95007        8.19545
