82
CSD_code = POWTUQ | q = 1 | S = 0 | Stoichiometry = C18H54N3Si6Zr(1+) | MND = 9
Zr        11.66484        9.48428        3.44650
Si         9.66854        9.37940        6.00085
Si         9.14725        7.45377        3.67916
Si        14.26151       11.27151        4.20570
Si        14.02362        8.47837        5.43531
Si        10.12458       10.88428        0.95681
Si        12.76026        9.43504        0.39317
N         10.03995        8.71352        4.45183
N         13.44900        9.76615        4.43924
N         11.50452        9.97121        1.44966
C         10.81888       10.92739        5.98539
C          7.85674        9.94829        6.19521
C         10.10653        8.22278        7.45702
C         10.35896        7.01698        2.24381
C          7.46090        8.02434        2.98631
C          8.87440        5.90811        4.76541
C         12.86585       12.27156        3.32725
C         14.74946       12.15787        5.82424
C         15.80287       11.14427        3.08440
C         12.82889        7.06863        4.88303
C         13.85005        8.82096        7.30675
C         15.82261        7.95227        5.07333
C          9.42471       11.38996        2.68158
C          8.84298        9.86451       -0.02681
C         10.54140       12.46149       -0.03477
C         12.14292        8.46860       -1.13321
C         13.69337        8.22473        1.57033
C         13.91641       10.83638       -0.19801
H         10.35250       11.76738        5.46817
H         11.03177       11.26796        6.99482
H         11.77575       10.67306        5.50694
H          7.19323        9.09248        6.24926
H          7.72409       10.51651        7.10948
H          7.52263       10.56939        5.36986
H          9.35109        7.45209        7.56565
H         11.06222        7.72632        7.32351
H         10.14209        8.76760        8.39464
H         10.81048        7.93889        1.84973
H          9.83818        6.52576        1.42666
H         11.13849        6.32772        2.57224
H          7.51954        8.98452        2.48405
H          7.06213        7.30311        2.28059
H          6.73647        8.11908        3.78796
H          8.47898        5.08561        4.17931
H          8.15674        6.11785        5.55061
H          9.78798        5.56473        5.24084
H         12.17063       12.70742        4.04641
H         12.32590       11.61538        2.62938
H         13.27671       13.09924        2.75599
H         13.93057       12.21113        6.53500
H         15.56900       11.63911        6.30883
H         15.08144       13.17155        5.62780
H         16.63232       10.70922        3.63119
H         16.12358       12.12395        2.74598
H         15.63102       10.52880        2.20736
H         11.82163        7.47932        4.72067
H         12.75471        6.29668        5.64386
H         13.18367        6.57556        3.97659
H         13.93892        7.90618        7.88341
H         14.63846        9.48609        7.64212
H         12.90220        9.28431        7.56072
H         16.51696        8.71002        5.41874
H         16.06938        7.03070        5.58924
H         16.00793        7.79714        4.01491
H          8.36461       11.62008        2.62272
H          9.91425       12.28660        3.06486
H          9.55038       10.55848        3.39043
H          7.87438       10.35326       -0.03681
H          8.70835        8.86484        0.37338
H          9.15765        9.76210       -1.05974
H         11.29951       13.07120        0.44713
H          9.66004       13.07893       -0.17034
H         10.90889       12.20411       -1.02181
H         11.44191        7.68088       -0.87501
H         12.97084        8.01120       -1.66404
H         11.64373        9.13440       -1.82824
H         13.23709        7.23360        1.56861
H         13.70322        8.63451        2.59098
H         14.72458        8.08884        1.25675
H         14.14366       11.55028        0.58712
H         14.85528       10.44142       -0.57193
H         13.45558       11.38431       -1.01274
