69
CSD_code = PUKHIO | q = 0 | S = 0 | Stoichiometry = C16H44IN2OScSi4 | MND = 4
I          9.54429       11.06625       11.93732
Sc         7.58119        9.33884       12.93259
Si         6.39902        6.35503       12.85882
Si         6.41109       11.31969       15.34696
Si         8.76336        9.52394       15.86547
Si         8.38254        7.09394       10.68144
N          7.36198        7.50312       12.01540
N          7.45907       10.04195       14.86281
C          5.03641        9.52520       10.79501
H          4.16208        9.40238       11.45107
H          5.46006        8.54487       10.56328
C          5.34882        7.39095       14.09723
H          5.95532        8.13883       14.62664
H          4.91041        6.74641       14.85288
H          4.52411        7.89850       13.59826
C          9.84385        8.39489       14.72558
H          9.23162        7.88910       13.95386
H         10.33061        7.61608       15.30478
H         10.63317        8.96316       14.23469
C          4.66824       10.35363        9.57213
H          5.41157       10.22134        8.78580
H          3.68554       10.10055        9.18291
C          9.88676       10.92281       16.51643
H         10.24662       11.55174       15.70779
H         10.75118       10.52775       17.04023
H          9.34439       11.55767       17.20829
C          8.20063        8.43618       17.33473
H          7.63713        9.02165       18.05140
H          9.05295        8.01240       17.85575
H          7.56770        7.61499       17.01037
C          5.15038        5.38177       11.78585
H          4.74238        5.98773       10.98252
H          4.31889        5.02390       12.38474
H          5.62317        4.51769       11.33507
C          7.41929        5.09329       13.87708
H          8.12981        4.57545       13.24068
H          6.78030        4.34352       14.33290
H          7.98235        5.57548       14.67230
C          7.06927       13.02778       14.77950
H          7.90600       13.33069       15.39956
H          6.30846       13.79830       14.85955
H          7.42624       13.01621       13.75282
C          5.97061       11.66437       11.04796
H          6.88488       11.89471       10.48664
H          5.91220       12.31295       11.92800
C          8.11515        8.38980        9.28992
H          7.25472        8.13682        8.67684
H          8.97896        8.42632        8.63504
H          7.96540        9.39375        9.68126
C          6.06430       11.43450       17.21504
H          5.63487       10.51518       17.59844
H          5.36942       12.23925       17.43117
H          6.97644       11.62798       17.76741
C          4.70607       11.02669       14.50571
H          4.80206       10.48052       13.56685
H          4.20517       11.96708       14.29814
H          4.05293       10.44931       15.15222
C          4.74496       11.76616       10.14487
H          4.86634       12.53124        9.38282
H          3.85115       11.98689       10.72956
C         10.22826        7.09929       11.20182
H         10.55161        8.05848       11.60042
H         10.86460        6.87594       10.35132
H         10.42164        6.34356       11.95834
C          8.05342        5.39467        9.89459
H          8.15214        4.60181       10.62671
H          8.76020        5.19808        9.09590
H          7.05613        5.33486        9.47503
O          6.04329       10.28537       11.49459
