152
CSD_code = PUQMEU | q = 0 | S = 0 | Stoichiometry = C62H77LaN4P4Si4 | MND = 6
La        -2.11624       15.97978       12.03491
C         -4.57121       15.48404       11.62759
P         -4.12366       13.95084       10.96839
P         -4.67951       16.86428       10.59992
C         -6.12594       17.71929       11.32425
C         -6.03152       18.96274       11.92919
H         -5.08011       19.47280       11.93598
C         -7.14178       19.53477       12.52858
H         -7.06416       20.51318       12.98309
C         -8.34808       18.85665       12.55028
H         -9.21558       19.30634       13.01196
C         -8.43440       17.58658       11.99961
H         -9.36674       17.04119       12.04332
C         -7.32660       17.01713       11.40271
H         -7.36973       16.01038       11.00807
C         -5.09658       16.72103        8.82666
C         -6.37676       16.74181        8.28881
H         -7.23579       16.86996        8.93072
C         -6.55330       16.62754        6.92101
H         -7.55202       16.65345        6.50816
C         -5.46179       16.49077        6.08040
H         -5.60719       16.40904        5.01308
C         -4.18274       16.46396        6.61237
H         -3.32559       16.36064        5.96246
C         -4.00586       16.57334        7.97658
H         -3.01403       16.56321        8.40984
C         -5.43779       12.74514       11.35484
C         -6.39745       13.08724       12.29651
H         -6.35831       14.07768       12.73022
C         -7.38112       12.18102       12.64965
H         -8.12642       12.44935       13.38513
C         -7.41379       10.92983       12.05585
H         -8.18346       10.22128       12.32682
C         -6.45976       10.58596       11.11004
H         -6.48766        9.60997       10.64603
C         -5.47251       11.48872       10.76143
H         -4.72085       11.22723       10.03013
C         -3.96127       13.69615        9.16667
C         -5.06923       13.50774        8.34850
H         -6.05906       13.50443        8.78514
C         -4.89755       13.31675        6.99073
H         -5.75805       13.16254        6.35557
C         -3.62411       13.31768        6.44300
H         -3.49429       13.15604        5.38264
C         -2.51969       13.52926        7.25313
H         -1.52689       13.53539        6.82518
C         -2.68874       13.72553        8.61110
H         -1.83994       13.88645        9.26814
N         -2.72488       13.51401       11.67862
Si        -2.17994       11.94068       12.14074
C         -0.49686       12.27336       12.99865
H          0.33674       11.88600       12.42506
H         -0.46527       11.78456       13.96648
H         -0.34213       13.34159       13.14840
C         -1.93238       10.72171       10.67096
H         -2.66447        9.92080       10.70733
H         -0.94935       10.26176       10.69967
H         -2.03583       11.21777        9.70976
C         -3.26449       11.03426       13.43714
H         -4.28153       10.88429       13.09051
H         -3.31236       11.59320       14.36633
H         -2.84446       10.05744       13.65915
N         -3.33778       17.78114       10.72282
Si        -3.19378       19.33142        9.95201
C         -4.79369       20.11171        9.24223
H         -5.23349       20.84937        9.90634
H         -5.54309       19.34620        9.06413
H         -4.59615       20.60215        8.29365
C         -2.44376       20.48513       11.29505
H         -2.10705       19.91984       12.16192
H         -3.16663       21.21597       11.64375
H         -1.59557       21.03587       10.90384
C         -2.01538       19.29063        8.43485
H         -1.14101       18.66674        8.58317
H         -1.67173       20.29762        8.21826
H         -2.53123       18.92842        7.55062
C         -0.33952       17.82510       13.27241
H          0.00296       18.84797       13.48932
P          0.98154       16.93601       12.49467
P         -1.07828       17.17698       14.74193
C          2.30936       16.35175       13.59838
C          2.65895       15.00893       13.61319
H          2.13233       14.32837       12.95850
C          3.66335       14.56779       14.45603
H          3.93989       13.52345       14.46542
C          4.31512       15.46515       15.28661
H          5.10298       15.12166       15.94082
C          3.95483       16.80411       15.28668
H          4.45701       17.49984       15.94304
C          2.94976       17.24708       14.44888
H          2.65421       18.28860       14.44609
C          1.77496       18.24130       11.50570
C          3.13248       18.52932       11.48485
H          3.81395       17.98137       12.12021
C          3.61258       19.52128       10.64676
H          4.66929       19.74618       10.63331
C          2.74452       20.22189        9.82552
H          3.12545       20.99397        9.17325
C          1.38916       19.93125        9.83989
H          0.71098       20.47535        9.19961
C          0.90601       18.94167       10.67563
H         -0.15296       18.70485       10.70559
C          0.03082       17.01246       16.18640
C          0.23216       17.93822       17.20137
H         -0.32626       18.86171       17.22236
C          1.13178       17.66152       18.21698
H          1.28173       18.38314       19.00721
C          1.83019       16.46624       18.23034
H          2.52789       16.25782       19.02794
C          1.62193       15.53362       17.22661
H          2.15144       14.59244       17.24000
C          0.73013       15.80973       16.20977
H          0.54009       15.09195       15.42357
C         -2.27055       18.53000       15.04815
C         -1.89876       19.82725       15.38742
H         -0.85786       20.07073       15.55017
C         -2.85619       20.81980       15.49638
H         -2.55990       21.82354       15.76538
C         -4.18927       20.52943       15.25761
H         -4.93534       21.30409       15.35697
C         -4.56008       19.25164       14.87276
H         -5.59453       19.02536       14.66287
C         -3.60183       18.26175       14.74574
H         -3.88452       17.26584       14.41431
N          0.38853       15.74343       11.61072
Si         1.17392       15.20152       10.15148
C          0.26841       16.08495        8.70632
H         -0.77304       16.27970        8.97270
H          0.27183       15.48294        7.80384
H          0.73424       17.03690        8.46490
C          0.94456       13.31471        9.98092
H         -0.03291       12.99255       10.32273
H          1.69068       12.76579       10.54636
H          1.05208       13.02487        8.94108
C          3.04710       15.56064       10.00808
H          3.23679       16.56610        9.64635
H          3.51630       14.86889        9.31604
H          3.54484       15.45686       10.96749
N         -1.77933       15.77926       14.45443
Si        -2.68070       14.97511       15.72441
C         -4.27272       14.34948       14.88255
H         -4.05234       13.97588       13.88113
H         -5.02618       15.12789       14.78947
H         -4.71566       13.53953       15.45195
C         -1.70204       13.50985       16.46723
H         -1.21616       12.92333       15.69647
H         -2.38197       12.85485       17.00163
H         -0.94354       13.84102       17.16974
C         -3.13249       16.11743       17.19782
H         -2.33699       16.83517       17.38117
H         -3.27129       15.54227       18.10746
H         -4.04437       16.67974       17.02174
