78
CSD_code = PUWWUZ | q = 0 | S = 0 | Stoichiometry = C28H46NOSiY | MND = 8
Y         -0.06177        7.55203        6.13311
Si         1.04429        6.82082        9.05630
N         -0.45044        7.00030        8.23546
O         -1.88960        6.07889        5.06424
C          1.85184        5.73121        6.49287
C          2.09631        6.81392        5.55003
C          1.68706        6.30987        4.25589
C          1.18375        5.01935        4.42258
C          1.27148        4.66999        5.79876
C          2.21191        5.75020        7.94301
C          3.21283        7.82794        5.72409
C          1.93853        6.98141        2.93535
C          0.69315        4.16020        3.29584
C          0.90438        3.35601        6.42421
C          1.12581        5.98938       10.78298
C          1.94017        8.52535        9.28164
C         -1.68257        7.35172        8.93464
C         -2.78390        7.72366        7.92168
C         -1.49164        8.55293        9.87527
C         -2.19006        6.14925        9.74911
C         -0.21726       10.85793        6.35516
C         -0.22589        9.72601        5.30367
C         -1.43313        9.74535        4.43529
C         -2.68734       10.19600        4.87065
C         -3.78512       10.18706        4.03029
C         -3.67245        9.74751        2.72212
C         -2.43607        9.31689        2.26239
C         -1.34152        9.31579        3.10063
C         -2.80421        6.33949        3.98563
C         -3.81573        5.18691        3.95335
C         -3.64273        4.54220        5.32793
C         -2.15404        4.76028        5.56300
H          3.22924        6.12664        8.06113
H          2.21752        4.72726        8.31423
H          3.28096        8.17302        6.75534
H          3.08596        8.69565        5.07407
H          4.16776        7.36112        5.46382
H          1.11685        6.80390        2.24064
H          2.84763        6.58514        2.47562
H          2.06849        8.05692        3.05222
H          1.47734        4.03416        2.54789
H         -0.16632        4.61300        2.79462
H          0.40653        3.17088        3.64532
H          0.35686        2.71952        5.73263
H          0.29232        3.50583        7.31429
H          1.80401        2.81597        6.72690
H          2.15723        5.90760       11.11206
H          0.70972        4.98715       10.76850
H          0.59257        6.56061       11.53601
H          3.01062        8.40647        9.42192
H          1.56357        9.06445       10.14550
H          1.78552        9.16255        8.40848
H         -3.70351        7.97909        8.44745
H         -2.99512        6.88322        7.26240
H         -2.48305        8.58967        7.32465
H         -0.82441        8.28757       10.68827
H         -2.44368        8.87102       10.29525
H         -1.04953        9.38301        9.32719
H         -3.15531        6.37008       10.19971
H         -1.48357        5.90716       10.53364
H         -2.29266        5.28094        9.10192
H          0.77400       10.94684        6.80324
H         -0.93356       10.70042        7.16343
H         -0.45600       11.81895        5.88604
H          0.64027        9.91614        4.64360
H         -2.81054       10.56419        5.87913
H         -4.73880       10.53961        4.39850
H         -4.52984        9.75147        2.06583
H         -2.32775        8.99007        1.23735
H         -0.38173        8.98440        2.72230
H         -3.28813        7.30135        4.18446
H         -2.24413        6.42087        3.04809
H         -3.55750        4.47370        3.17056
H         -4.82758        5.54354        3.77771
H         -4.23177        5.07240        6.07744
H         -3.91672        3.49046        5.34096
H         -1.56572        4.03171        4.99472
H         -1.84837        4.73663        6.61123
