103
CSD_code = QACBEC | q = 0 | S = 0 | Stoichiometry = C31H63N2NbP2Si4 | MND = 9
Nb         6.04158        4.27470        3.51118
P          6.74170        1.86473        2.97845
P          6.18285        6.26517        5.13183
Si         9.23758        3.14566        4.18660
Si         8.90328        6.07767        3.93004
Si         5.93313        3.85148        6.97166
Si         4.80835        1.69947        5.26847
N          8.20695        4.50912        4.02326
N          5.65292        3.19007        5.41101
C          8.15384        1.56465        4.08847
C          7.58620        7.29762        4.60873
C          6.75531        5.56258        6.70851
C          5.43531        0.81001        3.68195
C         10.64208        3.12150        2.87428
C         10.16206        3.03367        5.86821
C          9.41300        6.56854        2.14421
C         10.45985        6.36558        5.00571
C          4.33722        3.96334        8.03734
C          7.15740        2.84756        8.06154
C          2.90364        1.92937        5.17548
C          5.10427        0.43788        6.67660
C          7.16705        0.94492        1.40311
C          7.49650       -0.53782        1.55970
C          7.73067       -1.16273        0.18409
C          8.85710       -0.44688       -0.55593
C          8.54463        1.04050       -0.69292
C          8.31083        1.65255        0.68548
C          4.92347        7.55738        5.63224
C          5.42800        8.64959        6.57342
C          4.31664        9.67158        6.81652
C          3.07410        9.00242        7.39690
C          2.58424        7.89216        6.47147
C          3.70205        6.87902        6.24003
C          4.38362        6.20550        2.28858
C          5.84767        5.92572        1.98630
C          6.05160        4.75308        1.19778
C          5.09778        3.72227        1.24877
C          4.10793        3.75428        2.24233
C          3.95339        4.94363        3.02126
C          3.54317        6.50814        1.03688
H          7.72092        1.40066        5.07504
H          8.71373        0.67541        3.80153
H          7.23889        7.99114        3.84428
H          7.96425        7.86881        5.45588
H          7.82477        5.40054        6.58287
H          6.59971        6.25509        7.53382
H          4.64326        0.70430        2.93971
H          5.83169       -0.18004        3.90892
H         11.08249        2.13690        2.75148
H         10.31101        3.47349        1.90407
H         11.43326        3.78666        3.20161
H          9.62514        3.54657        6.65726
H         10.31299        2.00549        6.18285
H         11.13983        3.49364        5.78913
H         10.41842        6.21699        1.94212
H          8.75657        6.12600        1.40257
H          9.40829        7.64402        1.99803
H         10.29443        6.13665        6.05214
H         11.27478        5.74333        4.65865
H         10.78637        7.39806        4.93882
H          4.42208        4.68715        8.84158
H          3.46080        4.20566        7.44809
H          4.15747        2.99761        8.49614
H          6.61989        2.12236        8.66069
H          7.87896        2.30493        7.46254
H          7.70764        3.48709        8.74490
H          2.49666        1.99267        6.17831
H          2.63116        2.84143        4.65498
H          2.41473        1.09760        4.67770
H          4.72270        0.82613        7.61210
H          4.58500       -0.49298        6.47343
H          6.15389        0.20798        6.81954
H          6.25979        1.01692        0.78626
H          8.39852       -0.66259        2.16222
H          6.67976       -1.06284        2.05822
H          7.97532       -2.22136        0.29840
H          6.81213       -1.09565       -0.40452
H          9.78971       -0.56893        0.00003
H          8.99542       -0.89380       -1.54283
H          9.37108        1.55022       -1.19312
H          7.65101        1.16879       -1.30938
H          8.09051        2.72021        0.59879
H          9.21712        1.54577        1.28197
H          4.62986        8.04724        4.69450
H          5.72721        8.21712        7.52995
H          6.29264        9.15788        6.14440
H          4.67349       10.44690        7.49848
H          4.05770       10.15403        5.87085
H          3.31589        8.57632        8.37335
H          2.28706        9.74553        7.54225
H          1.71565        7.39772        6.91160
H          2.27521        8.32427        5.51652
H          3.36633        6.07196        5.58468
H          3.98683        6.43939        7.19548
H          4.30361        7.07071        2.95813
H          6.45231        6.79647        1.72509
H          6.86511        4.70099        0.47452
H          5.15208        2.88897        0.55352
H          3.40623        2.92702        2.32992
H          3.02246        5.02118        3.59006
H          3.59133        5.67556        0.33617
H          3.91323        7.40193        0.53582
H          2.50056        6.66966        1.30857
