100
CSD_code = QACBAY | q = 0 | S = 0 | Stoichiometry = C30H61N2NbP2Si4 | MND = 9
Nb         1.97021        3.24985        4.12765
P          2.41659        0.90485        3.20278
P          1.11546        5.62972        3.66915
Si        -0.54798        1.10198        3.29958
Si        -0.79789        3.81057        2.12908
Si         3.73023        5.36548        2.21323
Si         3.27589        2.73196        0.92830
N          0.12555        2.65451        3.00017
N          2.99311        3.81220        2.23435
C          0.93316       -0.10275        3.50035
C          0.17632        5.46436        2.11696
C          2.58166        6.58249        3.16138
C          2.44495        1.06824        1.39235
C         -1.61317        0.36794        1.88898
C         -1.66143        1.05001        4.86417
C         -1.09756        3.37234        0.28152
C         -2.56567        4.03389        2.85042
C          3.95101        6.15999        0.48640
C          5.47731        5.36713        3.01129
C          2.48160        3.26922       -0.73725
C          5.14082        2.51644        0.51408
C          3.79700       -0.29732        3.58386
C          5.13614        0.32358        3.20609
C          6.28928       -0.55480        3.68367
C          6.17103       -1.94530        3.06570
C          4.82175       -2.56957        3.40967
C          3.66876       -1.67880        2.94499
C          0.16783        6.90099        4.66756
C         -1.16066        6.31111        5.12706
C         -1.86392        7.25373        6.09978
C         -2.09795        8.60751        5.43572
C         -0.77718        9.19811        4.95064
C         -0.07428        8.24478        3.98384
C          3.07590        1.93788        6.37403
C          1.60453        2.10372        6.03347
C          1.12610        3.41857        6.32537
C          2.03896        4.48727        6.32231
C          3.31519        4.30038        5.77016
C          3.74279        2.96577        5.47397
H          0.88980       -0.92281        2.78448
H          0.98990       -0.51574        4.50628
H         -0.45366        6.33323        1.93018
H          0.92461        5.40022        1.32714
H          2.28515        7.42277        2.53305
H          3.06324        6.97367        4.05837
H          2.90474        0.20089        0.92181
H          1.40087        1.12079        1.08798
H         -2.50574        0.96361        1.74663
H         -1.08828        0.33167        0.94142
H         -1.92956       -0.64082        2.13265
H         -1.31725        1.74117        5.62609
H         -2.67455        1.33205        4.60114
H         -1.70300        0.05872        5.30426
H         -2.04731        2.86358        0.16747
H         -1.12662        4.25604       -0.34864
H         -0.32895        2.71385       -0.10503
H         -2.58019        4.00624        3.93385
H         -3.03733        4.95533        2.52339
H         -3.18656        3.21594        2.50231
H          4.63891        5.57449       -0.10974
H          3.01928        6.23298       -0.06276
H          4.36415        7.15953        0.57401
H          5.54352        4.66956        3.83969
H          6.21424        5.06895        2.27418
H          5.75982        6.35043        3.37460
H          3.17493        3.87735       -1.30577
H          2.21984        2.41505       -1.35414
H          1.58313        3.85501       -0.58413
H          5.76890        2.54588        1.39643
H          5.34489        1.59517       -0.02208
H          5.45166        3.33304       -0.12760
H          3.76253       -0.43543        4.67222
H          5.18540        0.41418        2.12130
H          5.20723        1.32754        3.63136
H          7.24415       -0.10422        3.40472
H          6.26367       -0.63725        4.77300
H          6.26632       -1.86587        1.98030
H          6.97816       -2.58687        3.42583
H          4.73777       -3.55320        2.94175
H          4.75504       -2.70930        4.49142
H          2.72281       -2.14485        3.22448
H          3.69884       -1.59635        1.85685
H          0.79873        7.08857        5.54826
H         -1.79651        6.15906        4.25450
H         -0.99217        5.33636        5.59320
H         -2.81713        6.82306        6.41436
H         -1.24758        7.38878        6.99248
H         -2.77123        8.47964        4.58475
H         -2.57502        9.29326        6.13925
H         -0.95732       10.15553        4.45614
H         -0.12804        9.38490        5.80997
H          0.86988        8.68993        3.66526
H         -0.70205        8.11118        3.10044
H          3.27721        2.13342        7.44655
H          3.42263        0.92590        6.15068
H          0.95184        1.27506        6.31459
H          0.10506        3.57970        6.67053
H          1.73665        5.46622        6.68442
H          3.99736        5.14475        5.69044
H          4.81671        2.83370        5.31480
