56
CSD_code = QEHHOC | q = -1 | S = 0 | Stoichiometry = C12H36ClFeN2Si4(1-) | MND = 3
C          0.34712        2.94936       -0.55886
H         -0.13409        3.03254       -1.52778
H         -0.33721        3.34823        0.18505
H          0.48460        1.89272       -0.35384
C          1.62722        5.64394       -1.18850
H          2.50947        6.27457       -1.17257
H          0.86024        6.12390       -0.58689
H          1.27103        5.60875       -2.21234
C          2.60953        4.04344        1.25015
H          2.70250        3.06448        1.71281
H          1.93533        4.63980        1.85637
H          3.58705        4.51437        1.27347
C          4.54147        4.37820       -3.82491
H          4.04943        5.33082       -3.65281
H          4.70038        4.27195       -4.89492
H          5.51051        4.41228       -3.34015
C          1.85558        2.92182       -4.06130
H          1.20580        2.12427       -3.71816
H          2.01763        2.78567       -5.12601
H          1.32592        3.85766       -3.92321
C          4.39120        1.29265       -3.54448
H          5.19039        1.10759       -2.83637
H          4.83057        1.33611       -4.53713
H          3.71266        0.44578       -3.51765
C          3.18433       -0.35875       -0.63031
H          2.87288        0.60821       -1.02184
H          2.49689       -1.11193       -0.99943
H          4.16631       -0.56993       -1.03983
C          1.49431       -0.07403        1.98064
H          1.50308       -0.12008        3.06512
H          0.82339       -0.84970        1.62258
H          1.07513        0.88549        1.69729
C          3.90433       -1.94977        1.96736
H          4.92187       -2.14584        1.64790
H          3.28525       -2.77949        1.63965
H          3.89544       -1.93930        3.05244
C          5.73759        3.27921        2.84036
H          5.92373        3.43629        1.78003
H          6.67879        3.40928        3.36457
H          5.05924        4.05417        3.17920
C          3.80769        1.54372        4.58816
H          2.94215        2.16821        4.39378
H          4.29018        1.91418        5.48779
H          3.44913        0.54030        4.79452
C          6.44399        0.35277        3.57810
H          6.08058       -0.65374        3.75541
H          6.95067        0.68676        4.47906
H          7.17771        0.30296        2.78109
Cl         6.13919        2.74393       -0.90884
Fe         4.39658        2.14001        0.09303
N          3.26610        3.06022       -1.40808
N          4.26927        1.06731        1.61861
Si         2.03799        3.87259       -0.56372
Si         3.51361        2.93211       -3.09195
Si         3.26703       -0.27840        1.26733
Si         5.01147        1.53402        3.09163
