90
CSD_code = QEPYOZ | q = 0 | S = 0 | Stoichiometry = C32H54NOSiY | MND = 10
Y         -0.44771        7.20383       15.57851
Si        -2.63484        5.46170       16.99807
N         -2.05997        7.08714       17.08034
C         -1.56559        4.87977       15.53267
C         -0.09581        4.86153       15.62992
C          0.40878        4.55692       14.32350
C         -0.67614        4.44356       13.45670
C         -1.87263        4.65195       14.19295
C          0.66665        4.50326       16.89392
C          1.85287        4.29003       14.00822
C         -0.63613        4.16218       11.98734
C         -3.22904        4.57576       13.56589
C         -4.53302        5.30040       16.72639
C         -2.35660        4.29025       18.50887
C         -2.19918        8.01065       18.19634
C         -0.97314        7.87587       19.12511
C         -2.23944        9.44970       17.63740
C         -3.49350        7.73238       18.98529
C         -3.80255        8.69828       20.12422
C          1.94240        9.40127       16.42772
C          1.53026        8.39862       15.32514
C          1.37598        9.04517       13.98943
C          1.68940        8.33552       12.82183
C          1.57617        8.90297       11.56817
C          1.14785       10.21746       11.40093
C          0.82763       10.92416       12.55743
C          0.93786       10.36333       13.81460
C          1.03607       10.89300       10.04343
C         -0.41382       11.34324        9.81266
C          1.43310        9.96667        8.89093
C          1.96577       12.11462       10.01615
O         -2.03765        7.85181       13.72029
C         -3.36203        8.19308       14.13651
C         -3.54091        9.64755       13.68955
C         -2.64919        9.73637       12.43742
C         -1.94989        8.36778       12.39435
H          0.61215        3.42261       17.05447
H          0.24773        4.99075       17.77527
H          1.72402        4.76696       16.81283
H          2.10990        3.25351       14.23929
H          2.51181        4.93468       14.59198
H          2.06169        4.45827       12.95332
H         -1.34190        3.37189       11.73261
H          0.35561        3.84603       11.67379
H         -0.90907        5.05071       11.41130
H         -3.99262        4.92948       14.24855
H         -3.46328        3.54414       13.29419
H         -3.26720        5.16819       12.65004
H         -5.05689        5.44572       17.66535
H         -4.79314        4.31204       16.36416
H         -4.92107        6.03164       16.02391
H         -2.08088        3.29039       18.19048
H         -3.26352        4.20310       19.09926
H         -1.57409        4.64593       19.17203
H         -0.95048        8.66005       19.87793
H         -0.05427        7.93542       18.52806
H         -0.99837        6.90999       19.62340
H         -2.11535       10.18255       18.43106
H         -3.19100        9.62952       17.13978
H         -1.42945        9.58599       16.90757
H         -4.31929        7.74376       18.27255
H         -3.42302        6.72273       19.38731
H         -4.71595        8.38393       20.62538
H         -3.95365        9.71057       19.75883
H         -3.00413        8.70824       20.86117
H          2.78380       10.01583       16.08978
H          2.26369        8.86534       17.32269
H          1.13719       10.07874       16.71681
H          2.37645        7.69297       15.23145
H          2.03502        7.31115       12.90566
H          1.84211        8.30032       10.71429
H          0.49534       11.95058       12.48547
H          0.67863       10.96613       14.67425
H         -1.08153       10.48381        9.82837
H         -0.50402       11.83342        8.84541
H         -0.73810       12.04343       10.57776
H          2.46687        9.64372        8.98799
H          1.33482       10.49891        7.94673
H          0.78838        9.09135        8.85182
H          2.99260       11.80843       10.20454
H          1.68418       12.84227       10.77232
H          1.92242       12.59986        9.04309
H         -4.07834        7.54088       13.61939
H         -3.42636        8.02951       15.21526
H         -3.18253       10.32663       14.46293
H         -4.58241        9.87971       13.47917
H         -1.91312       10.53167       12.53545
H         -3.22807        9.91038       11.53292
H         -2.47597        7.68612       11.71125
H         -0.89841        8.42627       12.11132
