36
CSD_code = RERHUR | q = 0 | S = 0 | Stoichiometry = C14H15Cl2F2NSiTi | MND = 8
Ti         1.59654        2.09180        9.03500
Cl         0.19412        0.85596       10.11723
Cl         2.48365        0.58761        7.76279
Si         0.65062        4.71990        8.17716
F         -2.30861        4.05709        5.56202
F          2.27896        2.50248        3.13415
N          0.43853        3.00356        7.93247
C          2.04442        4.27520        9.40117
C          1.75744        3.67787       10.65817
C          2.77304        2.74649       10.96564
C          3.68963        2.73437        9.89157
C          3.23310        3.65529        8.92284
C          1.28010        5.68942        6.65490
C         -0.88233        5.54453        8.96045
C         -0.55510        2.38893        7.07735
C         -0.30439        2.80445        5.64996
C         -1.17173        3.64151        4.95940
C         -0.91559        4.08139        3.67226
C          0.25358        3.69170        3.04635
C          1.13208        2.87140        3.73525
C          0.87337        2.42445        5.01714
H          0.95050        3.96836       11.32145
H          2.88849        2.21769       11.90491
H          4.63232        2.19879        9.86574
H          3.76546        3.93321        8.01943
H          0.46197        5.92326        5.98200
H          1.73485        6.62724        6.95497
H          2.01697        5.12179        6.09364
H         -0.64494        6.52090        9.36904
H         -1.29544        4.93326        9.75904
H         -1.65776        5.68169        8.21299
H         -1.56450        2.69767        7.38519
H         -0.48171        1.29146        7.15869
H         -1.62649        4.72423        3.17806
H          0.48886        4.01535        2.04546
H          1.58221        1.78801        5.53124
