89
CSD_code = RIKCOD | q = 0 | S = 0 | Stoichiometry = C24H56N4Si4Zr | MND = 4
Zr         1.07725       13.88991        6.04308
Si        -1.12174       16.25782        6.37771
Si         3.10101       12.83791        3.72889
Si         3.30443       15.08513        8.08667
Si        -0.96832       11.36792        5.97249
N         -0.06512       15.46488        5.31961
N          1.99961       14.03784        4.18959
N          2.23227       13.81533        7.76574
N          0.14605       12.24335        6.89816
C          0.53686       16.01268        4.12105
H          1.31990       16.74834        4.39358
C         -0.44383       16.74247        3.19460
H         -0.96343       17.51567        3.76209
H         -1.19117       16.03263        2.83375
C          0.31074       17.36888        2.02453
H         -0.39146       17.86688        1.35196
H          0.99678       18.12664        2.41022
C          1.10620       16.31862        1.25256
H          1.68914       16.80322        0.46597
H          0.41266       15.62385        0.77305
C          2.03284       15.53427        2.17830
H          2.78823       16.19239        2.61295
H          2.55109       14.75550        1.61715
C          1.22279       14.88507        3.30752
H          0.42192       14.29220        2.82185
C          1.63281       12.92101        8.73519
H          0.86048       13.46004        9.31971
C          2.62032       12.33426        9.75165
H          3.15136       13.14918       10.24537
H          3.35753       11.72570        9.22366
C          1.87197       11.49497       10.78428
H          2.57995       11.05589       11.49096
H          1.19819       12.14445       11.34801
C          1.05937       10.38863       10.11538
H          0.48171        9.84890       10.86931
H          1.74165        9.67628        9.64560
C          0.12411       10.95532        9.05001
H         -0.40842       10.14527        8.54989
H         -0.61915       11.61477        9.50307
C          0.92947       11.74478        8.01029
H          1.72079       11.06277        7.63981
C         -0.74305       18.09299        6.83812
H         -1.42454       18.46270        7.59761
H         -0.84206       18.74204        5.97356
H          0.26800       18.21261        7.21938
C         -2.98822       16.20095        5.89707
H         -3.61785       16.56234        6.70393
H         -3.29906       15.18531        5.66687
H         -3.19839       16.81119        5.02446
C         -0.88253       15.19187        7.95698
H         -1.63820       15.39552        8.71045
H          0.09432       15.39868        8.40032
H         -0.93991       14.12788        7.69397
C          4.89555       13.44088        3.36309
H          4.95156       14.00113        2.43522
H          5.58563       12.60726        3.27988
H          5.25687       14.08886        4.15720
C          2.61791       11.67537        2.26633
H          3.36702       10.90739        2.10207
H          2.51978       12.23273        1.33983
H          1.66965       11.17469        2.44548
C          3.14376       11.78299        5.33259
H          3.96664       11.07374        5.33785
H          2.21500       11.21613        5.42911
H          3.25469       12.44217        6.20299
C          2.94706       16.21463        9.60973
H          3.65120       17.03829        9.67012
H          3.02464       15.65637       10.53755
H          1.94766       16.64062        9.57033
C          3.06513       16.13899        6.49966
H          3.82721       16.90606        6.39475
H          2.09297       16.63655        6.52758
H          3.11078       15.48825        5.61713
C          5.16657       14.59890        8.20471
H          5.37742       14.02624        9.10227
H          5.80646       15.47539        8.22223
H          5.46351       13.99172        7.35366
C         -1.01267       12.44701        4.38475
H         -1.11592       13.50412        4.66115
H         -1.84033       12.18545        3.73144
H         -0.08729       12.31383        3.81964
C         -0.50568        9.56735        5.45498
H         -1.27429        9.12073        4.83240
H         -0.38580        8.92952        6.32527
H          0.42720        9.53407        4.89779
C         -2.75824       11.27627        6.68338
H         -3.45962       10.89715        5.94697
H         -3.10463       12.25902        6.99192
H         -2.81489       10.62470        7.54949
