82
CSD_code = RIRNIP | q = 0 | S = 0 | Stoichiometry = C25H47N7Si2Ti | MND = 5
Ti         2.64042        9.64419       17.77361
Si         4.37700       12.30165       17.17604
Si         1.65785        6.97260       19.29974
N          0.97296       10.55978       17.82840
N          4.02098       10.88259       18.08230
N          2.43056        8.50004       19.33258
N          4.27229        8.16128       17.57521
N         -1.07703        9.96102       16.83345
N         -1.02344        9.60751       14.40935
N          2.37840        9.48618       15.91213
C          4.90502       10.57181       19.17071
H          4.69386       11.23038       20.03426
H          5.95369       10.76519       18.88227
C          4.86309        9.11365       19.70214
C          5.87888        9.03085       20.84856
H          5.60053        9.73745       21.62788
H          6.87983        9.28678       20.50662
H          5.89564        8.03724       21.29096
C          3.45346        8.75685       20.29736
H          3.60798        7.88563       20.95381
H          3.17374        9.59837       20.95691
C          0.32368       11.30789       18.90015
C         -0.58980       12.40407       18.32998
H         -1.39408       11.94231       17.76561
H         -0.02108       13.05428       17.66809
H         -1.00973       12.99873       19.13790
C         -0.48650       10.35934       19.79481
H         -1.26573        9.89443       19.19652
H         -0.94250       10.90329       20.61960
H          0.17530        9.58719       20.18677
C          1.43117       11.97662       19.72543
H          1.98785       12.67254       19.09862
H          2.11569       11.21539       20.10237
H          0.99765       12.51861       20.56476
C          5.89039       12.04606       16.00463
H          6.66563       11.45452       16.48566
H          6.33515       12.99575       15.72455
H          5.61180       11.53427       15.08861
C          4.89999       13.75167       18.33411
H          5.85820       13.54880       18.80300
H          4.17847       13.92240       19.12807
H          5.00198       14.67958       17.78071
C          2.84364       12.84131       16.17667
H          2.43524       13.77557       16.54943
H          2.06728       12.08106       16.23575
H          3.09583       12.99770       15.13314
C          2.87862        5.47546       19.34786
H          3.64680        5.62038       20.10316
H          3.38336        5.32404       18.39764
H          2.36029        4.55394       19.59187
C          0.65821        6.88598       17.68265
H          1.26275        7.18080       16.82447
H         -0.19661        7.55277       17.73412
H          0.28303        5.88354       17.50373
C          0.49979        6.69198       20.81013
H          1.00560        6.91684       21.74528
H          0.16961        5.65933       20.85943
H         -0.38737        7.31496       20.75914
C          4.37535        7.23206       16.62595
H          3.61579        7.25378       15.85384
C          5.37014        6.27366       16.60087
H          5.41198        5.54539       15.80635
C          6.31121        6.27952       17.62170
H          7.11871        5.56270       17.63511
C          6.18184        7.21006       18.63454
H          6.89022        7.21119       19.44585
C          5.14275        8.14145       18.59415
C          0.21740       10.00772       16.85178
C         -1.65316        9.31304       15.68652
H         -1.59542        8.21581       15.81765
H         -2.70886        9.59560       15.63622
C          0.37754        9.54891       14.48461
H          0.87198        9.49173       13.52333
C          1.02608        9.58663       15.67265
C          3.24095        9.56630       14.75532
H          4.28471        9.54580       15.07949
H          3.06661       10.49982       14.19961
H          3.07023        8.73298       14.05236
C         -1.53974       10.76120       13.69773
H         -2.60438       10.61676       13.51318
H         -1.02249       10.83961       12.74141
H         -1.39843       11.69946       14.25057
