113
CSD_code = RIVPUI | q = 0 | S = 0 | Stoichiometry = C43H63LaN3OPSi | MND = 9
La         1.38317        6.96633        4.45140
P          0.46292       11.29719        6.27123
Si         3.68213        5.18915        3.17179
N          0.90326        8.46276        6.42462
N          0.61193        9.29298        4.37025
N          3.41600        5.97101        4.68798
O         -0.84251        5.39763        5.21445
C          0.67006        9.51926        5.67425
C          0.93817        8.45914        7.86837
H          1.02795        9.47866        8.26869
C          2.14927        7.64290        8.33071
H          2.11493        6.64468        7.88882
H          2.14898        7.54861        9.41429
H          3.07940        8.11706        8.02581
C         -0.34758        7.82988        8.42095
H         -1.22247        8.35649        8.04739
H         -0.35280        7.87753        9.50734
H         -0.40728        6.78821        8.11245
C          0.44964       10.37015        3.41396
H         -0.21128       11.15310        3.82723
C          1.80619       11.01068        3.10382
H          2.22795       11.43931        4.01363
H          1.69639       11.80089        2.36529
H          2.49382       10.25828        2.72106
C         -0.19834        9.81175        2.14687
H          0.35459        8.93720        1.80161
H         -0.20102       10.56479        1.36262
H         -1.22690        9.51638        2.34382
C          2.00143       11.53489        7.22923
C          3.12989       10.74019        7.04612
H          3.08755        9.88557        6.38449
C          4.30207       11.02962        7.71996
H          5.16212       10.38969        7.58905
C          4.37310       12.12697        8.56160
H          5.28811       12.34637        9.09184
C          3.27132       12.95486        8.70626
H          3.32958       13.82891        9.33911
C          2.09860       12.67104        8.03270
H          1.24966       13.33663        8.11850
C         -0.85103       11.04772        7.52255
C         -0.75881       11.32529        8.88216
H          0.18063       11.64207        9.31217
C         -1.86537       11.17624        9.69842
H         -1.78020       11.38767       10.75482
C         -3.07729       10.76030        9.17310
H         -3.93767       10.64814        9.81622
C         -3.18173       10.49227        7.81743
H         -4.12548       10.17110        7.39955
C         -2.07955       10.64248        6.99897
H         -2.15645       10.43780        5.93781
C          2.04854        5.73039        2.30183
C          1.95440        6.75418        1.27297
C          0.84137        6.50279        0.49516
C          0.19564        5.32893        0.99073
C          0.91563        4.85293        2.07000
C          2.97968        7.82493        1.02663
H          2.52255        8.72226        0.60947
H          3.72685        7.47629        0.31050
H          3.49340        8.09539        1.95017
C          0.34608        7.28145       -0.68284
H          0.27944        6.63885       -1.56129
H          1.01279        8.10712       -0.91757
H         -0.65055        7.68753       -0.49479
C         -1.03913        4.74047        0.38295
H         -1.76841        5.51816        0.15301
H         -1.50345        4.01659        1.05016
H         -0.80064        4.22798       -0.55084
C          0.64670        3.57697        2.81372
H         -0.42390        3.37917        2.87741
H          1.05870        3.62251        3.82253
H          1.10356        2.72990        2.29811
C          3.90266        3.27810        3.27000
H          4.90677        3.04265        3.61005
H          3.77362        2.82255        2.29386
H          3.20774        2.80092        3.95040
C          5.30345        5.65551        2.24894
H          5.36297        6.69805        1.96366
H          5.42033        5.06299        1.34744
H          6.15107        5.44338        2.89431
C          4.29865        6.17489        5.73767
C          4.37365        5.25707        6.80289
C          5.23971        5.48488        7.85804
H          5.28572        4.76496        8.66468
C          6.04880        6.61055        7.90669
C          5.95586        7.52675        6.86804
H          6.57713        8.41321        6.89116
C          5.09866        7.33407        5.79918
C          3.49913        4.03798        6.78636
H          3.96755        3.24566        6.20422
H          2.54201        4.27403        6.31087
H          3.32722        3.66907        7.79612
C          6.96915        6.85412        9.06627
H          6.47001        7.46111        9.82357
H          7.86309        7.38551        8.74626
H          7.26575        5.91569        9.52920
C          5.00325        8.35894        4.70748
H          5.49757        7.99651        3.80740
H          5.47175        9.29437        5.00796
H          3.94920        8.54676        4.45497
C         -0.92476        4.56646        6.37002
H         -1.68482        4.97259        7.05436
H          0.05728        4.64307        6.84775
C         -1.23320        3.10127        6.07709
H         -2.24686        2.97461        5.70591
H         -1.13270        2.52879        6.99505
H         -0.53606        2.70773        5.34270
C         -2.09906        5.56611        4.55625
H         -2.86373        5.81568        5.30721
H         -2.38725        4.63015        4.06070
C         -1.99048        6.67858        3.52588
H         -1.72448        7.61682        4.01582
H         -2.94954        6.80426        3.02741
H         -1.24103        6.42248        2.77098
