91
CSD_code = SAKWOS | q = 0 | S = 0 | Stoichiometry = C22H60FeN2P2Si4 | MND = 4
Fe        11.94865        5.74298        2.10388
N         12.92354        7.30065        2.45695
N         11.65673        4.22764        1.06142
Si        12.57447        8.93661        2.04049
Si        14.50618        6.60282        2.39960
Si        11.28593        4.64432       -0.57881
Si        12.19302        2.64773        1.50727
P          9.17418        5.92302        2.52147
P         11.43101        5.73175        4.93757
C         10.67723        9.12360        1.97796
H         10.30982        9.15658        0.95948
H         10.34403       10.02793        2.47609
H         10.21906        8.27142        2.47074
C         13.20649       10.18592        3.35154
H         12.64955       10.12245        4.27941
H         13.10182       11.20078        2.97953
H         14.25280       10.02972        3.58463
C         13.33334        9.53393        0.38582
H         12.87861        9.05418       -0.47352
H         14.39780        9.32572        0.35408
H         13.20575       10.60549        0.26592
C         15.93651        7.78011        2.87435
H         15.87150        8.10516        3.90681
H         15.94007        8.66477        2.24848
H         16.89273        7.28320        2.74817
C         14.83544        5.92850        0.64118
H         14.06036        5.20691        0.40163
H         15.79871        5.43488        0.56448
H         14.81018        6.71332       -0.10701
C         14.53529        5.10388        3.57300
H         13.68642        4.46599        3.35673
H         14.48042        5.40370        4.61168
H         15.44128        4.52161        3.44859
C         11.26532        6.54334       -0.54000
H         12.23828        6.90991       -0.23413
H         10.55129        6.89251        0.19627
H         11.01668        6.98418       -1.49844
C         12.57876        4.03365       -1.85423
H         13.58482        4.36050       -1.61926
H         12.33929        4.40303       -2.84656
H         12.58754        2.94994       -1.90406
C          9.63306        3.96689       -1.27508
H          8.76736        4.44405       -0.83349
H          9.54521        2.89890       -1.11133
H          9.58469        4.13695       -2.34644
C         14.02983        2.28376        1.11492
H         14.68703        3.01306        1.57341
H         14.21276        2.30214        0.04611
H         14.31676        1.30177        1.47942
C         11.17337        1.26994        0.65771
H         10.11119        1.38128        0.84870
H         11.47186        0.29176        1.02158
H         11.31921        1.27855       -0.41653
C         11.91186        2.47114        3.38853
H         12.82155        2.18601        3.90427
H         11.16069        1.72237        3.61770
H         11.58030        3.42374        3.79307
C          8.75509        6.30436        4.30198
H          8.92807        7.37531        4.44093
H          7.69312        6.11940        4.48956
C          9.60907        5.51796        5.28182
H          9.38910        4.45029        5.19626
H          9.37646        5.82947        6.30420
C          8.57262        4.16028        2.40702
H          8.67139        3.89171        1.35450
H          9.32017        3.56504        2.93545
C          7.17483        3.81320        2.90572
H          6.98802        2.75135        2.75106
H          6.40966        4.36621        2.36677
H          7.06462        4.01668        3.96824
C          7.69963        6.85912        1.83691
H          6.80657        6.62111        2.42031
H          7.92001        7.91813        1.99497
C          7.42767        6.62232        0.35909
H          6.62888        7.27832        0.01439
H          7.11675        5.59527        0.18242
H          8.31525        6.82238       -0.23517
C         11.62420        7.42820        5.68659
H         11.23029        8.12978        4.94841
H         11.02621        7.51165        6.59875
C         13.08067        7.77534        5.95756
H         13.16271        8.78147        6.36632
H         13.63897        7.73185        5.02693
H         13.52769        7.08619        6.67063
C         12.06701        4.66008        6.34053
H         11.76259        3.63978        6.09396
H         13.15695        4.68273        6.27581
C         11.64163        4.97357        7.77071
H         12.12225        4.27140        8.45092
H         10.56707        4.87345        7.89905
H         11.93504        5.97683        8.06637
