95
CSD_code = SAYBIE | q = 0 | S = 0 | Stoichiometry = C32H54N2P2RuSi4 | MND = 8
Ru         7.79089        1.83321        4.46551
P          8.23051        1.31100        6.70187
Si         5.68363       -0.76316        3.73986
Si         5.51514        0.25779        6.49924
N          6.24939        0.31355        4.94910
C          8.91455       -0.37210        6.77759
H          8.05298       -1.03563        6.80724
H          9.48528       -0.49550        7.69870
C          6.73756        1.10866        7.71149
H          6.35498        2.06430        8.06128
H          6.98804        0.49582        8.57824
C          3.78703       -0.62499        3.44503
H          3.28549       -1.35255        4.07352
H          3.51009       -0.83991        2.41757
H          3.38295        0.34633        3.70895
C          5.95591       -2.63060        4.08271
H          6.74879       -2.79720        4.80074
H          6.20355       -3.17851        3.17864
H          5.05372       -3.07232        4.48933
C          3.80957        1.14329        6.62381
H          3.71940        2.00166        5.96540
H          3.60172        1.47882        7.63562
H          3.02845        0.44344        6.35019
C          5.16337       -1.48543        7.19808
H          4.39983       -1.96545        6.59933
H          4.78689       -1.41803        8.21361
H          6.02927       -2.13726        7.20794
C          9.39794        2.17091        7.81997
C         10.75597        2.10501        7.52025
H         11.06747        1.54867        6.65017
C         11.69201        2.72434        8.32601
H         12.74208        2.66289        8.07829
C         11.28462        3.42170        9.45207
H         12.01268        3.90976       10.08322
C          9.93872        3.48147        9.76858
H          9.61460        4.01298       10.65209
C          9.00179        2.86070        8.96007
H          7.95842        2.91069        9.23528
C          9.27659        3.39457        4.81378
H         10.23314        2.97177        5.12191
C          8.99444        3.33455        3.44581
H          9.77215        2.89945        2.82467
C          8.19626        4.40059        2.72723
H          8.13787        4.13319        1.67041
H          8.73969        5.35206        2.78428
C          8.81333        4.56857        5.65617
H          8.87323        5.47468        5.04561
H          9.50227        4.69909        6.49370
P          7.35206        1.31100        2.22885
Si         9.89867       -0.76305        5.19093
Si        10.06718        0.25790        2.43164
N          9.33289        0.31377        3.98178
C          6.66785       -0.37204        2.15330
H          7.52938       -1.03561        2.12365
H          6.09713       -0.49543        1.23220
C          8.84494        1.10869        1.21917
H          9.22752        2.06433        0.86938
H          8.59442        0.49582        0.35245
C         11.79529       -0.62500        5.48573
H         12.29689       -1.35258        4.85730
H         12.07225       -0.83986        6.51321
H         12.19936        0.34631        5.22178
C          9.62645       -2.63053        4.84812
H          8.83225       -2.79693        4.13072
H          9.38011       -3.17894        5.75299
H         10.52889       -3.07184        4.43985
C         11.77281        1.14329        2.30699
H         11.86297        2.00174        2.96529
H         11.98068        1.47870        1.29514
H         12.55393        0.44347        2.58069
C         10.41896       -1.48535        1.73281
H         11.18253       -1.96541        2.33151
H         10.79539       -1.41795        0.71726
H          9.55305       -2.13717        1.72296
C          6.18452        2.17095        1.11087
C          4.82649        2.10503        1.41058
H          4.51495        1.54866        2.28063
C          3.89044        2.72434        0.60480
H          2.84036        2.66288        0.85249
C          4.29782        3.42170       -0.52126
H          3.56975        3.90975       -1.15242
C          5.64373        3.48146       -0.83777
H          5.96786        4.01297       -1.72128
C          6.58065        2.86072       -0.02925
H          7.62402        2.91073       -0.30444
C          6.30559        3.39476        4.11708
H          5.34912        2.97184        3.80891
C          6.58773        3.33479        5.48507
H          5.81012        2.89961        6.10626
C          7.38614        4.40068        6.20360
H          7.44454        4.13332        7.26042
H          6.84278        5.35219        6.14651
C          6.76905        4.56859        3.27457
H          6.70918        5.47475        3.88505
H          6.08016        4.69908        2.43701
