101
CSD_code = SIGNED | q = 0 | S = 0 | Stoichiometry = C39H46F5N7OSi2Ti | MND = 6
Ti        13.32518        5.89557        5.33347
O         13.63283        7.52360        3.93225
Si        10.18078        4.91071        4.26000
Si        15.30664        7.05399        7.72737
N         13.26809        4.41622        6.24819
N         12.66404        3.31288        8.17221
N         12.81797        2.18528        8.95723
N         11.65007        5.79159        4.14072
N         14.86696        6.92181        6.06794
N         12.00880        6.99485        6.52496
N         14.46102        4.72344        3.93146
F         16.02528        3.61998        6.50469
F         17.52012        1.73392        5.22752
F         16.35117       -0.58198        4.38533
F         13.70654       -1.03266        4.89260
F         12.25258        0.80328        6.25603
C         13.29011        3.38435        7.03047
C         14.11633        2.24348        6.44653
C         15.45619        2.45848        6.14201
C         16.21988        1.51255        5.47863
C         15.62842        0.32648        5.05432
C         14.28161        0.10117        5.31344
C         13.54370        1.05229        6.00836
C         14.06347        1.56970        9.08037
C         15.22338        2.34515        9.16864
C         16.46079        1.73826        9.23569
C         16.56843        0.35606        9.22325
C         15.42043       -0.41793        9.14995
C         14.17665        0.17643        9.07846
C         11.70757        1.78179        9.67420
C         10.43391        2.17435        9.25295
C          9.31547        1.79523        9.96505
C          9.43542        1.01884       11.10669
C         10.69691        0.63954       11.53797
C         11.82531        1.01916       10.84048
C         11.53600        6.89506        3.21785
C         12.92011        7.32250        2.73866
C         15.50835        7.91939        5.23697
C         14.99176        7.85642        3.79358
C          8.68233        6.09512        4.53708
C          9.80210        4.00507        2.59447
C         10.12313        3.59178        5.62235
C         15.39084        8.90937        8.26714
C         17.07413        6.37478        8.07475
C         14.06436        6.26665        8.93621
C         11.80687        8.29766        6.33628
C         10.78878        9.00347        6.96024
C          9.94826        8.33277        7.83453
C         10.17758        6.98186        8.05522
C         11.21417        6.35297        7.38397
C         15.79544        4.66283        3.96629
C         16.52789        3.72921        3.24883
C         15.85462        2.79329        2.47703
C         14.46672        2.84085        2.45672
C         13.81461        3.82295        3.18338
H         15.13838        3.42211        9.17112
H         17.34885        2.34945        9.30427
H         17.53850       -0.11483        9.27330
H         15.49661       -1.49565        9.13876
H         13.28381       -0.42685        9.00459
H         10.34938        2.77079        8.35972
H          8.33707        2.09996        9.62094
H          8.55759        0.71535       11.65752
H         10.80355        0.04718       12.43582
H         12.80264        0.73680       11.20292
H         11.06459        7.77443        3.70228
H         10.92133        6.65394        2.33805
H         12.87915        8.25209        2.14581
H         13.38553        6.53174        2.12550
H         16.60594        7.80765        5.22832
H         15.30394        8.93554        5.61545
H         15.10164        8.83085        3.28761
H         15.52072        7.09959        3.19166
H          7.76961        5.54424        4.73877
H          8.85305        6.76435        5.37738
H          8.50131        6.71082        3.66071
H          8.75256        3.73683        2.53289
H         10.37421        3.08599        2.49865
H         10.02686        4.62096        1.72715
H          9.66902        2.68048        5.25034
H          9.53028        3.92920        6.46480
H         11.11490        3.34874        5.97826
H         17.35631        6.54141        9.10955
H         17.82191        6.86194        7.45454
H         17.13225        5.30937        7.88354
H         14.56906        6.00968        9.86147
H         13.62261        5.36449        8.53129
H         13.25984        6.95115        9.18956
H         12.49478        8.80854        5.67048
H         10.66166       10.05832        6.76894
H          9.14485        8.85156        8.33597
H          9.56430        6.42100        8.74270
H         11.43600        5.30201        7.54171
H         16.28695        5.37362        4.62260
H         17.60505        3.72728        3.30599
H         16.39464        2.04767        1.91362
H         13.89822        2.13161        1.87555
H         12.73192        3.91162        3.18421
H         15.49211        8.99450        9.34393
H         16.24038        9.42036        7.82458
H         14.49151        9.45214        7.98398
