90
CSD_code = SOWMIB | q = 0 | S = 0 | Stoichiometry = C36H49N2PSiZr | MND = 9
Zr         9.21718        1.51520        2.93194
P         10.29956       -0.32909        4.68776
Si         6.33452        0.60120        2.99454
N          7.37681        1.54820        3.98452
N         10.18291        3.25473        2.86173
C          7.62131        0.34238        1.61021
C          8.72329       -0.56121        1.68265
C          9.80434       -0.02694        0.93656
C          9.38722        1.22214        0.39129
C          8.05661        1.45600        0.81535
C          8.65664       -1.96726        2.21284
H          8.32068       -2.64455        1.42206
H          7.95067       -2.04890        3.03439
H          9.62948       -2.32487        2.55386
C         11.09275       -0.72018        0.57489
H         11.21206       -0.74777       -0.50977
H         11.09453       -1.74922        0.92993
H         11.96457       -0.20606        0.99036
C         10.15422        2.01676       -0.63105
H          9.85403        1.72078       -1.64003
H         11.22581        1.84310       -0.54037
H          9.97407        3.08706       -0.52912
C          7.16985        2.56129        0.31159
H          6.44575        2.15959       -0.40121
H          7.75140        3.32832       -0.19809
H          6.61049        3.02950        1.12118
C          5.67562       -1.03409        3.77671
H          4.78754       -0.82986        4.36681
H          6.39020       -1.52036        4.43161
H          5.39040       -1.74408        3.00772
C          4.68393        1.31360        2.29488
H          3.89828        1.22223        3.03898
H          4.36509        0.75179        1.42258
H          4.73842        2.35707        2.00802
C          7.00310        2.47297        5.03803
C          8.27937        3.20790        5.49483
H          8.64136        3.85297        4.68750
H          9.05582        2.47614        5.74371
H          8.07666        3.82025        6.37319
C          5.99008        3.52293        4.54408
H          5.02313        3.05849        4.37918
H          6.33324        3.95245        3.60431
H          5.87701        4.32142        5.27414
C          6.38286        1.75459        6.25266
H          5.58092        1.10061        5.92246
H          5.97970        2.47926        6.95657
H          7.13096        1.15789        6.76980
C         11.32154        2.36450        2.89406
H         11.77897        2.17740        1.90212
C         10.10668        4.27567        1.96471
C         11.20754        4.79397        1.25529
H         12.19147        4.38227        1.42843
C         11.04356        5.84029        0.37169
H         11.90238        6.21916       -0.16546
C          9.79877        6.41592        0.16835
H          9.68127        7.23335       -0.52684
C          8.70851        5.94263        0.88620
H          7.73718        6.39900        0.75063
C          8.85523        4.89697        1.77021
H          8.01309        4.52788        2.35193
C         12.29460        2.55124        3.94001
C         13.57567        1.96687        3.85988
H         13.85736        1.44132        2.95405
C         14.48599        2.08669        4.88794
H         15.46050        1.62641        4.79514
C         14.17104        2.80778        6.03055
H         14.88770        2.90365        6.83207
C         12.93428        3.43472        6.11124
H         12.69339        4.03208        6.98037
C         12.01270        3.31212        5.09373
H         11.06283        3.82809        5.15041
C          9.50532       -1.83913        5.38016
C          9.99347       -3.13242        5.23600
H         10.89714       -3.32276        4.67723
C          9.32092       -4.19948        5.80675
H          9.71105       -5.19996        5.69011
C          8.15488       -3.99178        6.52332
H          7.63612       -4.82746        6.96807
C          7.65129       -2.70799        6.65738
H          6.73421       -2.53887        7.20218
C          8.31812       -1.64368        6.08074
H          7.91485       -0.64292        6.15265
C         11.95150       -0.97557        4.18924
H         12.36969       -1.60516        4.97466
H         12.60982       -0.11953        4.03904
H         11.88825       -1.53629        3.25911
C         10.80516        0.38664        6.31887
H         11.38630       -0.34866        6.87688
H          9.92763        0.65318        6.90567
H         11.41221        1.27771        6.15535
