93
CSD_code = TIRGAC | q = 0 | S = 0 | Stoichiometry = C33H50N6Si3Zr | MND = 7
C          9.14349        5.96882        2.23467
C          9.73166        6.63772        3.32318
H         10.22592        6.05696        4.10632
C          9.71384        8.02054        3.45291
H         10.17881        8.49457        4.30834
C          9.10424        8.80086        2.48486
H          9.09221        9.87809        2.57894
C          8.50798        8.18502        1.39758
H          8.02490        8.78794        0.63948
C          8.52911        6.80158        1.28316
H          8.02842        6.34893        0.42557
C         11.94839        4.02078        2.87886
C         13.27447        4.19334        3.34479
H         14.00374        4.61371        2.67120
C         13.61620        3.81950        4.62065
C         12.61931        3.26933        5.44530
H         12.85212        2.96118        6.45210
C         11.34599        3.13760        4.94307
H         10.54647        2.72381        5.55125
C          8.11796        2.31468        3.91540
C          7.44639        1.59182        4.93439
H          7.41837        0.51613        4.86632
C          6.84393        2.25443        5.97389
C          6.91455        3.65860        6.00019
H          6.46237        4.21122        6.80829
C          7.55771        4.30891        4.97312
H          7.62190        5.39282        4.95605
C          8.26517        2.81789       -0.16038
C          7.65804        2.16416       -1.26222
H          6.58873        2.22871       -1.37300
C          8.42057        1.47341       -2.17045
C          7.80663        0.77299       -3.34229
H          6.73325        0.93895       -3.37714
H          7.99424       -0.29819       -3.27744
H          8.24976        1.13180       -4.27003
C          5.70519        5.01254        2.36223
H          6.63930        5.53099        2.56997
H          5.35161        4.57167        3.28856
H          4.96961        5.74866        2.05526
C          4.92925        4.20693       -0.51510
H          4.61000        3.36150       -1.11670
H          5.49760        4.87158       -1.15863
H          4.03204        4.73543       -0.21070
C          5.25980        1.99204        1.63754
H          5.33891        1.22216        0.87560
H          4.21565        2.06696        1.92430
H          5.82228        1.65210        2.50287
C         11.26628        0.64631        2.07187
H         11.94463        0.54612        2.91622
H         11.34681        1.67038        1.69934
H         11.61568       -0.02807        1.29544
C          9.55252       -0.96953        4.04690
H          8.60360       -1.46416        4.22982
H          9.85039       -0.47110        4.96475
H         10.28403       -1.74541        3.84406
C          8.52047       -0.62146        1.15807
H          7.52158       -0.92089        1.46054
H          9.04938       -1.51553        0.84402
H          8.41932        0.02658        0.29341
C         10.90197        5.42950       -0.91984
H         10.88998        6.42961       -1.34022
H          9.91131        5.21595       -0.51443
H         11.08986        4.73819       -1.73544
C         13.82047        4.52709       -0.30372
H         14.69652        4.72532        0.30592
H         14.01312        4.94260       -1.28742
H         13.73834        3.44963       -0.41266
C         12.64527        7.04504        1.09016
H         13.32060        7.01631        1.93972
H         11.74308        7.55841        1.41019
H         13.11466        7.64547        0.31749
C         10.34377        2.05905       -0.87596
H         11.41349        2.04651       -0.69560
C          9.81231        1.42989       -1.97597
H         10.44485        0.90662       -2.67509
C         15.01035        3.98211        5.14158
H         15.00860        4.61534        6.02754
H         15.65678        4.42926        4.39124
H         15.41995        3.01415        5.42705
C          6.12464        1.52136        7.06361
H          5.07930        1.82563        7.09255
H          6.56514        1.75803        8.03117
H          6.17288        0.44678        6.90874
N          7.65406        3.57286        0.75136
N          9.61444        2.72423        0.02063
N          8.76296        1.80191        2.87488
N          8.13642        3.67932        3.95010
N         11.48889        4.30274        1.66108
N         10.99958        3.49860        3.70887
Si         5.95771        3.67265        1.02418
Si         9.44975        0.26886        2.57979
Si        12.22114        5.28411        0.45715
Zr         9.40300        3.76915        2.05138
