95
CSD_code = TUNMUK | q = 0 | S = 0 | Stoichiometry = C32H58N2Si2Zr | MND = 4
Zr         1.26016       14.03042       20.88420
Si         2.92147       14.16499       23.93364
Si         1.66542       12.93327       17.85065
N          1.95171       14.81921       22.68905
N          2.41647       13.08552       19.38822
C          1.53040       16.15392       22.66495
C          0.41643       16.60060       23.40429
C          0.04396       17.93499       23.34650
C          0.73819       18.84197       22.56886
C          1.82928       18.41101       21.83788
C          2.23629       17.08582       21.87092
C         -0.36928       15.63814       24.26346
C         -0.19173       15.97267       25.74639
C         -1.85367       15.63867       23.88967
C          3.48097       16.66224       21.11448
C          3.36052       16.94215       19.61127
C          4.69798       17.38936       21.69836
C          4.27977       13.14928       23.02921
C          2.00219       12.97763       25.14363
C          3.74197       15.51478       25.02155
C          3.47636       12.22261       19.70688
C          4.80855       12.55548       19.38302
C          5.83329       11.66574       19.66379
C          5.58567       10.45049       20.27102
C          4.28558       10.11635       20.59580
C          3.23199       10.96931       20.30893
C          1.82427       10.56292       20.67448
C          1.66329       10.62161       22.19841
C          1.46393        9.17675       20.13500
C          5.13053       13.87920       18.73296
C          5.56063       13.68153       17.27759
C          6.21916       14.62491       19.50861
C         -0.20016       12.48044       18.03583
C          1.73048       14.57877       16.85892
C          2.44627       11.55238       16.76917
C          0.00199       15.64497       19.93764
C         -0.56678       12.92668       21.62509
H         -0.80357       18.27589       23.92265
H          0.43547       19.87798       22.53705
H          2.37733       19.12675       21.24163
H          0.02887       14.63527       24.07962
H         -0.59217       16.95955       25.96804
H          0.86226       15.96364       26.01164
H         -0.71401       15.24457       26.36392
H         -2.37733       14.85865       24.43852
H         -1.97270       15.45393       22.82385
H         -2.31947       16.59166       24.12877
H          3.62161       15.57387       21.25617
H          3.00632       17.95555       19.43196
H          2.66570       16.23480       19.14968
H          4.33235       16.84101       19.13340
H          5.61670       17.03618       21.23584
H          4.75933       17.21674       22.76954
H          4.62076       18.46104       21.52991
H          3.99515       12.95013       21.99422
H          4.46130       12.19469       23.51079
H          5.22797       13.67792       23.01117
H          1.55005       13.52032       25.96740
H          2.69537       12.26095       25.57293
H          1.21199       12.41327       24.65556
H          4.75967       15.72502       24.70853
H          3.77905       15.22058       26.06522
H          3.18061       16.44252       24.95757
H          6.84752       11.92258       19.39679
H          6.39597        9.76955       20.48418
H          4.08762        9.16559       21.06833
H          1.13697       11.29272       20.22136
H          2.38789        9.96712       22.68022
H          0.66555       10.29744       22.49107
H          1.82872       11.64817       22.54584
H          1.66183        9.12505       19.06694
H          0.40774        8.97379       20.30232
H          2.03834        8.39662       20.62825
H          4.21258       14.47629       18.74424
H          6.46196       13.07461       17.22338
H          5.76641       14.64309       16.81036
H          4.77620       13.18255       16.71607
H          5.95012       14.70629       20.55916
H          6.35815       15.62413       19.09966
H          7.17217       14.10593       19.43990
H         -0.34544       11.41694       18.20698
H         -0.73867       12.73044       17.12691
H         -0.66704       13.02149       18.86012
H          1.22860       15.38327       17.38873
H          1.22646       14.45607       15.90578
H          2.74611       14.89786       16.64801
H          3.34301       11.16133       17.23980
H          2.71938       11.91491       15.78370
H          1.76308       10.72076       16.62955
H         -0.71677       15.98363       20.70180
H         -0.59276       15.30006       19.07898
H          0.53263       16.54934       19.61329
H         -0.53467       12.75976       22.71207
H         -0.78348       11.95291       21.16417
H         -1.45445       13.55185       21.43553
