110
CSD_code = UFIMAY | q = 0 | S = 0 | Stoichiometry = C41H65NOSiTi | MND = 5
Ti        -1.15020        4.15996       10.23611
Si        -1.46782        3.95921        7.49158
O         -0.14990        6.00783       11.44544
N         -1.77262        2.97916        8.88916
C         -0.43230        5.22036        8.46930
C         -0.54785        6.65666        8.42827
C         -1.66228        7.47743        8.30191
C         -1.55087        8.86161        8.34795
C         -2.83467        9.67025        8.25023
C         -2.59093       11.13990        8.61173
C         -1.32728       11.68219        7.96889
C         -0.07191       10.96031        8.47038
C         -0.28101        9.45537        8.47078
C          0.83790        8.64272        8.61670
C          0.72552        7.26409        8.60629
C          1.68713        6.20527        8.77204
C          3.04794        6.19585        9.02256
C          3.73785        4.99944        9.19326
C          5.22302        5.08200        9.50507
C          5.76534        3.72118        9.95637
C          5.26352        2.58997        9.07728
C          3.74182        2.42819        9.16451
C          3.04870        3.77812        9.06562
C          1.67611        3.78087        8.84059
C          0.97786        4.97641        8.68794
C         -3.89258        9.13207        9.22761
C         -3.38293        9.56001        6.82049
C          1.08153       11.35088        7.53292
C          0.27465       11.42211        9.89386
C          5.97327        5.56282        8.25487
C          5.48075        6.07540       10.65009
C          3.35173        1.75544       10.48812
C          3.31290        1.51420        8.00517
C         -2.96887        4.85329       10.96562
C         -0.20184        3.04909       11.73122
C         -3.04122        4.70505        6.67173
C         -0.45088        3.20323        6.03805
C         -2.31116        1.63707        8.91461
C         -3.27037        1.38301        7.74206
C         -3.09677        1.40531       10.21959
C         -1.14866        0.62850        8.83156
C         -0.80297        7.24143       11.78360
C          0.24321        8.16493       12.42238
C          1.56207        7.49532       12.04625
C          1.15649        6.02713       12.01981
H         -2.63154        7.01460        8.18386
H         -3.45102       11.73485        8.29435
H         -2.51433       11.23315        9.69712
H         -1.39372       11.56480        6.88572
H         -1.23580       12.75116        8.17792
H          1.81483        9.08873        8.73719
H          3.57754        7.13540        9.08574
H          5.46072        3.53963       10.98911
H          6.85774        3.74659        9.93831
H          5.74285        1.65277        9.37122
H          5.54021        2.78795        8.04016
H          1.12693        2.84615        8.76302
H         -4.74456        9.80950        9.25357
H         -3.48137        9.05908       10.23362
H         -4.25620        8.15173        8.93323
H         -3.58155        8.52113        6.56883
H         -2.66624        9.94641        6.10020
H         -4.31036       10.12211        6.72447
H          0.95267       10.88399        6.55879
H          2.04709       11.05178        7.93061
H          1.09691       12.43142        7.39986
H          0.44509       12.49716        9.91319
H          1.17685       10.92553       10.24466
H         -0.53111       11.18851       10.58640
H          5.82969        4.87253        7.42758
H          7.03948        5.64488        8.45907
H          5.60601        6.53706        7.94192
H          5.29515        7.10139       10.34634
H          6.51925        6.00547       10.96918
H          4.84138        5.84945       11.50196
H          2.27452        1.60980       10.53352
H          3.64621        2.36611       11.33886
H          3.83560        0.78417       10.57616
H          2.28812        1.17153        8.11803
H          3.95610        0.63631        7.97349
H          3.39975        2.03939        7.05614
H         -3.83351        4.29702       10.58715
H         -3.08560        5.89369       10.63311
H         -3.02663        4.84150       12.06384
H         -0.30983        1.95760       11.67218
H         -0.58130        3.34040       12.72496
H          0.87800        3.25011       11.73505
H         -3.49105        4.00112        5.97925
H         -2.80286        5.60318        6.11164
H         -3.78947        4.95823        7.41827
H         -0.96368        2.36745        5.57161
H          0.52264        2.85440        6.36727
H         -0.28322        3.95009        5.26804
H         -3.72494        0.39900        7.83369
H         -2.73880        1.43462        6.79729
H         -4.05427        2.13533        7.74055
H         -3.35842        0.35351       10.32021
H         -4.01586        1.98867       10.20291
H         -2.50122        1.71450       11.08077
H         -1.51557       -0.39469        8.87488
H         -0.45946        0.79510        9.65912
H         -0.61288        0.77012        7.89549
H         -1.20043        7.66749       10.85677
H         -1.62908        7.03501       12.47555
H          0.16829        9.17927       12.03943
H          0.12427        8.19000       13.50646
H          1.87297        7.80405       11.04992
H          2.36155        7.69520       12.75563
H          1.81250        5.41378       11.39873
H          1.11736        5.61857       13.04182
