123
CSD_code = UZOREH | q = 0 | S = 0 | Stoichiometry = C43H73NP2RuSi3 | MND = 4
Ru         3.13329        0.71100        7.43482
P          1.63675        1.70486        5.98005
P          5.01504        1.94276        7.00200
Si         2.62152        2.56304        8.79661
Si         1.50096       -0.92089       10.13436
Si         3.04568       -2.31743        7.96090
N          2.39719       -0.87354        8.64942
C          2.56337        2.79420       10.71214
H          2.38224        3.83320       10.95994
H          3.50030        2.51551       11.17711
H          1.77656        2.19693       11.14934
C          2.68348       -0.59866       11.60866
H          3.24158       -1.49954       11.84860
H          2.13098       -0.31131       12.49759
H          3.40074        0.18617       11.39729
C          0.71994       -2.62231       10.51916
H          1.47068       -3.40003       10.60959
H          0.01580       -2.93073        9.75428
H          0.18128       -2.57841       11.46072
C          0.02043        0.28500       10.05854
H          0.18810        1.09670        9.36012
H         -0.17800        0.71955       11.03262
H         -0.87950       -0.23849        9.75025
C          1.79235       -3.69290        7.50458
H          0.79276       -3.30604        7.33927
H          1.72803       -4.41815        8.30788
H          2.09602       -4.22894        6.60910
C          4.34660       -3.21495        9.04323
H          5.15419       -2.57394        9.37965
H          4.78771       -4.04860        8.50457
H          3.86230       -3.61552        9.92765
C          3.87381       -1.76020        6.31278
H          3.76750       -0.66401        6.16861
H          3.41535       -2.24529        5.45524
H          4.93263       -2.00188        6.28320
C          0.92673        3.21792        8.17190
C          0.47773        2.75822        6.93167
C         -0.79177        3.10680        6.48106
H         -1.17527        2.73144        5.54413
C         -1.60539        3.92707        7.24333
H         -2.59155        4.18775        6.88560
C         -1.15785        4.40235        8.46334
H         -1.79197        5.04213        9.06053
C          0.09628        4.03798        8.92059
H          0.42891        4.38591        9.88586
C          3.82645        4.00612        8.33513
C          4.92994        3.68791        7.53983
C          5.85303        4.66664        7.19219
H          6.70663        4.43153        6.57533
C          5.67914        5.96900        7.62788
H          6.39919        6.72752        7.35499
C          4.58169        6.29746        8.40456
H          4.44019        7.31685        8.73457
C          3.66766        5.31788        8.75428
H          2.80896        5.58017        9.35375
C          0.46245        0.49315        5.18106
H         -0.35070        1.05441        4.70790
C          1.16088       -0.34825        4.11644
H          1.99113       -0.88641        4.57580
H          1.56747        0.29068        3.32814
C          0.18253       -1.35277        3.51284
H         -0.63229       -0.81603        3.01924
H          0.68952       -1.95584        2.75576
C         -0.38899       -2.25510        4.60158
H          0.42312       -2.82642        5.05390
H         -1.09632       -2.96417        4.16527
C         -1.08207       -1.42279        5.67697
H         -1.46070       -2.07547        6.46662
H         -1.93944       -0.90673        5.23539
C         -0.12404       -0.39563        6.27264
H         -0.64826        0.22414        7.00503
H          0.69269       -0.90100        6.79873
C          2.03108        2.84325        4.52522
H          2.78770        2.30286        3.93984
C          2.67412        4.10701        5.08612
H          1.93234        4.66696        5.66119
H          3.47197        3.82094        5.77439
C          3.22489        4.98607        3.96913
H          3.67583        5.88420        4.39594
H          4.00482        4.44385        3.42791
C          2.10949        5.36304        2.99965
H          1.36578        5.96642        3.52446
H          2.50919        5.96173        2.17833
C          1.44366        4.10527        2.45138
H          2.17357        3.52901        1.87688
H          0.63039        4.37995        1.77572
C          0.89294        3.24051        3.58655
H          0.40710        2.36472        3.15463
H          0.15066        3.81869        4.13771
C          5.90207        2.06490        5.33915
H          5.53825        3.01803        4.92838
C          5.41303        0.94574        4.41823
H          5.81453       -0.01234        4.75675
H          4.32014        0.88700        4.46250
C          5.87167        1.19844        2.98585
H          5.51593        0.39880        2.33221
H          5.44446        2.13869        2.62768
C          7.39451        1.27906        2.92819
H          7.71991        1.50273        1.91011
H          7.81753        0.31111        3.20782
C          7.90967        2.34969        3.88549
H          7.54909        3.32953        3.56246
H          9.00167        2.37185        3.86278
C          7.43129        2.07974        5.31275
H          7.83861        2.84356        5.97647
H          7.82220        1.11431        5.63910
C          6.34920        1.34545        8.17140
H          7.27912        1.89352        7.97936
C          6.54381       -0.15459        7.98138
H          5.57162       -0.63520        8.16134
H          6.85397       -0.38194        6.95796
C          7.56947       -0.70799        8.96572
H          7.68513       -1.78421        8.81470
H          8.54012       -0.23994        8.77898
C          7.13859       -0.42594       10.40183
H          6.20480       -0.95232       10.61311
H          7.89561       -0.79371       11.09793
C          6.91906        1.06949       10.60340
H          7.86483        1.60079       10.46678
H          6.57395        1.26067       11.62164
C          5.89261        1.59570        9.60508
H          5.72506        2.66245        9.76864
H          4.93609        1.07331        9.75016
