114
CSD_code = VEDSEE | q = 0 | S = 0 | Stoichiometry = C44H62LaN3O2Si2 | MND = 5
La         8.64100       -0.46324        2.74030
Si         7.54117       -3.71520        1.88773
Si         9.89720       -3.60572        3.77838
N         10.54966        1.09530        2.44090
N          6.67443        1.03582        2.94395
N          8.70133       -2.83475        2.80749
O          9.01166        0.29747        4.71493
O          8.24796        0.16252        0.72179
C          9.79809        1.08222        5.35607
C          9.58130        1.30228        6.74414
H          8.73270        0.80124        7.18638
C         10.39719        2.10627        7.48988
H         10.19959        2.24517        8.54315
C         11.49011        2.75332        6.90194
H         12.13333        3.38142        7.49846
C         11.72404        2.58715        5.56395
H         12.55672        3.09609        5.09685
C         10.90272        1.77553        4.75438
C         11.18165        1.75489        3.35768
H         12.02008        2.39438        3.05237
C         10.88597        1.36633        1.09167
C         11.35644        0.32172        0.27932
C         11.70889        0.59342       -1.03417
H         12.09346       -0.19839       -1.65798
C         11.58180        1.86583       -1.55751
H         11.86631        2.06482       -2.57994
C         11.07601        2.87806       -0.76815
H         10.95870        3.86492       -1.18854
C         10.72139        2.65560        0.55622
C         10.11456        3.79470        1.34570
H          9.78800        3.41959        2.32047
C          8.88072        4.34693        0.62533
H          9.15129        4.82451       -0.31272
H          8.38502        5.08750        1.24937
H          8.17770        3.54600        0.40828
C         11.13586        4.91200        1.57794
H         12.00651        4.54044        2.11360
H         10.69011        5.71208        2.16523
H         11.47265        5.32850        0.63165
C         11.52097       -1.08155        0.82101
H         11.00249       -1.16119        1.79461
C         13.00730       -1.37849        1.04380
H         13.55350       -1.31830        0.10456
H         13.13867       -2.37586        1.45620
H         13.44045       -0.66021        1.73761
C         10.87474       -2.11486       -0.10531
H          9.84629       -1.82470       -0.31488
H         10.86320       -3.08549        0.38274
H         11.41651       -2.20642       -1.04428
C          7.44923        0.89636        0.03757
C          7.67131        1.05288       -1.35838
H          8.53424        0.55045       -1.77019
C          6.84357        1.80079       -2.14797
H          7.04637        1.89270       -3.20539
C          5.73193        2.45099       -1.59977
H          5.07995        3.03510       -2.23052
C          5.49076        2.34425       -0.25707
H          4.64317        2.85621        0.17891
C          6.32379        1.59201        0.59684
C          6.03322        1.63201        1.99059
H          5.17484        2.26198        2.25774
C          6.31868        1.36627        4.27530
C          6.44699        2.68492        4.74555
C          6.07943        2.96454        6.05545
H          6.16948        3.97398        6.42604
C          5.59575        1.98072        6.89323
H          5.30258        2.22344        7.90370
C          5.50158        0.68142        6.43338
H          5.13410       -0.08803        7.09470
C          5.86549        0.35354        5.13580
C          5.74284       -1.08124        4.67094
H          6.20138       -1.18408        3.67110
C          4.26619       -1.47303        4.55969
H          3.77394       -1.39649        5.52678
H          4.17120       -2.49688        4.20620
H          3.74900       -0.81851        3.86052
C          6.50359       -2.02294        5.60903
H          7.53062       -1.67634        5.72087
H          6.52352       -3.02385        5.18725
H          6.03676       -2.06862        6.59077
C          7.02699        3.79907        3.90207
H          7.36960        3.38469        2.94891
C          5.97569        4.87360        3.60934
H          5.11855        4.45057        3.09031
H          6.40151        5.65513        2.98358
H          5.62251        5.32797        4.53193
C          8.24071        4.42217        4.59834
H          7.95216        4.93698        5.51099
H          8.71734        5.14558        3.94023
H          8.96593        3.65391        4.85652
C          8.25136       -5.00036        0.65554
H          9.05134       -4.59144        0.04885
H          7.47946       -5.35746       -0.01934
H          8.64286       -5.86206        1.18558
C          6.51106       -2.48606        0.83275
H          6.13016       -1.64099        1.40943
H          5.65041       -2.99006        0.40251
H          7.09549       -2.09163        0.00713
C          6.26021       -4.72440        2.90618
H          6.74146       -5.26246        3.71415
H          5.76638       -5.45768        2.27600
H          5.48604       -4.09949        3.33880
C          9.23877       -4.81242        5.11475
H          8.45044       -4.37244        5.71516
H         10.03392       -5.11348        5.78992
H          8.84493       -5.71296        4.65571
C         11.19620       -4.65454        2.82689
H         10.71281       -5.33947        2.14069
H         11.78675       -5.24830        3.51792
H         11.88714       -4.04651        2.25292
C         10.89870       -2.26740        4.72335
H         11.23322       -1.44878        4.08343
H         11.78764       -2.70700        5.16646
H         10.31601       -1.84203        5.53484
