87
CSD_code = VILBIB | q = 0 | S = 0 | Stoichiometry = C29H47CrNO5P2Si2 | MND = 6
Cr         2.62979        2.25724        6.21654
P          1.37034        4.51865        2.91655
P          1.86410        4.11618        4.85493
Si         3.60523        6.52928        5.06631
Si         1.00673        6.23437        6.75236
O          0.45316        0.21612        6.04517
O          3.76675        0.00861        7.82319
O          1.27633        2.81969        8.82992
O          4.76717        3.83674        7.60245
O          4.43499        1.05975        4.12728
N          2.14612        5.64440        5.53681
C          1.27619        2.76271        2.37852
C          0.23160        1.92391        2.80789
C          0.47416        0.55515        2.85310
C          1.65285       -0.01189        2.39536
C          2.52803        0.82441        1.71842
C          2.36114        2.20003        1.67412
C         -1.20709        2.37114        3.08241
C         -1.49817        3.83430        2.74122
C         -2.12641        1.53745        2.16764
C         -1.59026        2.12623        4.54522
C          1.90281       -1.50293        2.55285
C          1.81682       -1.87541        4.03867
C          3.28502       -1.92285        2.04431
C          0.83874       -2.27702        1.76162
C          3.29843        3.03179        0.79462
C          4.09716        2.15449       -0.18235
C          2.46761        3.99470       -0.06451
C          4.31245        3.81432        1.63323
C          5.02360        5.31302        4.68208
C          3.19297        7.59682        3.53880
C          4.19795        7.62463        6.50217
C          1.78998        6.16868        8.48973
C         -0.54996        5.14151        6.69839
C          0.47199        7.99647        6.26070
C          1.22991        1.05417        5.91808
C          3.33339        0.87775        7.20112
C          1.71316        2.71297        7.77029
C          3.98568        3.30658        6.94501
C          3.69244        1.59044        4.82662
H         -0.28518       -0.09025        3.26349
H          3.38144        0.39075        1.23449
H         -2.57581        3.99104        2.72510
H         -1.08118        4.51591        3.48022
H         -1.10592        4.09256        1.75855
H         -3.15947        1.85494        2.29323
H         -1.84558        1.67911        1.12614
H         -2.07842        0.47666        2.39050
H         -2.59704        2.49331        4.73538
H         -1.56425        1.06817        4.78930
H         -0.89877        2.64660        5.20692
H          2.02164       -2.93580        4.17091
H          2.54919       -1.30879        4.61315
H          0.83169       -1.66911        4.44599
H          3.43842       -2.98105        2.24637
H          3.37488       -1.77376        0.97055
H          4.06857       -1.36553        2.55212
H          1.02069       -3.34692        1.83717
H         -0.15950       -2.07446        2.14006
H          0.86939       -1.99404        0.71125
H          4.62557        2.79723       -0.88388
H          4.84244        1.55480        0.33391
H          3.44085        1.50200       -0.75352
H          3.11839        4.54811       -0.73834
H          1.74716        3.43707       -0.65959
H          1.92693        4.71474        0.54591
H          5.03217        4.30707        0.98235
H          4.85147        3.13967        2.29503
H          3.81782        4.57609        2.23235
H          5.57677        5.61835        3.79987
H          4.65584        4.30329        4.51259
H          5.73001        5.26779        5.50505
H          4.07176        8.13574        3.19928
H          2.42611        8.32900        3.76952
H          2.82855        6.99582        2.71043
H          5.08634        8.16487        6.19275
H          3.45946        8.35571        6.80580
H          4.46038        7.03424        7.37274
H          1.05753        5.86527        9.23119
H          2.17413        7.13746        8.79029
H          2.61116        5.45970        8.53342
H         -1.29713        5.50246        7.39815
H         -0.32372        4.11253        6.96507
H         -1.00173        5.14223        5.71062
H         -0.24237        8.38328        6.97956
H          1.30888        8.68373        6.22718
H         -0.00220        8.00833        5.28452
