95
CSD_code = VOFNUA | q = 0 | S = 0 | Stoichiometry = C30H52FeN10Si2 | MND = 4
Fe        -1.46993        6.20520       11.12711
Si        -0.00337        8.97515       10.84293
Si         0.07755        4.37405       12.70696
N         -1.16209        7.99656       11.70293
N         -2.18782        5.69995        9.35473
N         -0.94706        4.26667       11.32843
C         -3.41613        7.76952        9.26454
H         -2.62068        8.22995        9.82707
N         -3.38352        6.17503       12.10704
C         -1.24430        3.28898       10.50697
N         -1.40767        3.48499        9.19922
C         -4.09949        5.01486       12.32681
N         -1.28358        1.97395       10.90180
N         -1.22738        9.45131       13.53580
C         -4.32732        5.81942        8.19909
H         -4.25662        4.77260        7.93869
N         -3.14473        8.34863       12.89705
C         -3.28423        6.41830        8.92101
C         -1.87120        8.52195       12.70044
N         -5.22904        7.62420       12.33310
N         -1.66515        4.69762        7.29572
C         -1.73699        4.64548        8.66035
C         -3.89052        7.35562       12.39309
C         -4.72442        4.80446       13.56369
H         -4.67091        5.58450       14.31040
C         -0.16539        8.87165       14.33639
H         -0.56768        8.36877       15.22704
H          0.51347        9.66131       14.66155
H          0.38263        8.14461       13.74531
C         -1.68880        5.93254        6.55674
H         -1.56379        6.77785        7.22885
H         -2.63302        6.05591        6.01465
H         -0.86783        5.93275        5.83459
C         -4.17042        3.99357       11.37585
H         -3.69855        4.14551       10.42164
C         -2.10582       10.28450       14.32858
H         -2.84493       10.73741       13.67269
H         -1.50561       11.06739       14.79365
H         -2.62886        9.72201       15.11143
C          1.01440        2.78371       13.21309
H          0.49308        2.22378       13.98099
H          1.99521        3.03622       13.60286
H          1.15870        2.13056       12.36006
C          1.44727        5.62449       12.22349
H          2.11558        5.21172       11.47458
H          2.05040        5.91361       13.07858
H          0.99913        6.51991       11.80329
C         -4.53787        8.48419        8.90211
H         -4.61623        9.52685        9.17781
C         -5.39027        3.62604       13.83131
H         -5.86156        3.48583       14.79455
C         -5.44336        6.54620        7.83574
H         -6.23591        6.06180        7.28251
C          0.43231        7.89500        9.32732
H          0.05300        6.88005        9.45395
H          1.50467        7.83400        9.17637
H         -0.00059        8.30062        8.41944
C         -4.85121        2.82453       11.64641
H         -4.91720        2.05928       10.88448
C         -0.84636       10.61007       10.31694
H         -1.70349       10.43640        9.67369
H         -0.15524       11.25227        9.77998
H         -1.19519       11.15307       11.18948
C         -5.46431        2.62756       12.87392
H         -5.99556        1.71004       13.08107
C         -1.31407        3.52848        6.53249
H         -0.25804        3.54131        6.24233
H         -1.92690        3.49164        5.62907
H         -1.50148        2.64973        7.14222
C         -6.14574        6.83128       11.55308
H         -5.60381        6.20307       10.85098
H         -6.79568        7.49740       10.98163
H         -6.76549        6.19369       12.19276
C         -1.78821        1.61205       12.20389
H         -1.88394        2.49864       12.82203
H         -1.11526        0.90076       12.68708
H         -2.77676        1.15037       12.11070
C         -5.55895        7.88241        8.18148
H         -6.43429        8.44642        7.89482
C         -1.49399        0.96121        9.89493
H         -2.54448        0.89067        9.59039
H         -1.17866       -0.00007       10.30195
H         -0.89279        1.20075        9.02216
C          1.64521        9.48398       11.67555
H          1.48957       10.22374       12.45237
H          2.29493        9.92936       10.92792
H          2.18184        8.64732       12.11071
C         -5.73633        8.90395       12.75804
H         -5.03947        9.33830       13.46893
H         -6.70825        8.76144       13.23479
H         -5.85524        9.58946       11.91156
C         -0.92080        5.07788       14.17325
H         -1.49283        5.93715       13.83168
H         -0.27638        5.39545       14.98637
H         -1.62961        4.35935       14.57233
