88
CSD_code = WEQLOT | q = 0 | S = 0 | Stoichiometry = C24H56N4Si3Zr | MND = 5
Zr        13.13012       13.46525        4.37275
N         14.03273       12.26062        5.84772
N         14.03013       15.32699        4.13303
N         12.84253       12.19487        2.68814
N         15.29483       13.10832        3.42679
Si        13.54042       12.35767        7.47825
Si        12.60944       16.30402        4.08047
Si        11.53180       11.11588        2.71833
C         15.72342       11.87464        4.08286
H         15.14938       11.05043        3.65092
H         16.79943       11.68442        3.92024
C         15.41823       11.91762        5.58859
H         16.11522       12.62392        6.07491
H         15.65625       10.92348        6.00182
C         16.15534       14.25729        3.71374
H         16.49589       14.18663        4.75014
H         17.03937       14.27210        3.05454
C         15.32604       15.55594        3.56572
H         15.28636       15.83926        2.49473
H         15.86523       16.37366        4.07685
C         15.10601       12.93333        1.98914
H         14.94115       13.92311        1.55403
H         16.00905       12.50240        1.52060
C         13.88328       12.03703        1.69126
H         14.22157       10.99158        1.61800
H         13.50872       12.29873        0.68653
C         11.62784       12.39798        7.48247
H         11.23778       13.26294        6.95007
H         11.25718       12.43914        8.50041
H         11.21928       11.49956        7.03226
C         14.05615       10.82246        8.51908
H         15.13299       10.69176        8.53911
H         13.62563        9.91977        8.09758
H         13.71596       10.89661        9.54636
C         14.22666       13.94115        8.39740
C         14.20855       15.11619        7.41446
H         14.72992       15.97714        7.83605
H         13.18496       15.41791        7.20045
H         14.67581       14.85552        6.45840
C         13.37259       14.31050        9.61198
H         13.77286       15.19562       10.10703
H         13.35597       13.49753       10.33399
H         12.34998       14.52381        9.31310
C         15.66350       13.72837        8.88111
H         16.03955       14.62754        9.37094
H         16.32666       13.49645        8.05098
H         15.71469       12.90990        9.59425
C         12.84636       18.06344        4.83069
H         11.93096       18.64439        4.80346
H         13.61355       18.62507        4.30732
H         13.15358       17.98158        5.86781
C         11.53098       14.99637        4.93017
H         10.52478       14.94061        4.49879
H         11.39037       15.23109        5.99163
C         11.92229       16.52727        2.26679
C         11.87975       15.13408        1.63721
H         11.55248       15.18596        0.59574
H         11.19287       14.47978        2.18089
H         12.87149       14.67726        1.66872
C         10.51283       17.11607        2.25976
H         10.12471       17.18445        1.24192
H         10.51257       18.11514        2.68865
H          9.83256       16.49839        2.84074
C         12.81988       17.42692        1.41910
H         12.44208       17.50522        0.39746
H         13.83376       17.03533        1.37454
H         12.86390       18.42888        1.83880
C         10.65658       10.88731        1.01982
H         11.23656       10.25206        0.35802
H         10.53657       11.84644        0.52547
H          9.67188       10.44477        1.12099
C         10.33431       11.95911        3.95111
H          9.75585       12.74215        3.46750
H         10.91989       12.40235        4.76852
H          9.62439       11.25447        4.37087
C         11.89209        9.33208        3.43096
C         12.24336        9.46070        4.91677
H         12.63290        8.51769        5.30255
H         11.35596        9.71244        5.49259
H         12.98722       10.24417        5.08276
C         10.67596        8.41391        3.29075
H         10.86378        7.45447        3.77371
H         10.45302        8.22802        2.24345
H          9.79749        8.85798        3.75211
C         13.06887        8.66850        2.71380
H         13.19930        7.64147        3.05773
H         13.99344        9.20515        2.91458
H         12.90847        8.64571        1.63788
