103
CSD_code = WEQLAF | q = 0 | S = 0 | Stoichiometry = C31H64N4Si3Zr | MND = 5
Zr        -1.12699        4.55645       10.51506
Si        -4.04539        4.33062       12.05975
N         -2.90366        5.34870       11.30495
C         -3.60332        6.07368        9.07712
H         -4.39828        5.32496        9.08565
H         -3.93669        6.92952        8.46919
Si         0.43464        7.53533       10.64207
N          0.07877        6.10140        9.78597
C         -3.34771        6.49355       10.53761
H         -2.57313        7.27621       10.55275
H         -4.27330        6.93089       10.93744
Si        -0.08561        2.14664        8.50316
N         -1.41204        2.92755        9.23560
C         -1.48497        6.45234        7.93135
H         -1.72192        7.44434        8.32243
H         -1.58963        6.47608        6.83561
N         -2.38510        5.47098        8.53708
C         -0.03299        6.13080        8.34221
H          0.24525        5.14821        7.92559
H          0.62472        6.88493        7.88670
C         -2.65760        4.32318        7.67213
H         -1.84562        4.21836        6.94918
H         -3.60330        4.44606        7.12106
C         -2.67155        3.04495        8.53527
H         -3.50021        3.10945        9.25970
H         -2.86863        2.18560        7.87777
C         -3.26980        2.57359       12.04913
H         -2.33526        2.56621       11.46978
H         -3.94833        1.84534       11.61486
H         -3.05744        2.23284       13.05657
C         -5.76069        4.17262       11.18098
H         -5.68266        3.65438       10.22863
H         -6.19330        5.14956       10.98750
H         -6.47181        3.61890       11.78427
C         -4.43775        4.89284       13.88396
C         -5.09098        6.27602       13.87231
H         -5.31022        6.60689       14.88768
H         -6.02384        6.25964       13.31377
H         -4.42590        7.00411       13.41352
C         -5.37680        3.91244       14.58682
H         -5.53163        4.21081       15.62387
H         -4.96269        2.90734       14.58184
H         -6.34703        3.88406       14.09847
C         -3.14353        4.98713       14.69408
H         -3.34783        5.35898       15.69870
H         -2.44236        5.66721       14.21365
H         -2.67418        4.01023       14.78882
C         -0.20928        9.17318        9.84137
H         -1.29038        9.26168        9.90994
H          0.05878        9.23028        8.79072
H          0.21113       10.04656       10.32824
C         -0.41193        7.42880       12.36352
H         -1.19336        6.66442       12.36452
H         -0.86321        8.37918       12.63062
H          0.29689        7.18998       13.14892
C          2.35564        7.77443       10.85546
C          2.68076        8.93142       11.79939
H          3.75816        9.01454       11.94394
H          2.21871        8.77981       12.77138
H          2.32258        9.87482       11.39592
C          3.00725        8.05087        9.49943
H          4.08442        8.17914        9.60955
H          2.60373        8.95581        9.05181
H          2.83300        7.22060        8.81872
C          2.96744        6.49293       11.42274
H          4.05414        6.57228       11.47076
H          2.70910        5.64389       10.79125
H          2.60036        6.30468       12.42949
C          0.14912        2.38619        6.59492
H          0.41545        3.40861        6.33758
H         -0.75591        2.13462        6.05003
H          0.94029        1.74813        6.21395
C          1.43925        2.96920        9.32250
H          1.14454        3.90296        9.82406
H          2.21005        3.19471        8.59189
H          1.88527        2.31532       10.06242
C         -0.13093        0.22289        8.78163
C          1.27938       -0.36531        8.78636
H          1.24000       -1.44944        8.89325
H          1.85817        0.03332        9.61530
H          1.80182       -0.13506        7.86075
C         -0.94472       -0.47410        7.68918
H         -1.01517       -1.54323        7.89093
H         -0.48353       -0.34475        6.71379
H         -1.95529       -0.07292        7.64660
C         -0.78801       -0.07102       10.13018
H         -0.80300       -1.14374       10.32509
H         -1.81248        0.29521       10.14203
H         -0.24286        0.41680       10.93432
C         -0.06524        4.06151       12.46738
H          0.61094        4.91698       12.60193
H         -0.87908        4.11809       13.20480
C          0.69289        2.82262       12.65712
C          2.08142        2.77729       12.44405
H          2.59427        3.67872       12.13532
C          2.80825        1.61950       12.63487
H          3.87518        1.62217       12.45668
C          2.18508        0.45916       13.06705
H          2.75409       -0.44575       13.21960
C          0.82389        0.48734       13.32411
H          0.32771       -0.40212       13.68749
C          0.09417        1.64366       13.12795
H         -0.96206        1.64305       13.35878
