89
CSD_code = WOJFOT | q = 0 | S = 0 | Stoichiometry = C27H53BCrNO3PSi2 | MND = 6
Cr         8.86158        4.08753        4.05704
P          9.02691        3.73954        6.43084
O          8.60455        4.41761        1.12032
C         10.55500        3.63651        3.57723
O         11.57911        3.34026        3.11395
C          8.45408        2.37580        3.60389
O          8.20127        1.33923        3.14235
C          8.65927        4.35131        2.28120
B          7.84784        5.85002        3.68020
N          7.51637        6.89385        2.78113
Si         8.81174        7.87792        2.08236
C         10.52370        7.34006        2.73101
H         10.69201        6.27872        2.56632
H         10.64597        7.53705        3.79200
H         11.30892        7.88298        2.21289
Si         5.82561        6.95560        2.26380
C          8.84340        7.68768        0.18853
H          8.68604        6.65311       -0.09952
H          9.80659        7.99534       -0.20659
H          8.08749        8.29139       -0.30085
C          5.38587        5.32778        1.37528
H          4.34381        5.30184        1.07062
H          5.56778        4.46874        2.01571
H          5.99405        5.19349        0.48537
C          5.43494        8.42484        1.12550
H          5.95124        8.36113        0.17625
H          5.68028        9.37743        1.57953
H          4.37072        8.43048        0.91501
C          4.75249        7.18140        3.83478
H          3.71169        7.34132        3.57095
H          5.07738        8.03794        4.41905
H          4.79273        6.31004        4.48072
C          8.54105        9.68783        2.63531
H          9.43800       10.27263        2.45915
H          8.30147        9.76119        3.69208
H          7.73648       10.15980        2.08335
C          7.32110        3.80203        7.21066
H          6.96236        4.81968        6.99352
C          6.39499        2.83126        6.47360
H          6.47373        2.98817        5.39110
H          6.69365        1.80032        6.67830
C          4.95080        3.02969        6.92820
H          4.62399        4.04088        6.67172
H          4.29816        2.32667        6.40714
C          4.83447        2.82778        8.43669
H          5.09254        1.79546        8.68390
H          3.80548        3.00030        8.75798
C          5.77522        3.77408        9.17673
H          5.47665        4.80749        8.98317
H          5.70378        3.60302       10.25309
C          7.21824        3.56537        8.71672
H          7.51466        2.54167        8.95125
H          7.87493        4.24703        9.26163
C          9.96994        5.04527        7.39508
H         10.12870        4.71160        8.42600
C          9.24084        6.38907        7.43001
H          8.30094        6.29945        7.97912
H          9.00828        6.71261        6.41093
C         10.10260        7.45444        8.10720
H          9.56916        8.40760        8.11085
H         10.28062        7.16897        9.14742
C         11.44060        7.60708        7.39241
H         12.04581        8.36580        7.89246
H         11.26956        7.93851        6.36560
C         12.17791        6.27265        7.37816
H         12.39662        5.96938        8.40553
H         13.12774        6.37454        6.85021
C         11.32423        5.20570        6.69928
H         11.85808        4.25296        6.69788
H         11.15751        5.48302        5.65248
C          9.71015        2.12086        7.10086
H          8.82878        1.47039        7.18099
C         10.40904        2.15467        8.46167
H         11.33312        2.73090        8.39014
H          9.77631        2.61368        9.22269
C         10.76037        0.73195        8.89747
H         11.24558        0.75894        9.87585
H          9.84500        0.14334        8.99564
C         11.68034        0.07148        7.87648
H         12.62028        0.62550        7.82517
H         11.91061       -0.94914        8.18806
C         11.02150        0.06404        6.50071
H         10.12085       -0.55330        6.53246
H         11.69799       -0.37244        5.76473
C         10.64712        1.48122        6.07355
H         10.15997        1.45657        5.09695
H         11.55452        2.07984        5.97212
H          6.95807        5.21359        4.20271
H          8.87008        5.95096        4.35226
