51
CSD_code = WUPLOK | q = 0 | S = 0 | Stoichiometry = C21H27NSiTi | MND = 12
Ti         7.82561        4.12615       10.97221
Si         6.31478        1.50314        9.35202
N          6.99149        3.03485        9.72850
C          9.81263        3.02746       10.21547
H          9.89360        2.41422        9.32687
C          9.52243        2.56254       11.50896
H          9.39851        1.52659       11.79887
C          9.64306        3.65296       12.39723
H          9.63469        3.57731       13.47623
C          9.96628        4.79741       11.64743
H         10.23432        5.76700       12.04852
C         10.04199        4.42151       10.28860
H         10.39646        5.05086        9.47800
C          5.66123        4.61326       11.61038
H          4.77637        4.16114       11.18553
C          6.25490        5.82595       11.18983
H          5.87315        6.48592       10.42123
C          7.26843        6.15442       12.11979
H          7.82109        7.08634       12.13886
C          7.29798        5.15579       13.10129
H          7.88738        5.18057       14.00708
C          6.34418        4.17049       12.76399
H          6.06245        3.32197       13.38120
C          7.38448        4.11002        8.94532
H          8.25304        3.93614        8.28594
C          6.42158        5.01409        8.31135
C          6.89324        6.15188        7.64576
H          7.96017        6.34305        7.62443
C          6.02405        7.03328        7.03531
H          6.41476        7.90876        6.53470
C          4.65171        6.81188        7.05235
C          4.17876        5.67391        7.69846
H          3.11511        5.47820        7.71048
C          5.04130        4.79208        8.31650
H          4.65942        3.90599        8.79987
C          3.70159        7.75518        6.37788
H          3.28505        7.29463        5.48129
H          4.20580        8.67385        6.08748
H          2.87265        8.00389        7.03885
C          6.23967        1.27759        7.45578
H          7.23546        1.21131        7.02822
H          5.73615        2.11556        6.98410
H          5.70405        0.37259        7.18901
C          4.55720        1.29481       10.10371
H          3.80450        1.87990        9.58388
H          4.54361        1.58933       11.15070
H          4.24629        0.25627       10.05336
C          7.36896        0.11148       10.14643
H          7.39031        0.22041       11.22869
H          8.39379        0.11416        9.78708
H          6.94679       -0.86341        9.92598
