107
CSD_code = XIQSEW | q = 0 | S = 0 | Stoichiometry = C38H60N6Si2Zr | MND = 5
C          4.22109       10.04298        9.47829
H          3.66741        9.39465       10.17265
H          4.75160        9.36723        8.78380
C          3.14252       10.79147        8.63246
C          3.74175       11.42145        7.33046
H          4.20439       10.58565        6.77508
H          2.88369       11.75677        6.72646
C          2.13983        9.72290        8.17226
H          1.68018        9.21815        9.01883
H          2.66429        8.97213        7.58529
H          1.36259       10.15435        7.54536
C          2.49611       11.89491        9.42362
C          2.71897       13.97571       10.38111
H          3.37652       14.80279       10.62362
C          1.38044       14.04514       10.71584
H          0.98469       14.91549       11.21395
C          0.57164       12.96194       10.40275
H         -0.47674       12.95859       10.66128
C          1.13474       11.88863        9.74136
H          0.51441       11.04836        9.48091
C          6.28722        8.50429       11.72350
H          5.41586        7.85849       11.68614
H          6.85215        8.24347       12.61130
H          6.90416        8.27361       10.86018
C          7.37404       11.41024       11.97127
H          8.21557       10.98391       11.43443
H          7.64770       11.44798       13.02071
H          7.22345       12.43406       11.62089
C          4.56233       10.69681       13.17428
C          3.16819       10.15622       12.85037
H          3.19988        9.08357       12.67119
H          2.76927       10.64725       11.96446
H          2.48180       10.33932       13.67845
C          4.44583       12.20937       13.37132
H          4.17250       12.69223       12.43016
H          5.39549       12.62446       13.70075
H          3.68988       12.44491       14.12305
C          5.04130       10.06166       14.47989
H          4.36958       10.31633       15.30022
H          6.03766       10.41224       14.73598
H          5.07363        8.97926       14.39054
C          5.42101       15.23088        7.85373
H          4.79858       15.42746        8.72884
H          5.58527       16.18506        7.36024
H          6.39760       14.86445        8.18211
C          2.83081       14.57291        6.25333
H          2.38887       13.99230        5.45033
H          2.82292       15.61235        5.94474
H          2.18133       14.48093        7.12041
C          5.66650       13.87579        5.04318
C          5.61464       15.18441        4.25544
H          5.97378       16.01379        4.85952
H          4.59814       15.40492        3.93911
H          6.24079       15.11891        3.36571
C          5.16484       12.74256        4.14634
H          5.76968       12.66901        3.24254
H          4.13206       12.91189        3.84972
H          5.21781       11.79197        4.67127
C          7.12011       13.58391        5.42713
H          7.17878       12.69998        6.06305
H          7.55527       14.42197        5.96790
H          7.72446       13.40942        4.53648
C          5.49490       15.07085       11.51614
C          4.87206       16.62184       13.29301
C          3.43114       16.18778       13.61005
H          2.74644       16.59881       12.87059
H          3.13708       16.54447       14.59451
H          3.35436       15.10210       13.59002
C          5.82686       16.05304       14.35184
H          5.75937       14.96695       14.37000
H          5.57545       16.43910       15.33724
H          6.85234       16.32983       14.11656
C          4.96168       18.15091       13.27350
H          5.97922       18.45989       13.04806
H          4.67268       18.56129       14.23787
H          4.30446       18.55260       12.50608
C          8.67135       13.49831        8.70451
C          8.59309       14.68566        9.45104
H          7.80045       14.80248       10.18348
C          9.52528       15.69141        9.28189
H          9.44179       16.59401        9.87087
C         10.56515       15.55167        8.37715
H         11.29076       16.34080        8.24994
C         10.66199       14.38228        7.63873
H         11.46589       14.25986        6.92650
C          9.73620       13.37273        7.79447
H          9.81238       12.47373        7.19869
C          8.05941       11.20393        8.65072
C          9.27224       10.67919        9.13426
H          9.98334       11.34495        9.60487
C          9.55058        9.33236        9.02752
H         10.48235        8.94995        9.41953
C          8.64918        8.46618        8.42708
H          8.87436        7.41344        8.34872
C          7.46551        8.97211        7.91100
H          6.77641        8.30646        7.40793
C          7.17151       10.31844        8.01346
H          6.27985       10.74121        7.55972
N          5.15766       10.86617       10.19600
N          4.67832       12.48943        7.53147
N          3.28222       12.92882        9.77157
N          5.78481       14.11638       10.85831
N          5.23702       16.16884       11.98486
N          7.69018       12.52637        8.80854
Si         5.79816       10.36374       11.69417
Si         4.60689       13.95545        6.67241
Zr         5.65892       12.67873        9.36919
