104
CSD_code = XOKMEQ | q = 0 | S = 0 | Stoichiometry = C39H56N6Si2Zr | MND = 6
C          5.00148        3.78194        0.17447
H          5.29875        4.73009       -0.31683
H          4.43334        3.21272       -0.57521
C          6.30941        2.97174        0.44929
C          6.09441        1.90519        1.56676
H          5.07714        1.49450        1.43177
H          6.79660        1.08807        1.34335
C          6.67344        2.23899       -0.85119
H          6.86587        2.95176       -1.65110
H          5.84413        1.60233       -1.15126
H          7.54506        1.59984       -0.73042
C          7.40683        3.91494        0.87615
C          8.74015        3.76506        0.48697
H          9.05320        2.91888       -0.10123
C          9.67162        4.72058        0.84970
H         10.70391        4.61747        0.54893
C          9.25206        5.82215        1.58150
H          9.93617        6.61178        1.84898
C          7.92398        5.87621        1.96515
H          7.53709        6.71671        2.53428
C          6.63934        2.03653        5.83269
H          7.64669        2.38481        6.03560
H          6.37631        1.33500        6.61574
H          5.96571        2.88537        5.90287
C          4.96042       -0.01347        4.31430
H          4.09566        0.53171        4.68108
H          5.16040       -0.82208        5.01113
H          4.68391       -0.46173        3.36433
C          8.03282        0.04911        3.90351
C          9.22021        0.87122        3.39718
H          9.50581        1.61987        4.13389
H          8.97220        1.38244        2.46862
H         10.08508        0.23092        3.21454
C          8.42628       -0.58285        5.24001
H          9.29553       -1.23046        5.11656
H          7.61147       -1.18359        5.63504
H          8.67295        0.17897        5.97398
C          7.77440       -1.09164        2.91807
H          8.65648       -1.72829        2.82871
H          7.53334       -0.71479        1.92722
H          6.94562       -1.70809        3.25377
C          1.94520        5.37360        2.60084
H          2.08576        4.90848        3.57297
H          0.90005        5.64943        2.51005
H          2.53748        6.28550        2.57080
C          1.86706        4.86198       -0.46536
H          2.30999        5.83300       -0.66064
H          0.78974        4.98180       -0.48478
H          2.14064        4.20921       -1.28760
C          1.62820        2.44927        1.52145
C          2.12325        1.92050        2.86994
H          1.82910        0.87883        3.00972
H          1.69496        2.50283        3.68417
H          3.21388        2.00243        2.94091
C          2.02365        1.44965        0.43303
H          3.10412        1.32369        0.40644
H          1.69399        1.79286       -0.54530
H          1.57192        0.47408        0.61900
C          0.10317        2.55247        1.55469
H         -0.28137        2.88885        0.59484
H         -0.21691        3.25765        2.31732
H         -0.34307        1.58264        1.77819
C          3.15667        3.38608        6.80707
H          3.28888        2.33129        6.61971
C          2.63727        3.87646        7.97249
H          2.34262        3.18012        8.74348
C          2.48783        5.24617        8.16526
H          2.08036        5.64395        9.07888
C          2.87623        6.07714        7.12080
H          2.76951        7.14877        7.20706
C          3.39569        5.56320        5.96180
H          3.68568        6.18429        5.11965
C          5.07752        6.47554        3.25366
C          5.24508        7.66863        3.45118
C          5.44350        9.05376        3.69913
C          6.65764        9.50303        4.22715
H          7.44082        8.78455        4.43923
C          6.85706       10.84596        4.47865
H          7.80062       11.18277        4.88635
C          5.85322       11.76312        4.21078
H          6.01206       12.81335        4.40830
C          4.64508       11.32744        3.68913
H          3.86050       12.04143        3.48068
C          4.43775        9.98637        3.43441
H          3.49654        9.64351        3.02777
C          8.19635        4.41881        4.45871
H          8.19574        3.59548        3.75109
C          9.37283        4.88959        5.02254
H         10.32184        4.46276        4.73643
C          9.30380        5.91109        5.95697
H         10.19953        6.30587        6.41350
C          8.05463        6.40485        6.30000
H          7.94914        7.18777        7.03444
C          6.93354        5.87638        5.67778
H          5.94344        6.24208        5.92480
N          4.18583        4.04504        1.33003
N          6.30290        2.38535        2.91709
N          7.03082        4.94245        1.64487
N          4.04151        3.69078        4.71062
N          3.56655        4.20034        5.76518
N          6.99504        4.90971        4.76412
Si         2.49465        4.17109        1.21606
Si         6.45414        1.19367        4.12296
Zr         5.20203        4.23199        3.13159
