109
CSD_code = XOVMOL | q = 0 | S = 0 | Stoichiometry = C42H58FeN4Si4 | MND = 4
Fe         3.17020        2.93239        2.44676
Si         0.50018        3.68498        3.31618
Si         6.51929        3.24895        2.40728
Si         3.18633        4.18112       -0.32509
Si         3.71311        0.49706        4.42781
N          2.18272        4.09240        3.55975
N          5.05961        3.67632        3.25066
N          3.04520        2.65857        0.51746
N          3.44713        0.90982        2.75324
C          2.62192        5.06361        4.34048
C          3.94565        5.23645        4.71081
H          4.14349        5.99477        5.45649
C          5.05985        4.51558        4.25331
C          1.67560        6.03584        4.94404
C          1.03639        6.98307        4.15490
H          1.24150        7.01520        3.09593
C          0.16524        7.89447        4.72484
H         -0.32546        8.63040        4.10425
C         -0.07471        7.86846        6.08817
H         -0.75926        8.57647        6.53159
C          0.57446        6.93803        6.88315
H          0.39693        6.92128        7.94860
C          1.45151        6.03160        6.31624
H          1.96083        5.30558        6.93266
C          6.29164        4.79269        5.04123
C          6.98225        5.98797        4.89072
H          6.62758        6.71978        4.17941
C          8.11652        6.23702        5.64316
H          8.65612        7.16417        5.51320
C          8.55686        5.30360        6.56646
H          9.44034        5.50081        7.15587
C          7.85729        4.12045        6.73686
H          8.19294        3.39554        7.46428
C          6.73044        3.86439        5.97693
H          6.17834        2.94516        6.10274
C         -0.54367        3.77491        4.92145
H         -0.88076        4.78482        5.12939
H          0.01495        3.43435        5.78716
H         -1.42509        3.14713        4.83357
C         -0.37607        4.76886        2.00087
H          0.27030        4.96806        1.15308
H         -0.70465        5.72020        2.40617
H         -1.25727        4.25650        1.62716
C          0.44832        1.89291        2.69105
H          0.98792        1.78789        1.75751
H         -0.57734        1.58514        2.51830
H          0.89061        1.20452        3.39981
C          7.04006        4.78653        1.38476
H          7.41102        5.57377        2.03393
H          6.21339        5.19079        0.81331
H          7.83641        4.53958        0.68937
C          8.11339        2.78796        3.37987
H          8.60212        3.66669        3.78845
H          8.82098        2.30315        2.71248
H          7.93185        2.10951        4.20644
C          6.17767        1.79199        1.24570
H          6.24454        0.84348        1.76277
H          6.90146        1.77438        0.43784
H          5.18729        1.86362        0.82107
C          2.80278        1.51691       -0.09459
C          2.92137        0.26755        0.49719
H          2.76887       -0.58842       -0.14550
C          3.30321        0.00491        1.81695
C          2.39809        1.47985       -1.52589
C          3.34833        1.30659       -2.52340
H          4.38871        1.21102       -2.25116
C          2.96187        1.24887       -3.85084
H          3.70648        1.11951       -4.62297
C          1.62319        1.34958       -4.19058
H          1.32272        1.30431       -5.22706
C          0.66985        1.49657       -3.19701
H         -0.37645        1.56134       -3.45803
C          1.05474        1.55823       -1.86957
H          0.31373        1.66516       -1.09085
C          3.52926       -1.44244        2.07042
C          4.80294       -1.93430        2.32140
H          5.63845       -1.25257        2.33622
C          5.00201       -3.28755        2.52986
H          5.99738       -3.66144        2.72231
C          3.93055       -4.16340        2.48832
H          4.08555       -5.21885        2.65771
C          2.66006       -3.68203        2.21795
H          1.82269       -4.36339        2.17489
C          2.46183       -2.33123        1.99943
H          1.47265       -1.95372        1.78490
C          3.37393        5.53358        0.99291
H          2.42136        5.79996        1.43368
H          3.79370        6.43277        0.55523
H          4.02735        5.20722        1.79352
C          1.67199        4.64253       -1.41167
H          1.75835        4.22973       -2.41131
H          1.59511        5.72134       -1.50998
H          0.73732        4.28346       -0.99408
C          4.71702        4.19578       -1.47727
H          4.49268        3.74468       -2.43873
H          5.54712        3.65305       -1.03857
H          5.04959        5.21183       -1.66630
C          3.10683        1.90188        5.55117
H          3.63470        2.82156        5.34636
H          3.28007        1.64267        6.59103
H          2.04825        2.09395        5.42967
C          5.54397        0.15268        4.86925
H          5.81537       -0.88662        4.71437
H          5.73160        0.38193        5.91385
H          6.20494        0.76857        4.27057
C          2.68689       -1.02838        4.98735
H          3.18308       -1.96675        4.76569
H          1.71372       -1.05503        4.50734
H          2.51895       -0.99410        6.05968
