60
CSD_code = YADGOA | q = 0 | S = 0 | Stoichiometry = C17H35Cl3N2Si2Ti | MND = 8
Ti        -1.70178        1.99720        4.21764
Cl        -2.92183        0.22945        4.34600
Cl        -2.70882        2.96402        2.55999
Cl        -2.67513        3.16903        5.75991
Si         0.15686        1.16056        7.20083
Si         0.10189        0.74408        1.33829
N          1.44507        0.03295        7.43757
N          1.36904       -0.40678        1.14066
C          0.21218        1.66806        5.38320
C          0.15157        0.76577        4.28901
C          0.18766        1.49621        3.07180
C          0.28305        2.86894        3.42508
C          0.29746        2.97318        4.83096
C          2.88423        0.25614        7.40932
C          3.22907        1.31774        6.36893
C          3.37602        0.70656        8.79078
C          3.55697       -1.06741        7.02686
C          0.13847        2.75338        8.26239
C         -1.44068        0.16418        7.47696
C          2.78896       -0.34967        1.45172
C          3.23922        1.09929        1.60651
C          3.56271       -1.00563        0.30211
C          3.05572       -1.11018        2.75837
C          0.11049        2.18398        0.08145
C         -1.52296       -0.23886        1.21259
H          1.23075       -0.74227        8.04784
H          1.10113       -1.33514        0.85398
H          0.17718       -0.31500        4.37376
H          0.41069        3.68796        2.72644
H          0.43790        3.88664        5.39767
H          2.83569        1.03420        5.39751
H          4.30789        1.42559        6.29356
H          2.80256        2.27630        6.64722
H          3.14873       -0.04978        9.53877
H          2.88007        1.63009        9.07558
H          4.45021        0.87107        8.78057
H          3.19084       -1.40300        6.06048
H          3.33652       -1.83458        7.76579
H          4.63512       -0.94493        6.96948
H          1.03987        3.34659        8.13509
H          0.05411        2.51516        9.31856
H         -0.70935        3.38044        7.99951
H         -1.48396       -0.70450        6.82468
H         -2.30751        0.78339        7.25703
H         -1.53715       -0.18305        8.50037
H          3.05134        1.64572        0.68785
H          4.30349        1.13525        1.82398
H          2.70115        1.57953        2.41851
H          3.34444       -0.49160       -0.63032
H          3.27609       -2.04970        0.19621
H          4.63282       -0.95965        0.48559
H          2.72059       -2.14119        2.67144
H          2.51409       -0.63629        3.57246
H          4.11687       -1.10857        2.99319
H          0.99702        2.80510        0.16375
H         -0.75584        2.82274        0.23132
H          0.06961        1.80869       -0.93621
H         -1.59419       -0.99653        1.98948
H         -1.62255       -0.73498        0.25294
H         -2.37387        0.42889        1.32725
