92
CSD_code = YICXOY | q = 0 | S = 0 | Stoichiometry = C34H50BrN4OSiY | MND = 9
Y          3.61633        2.48512        7.28865
Br         0.61271        8.56325        3.35597
N          2.79982        3.23678        5.27943
N          2.63657        1.06686        5.77298
N          1.82618        1.78571        3.65276
H          1.58517        0.81435        3.50196
N          3.86791        1.51106        9.19809
O          2.59551        4.45400        8.48116
Si         5.47342        1.80615        9.80623
C          5.96755        3.02892        8.43961
C          6.17530        4.40387        8.44329
C          6.32437        4.86973        7.10718
C          6.20189        3.78886        6.24308
C          5.93515        2.61258        7.02668
C          6.27461        5.30890        9.62984
H          7.24065        5.81574        9.63534
H          6.17644        4.74867       10.55258
H          5.50504        6.08388        9.60372
C          6.59469        6.29913        6.75369
H          7.59178        6.59154        7.08703
H          5.88037        6.96763        7.23841
H          6.53964        6.46216        5.67974
C          6.42816        3.76168        4.75919
H          6.51581        4.76717        4.35395
H          5.60685        3.25758        4.24541
H          7.35260        3.22846        4.52682
C          6.38576        1.23881        6.54791
H          6.04908        1.04071        5.52662
H          6.02799        0.44536        7.20475
H          7.48020        1.20104        6.54420
C          6.62987        0.26491        9.86080
H          6.83157       -0.03127       10.88539
H          7.58572        0.46314        9.38754
H          6.18143       -0.58832        9.35987
C          5.50275        2.46831       11.60685
H          4.79471        3.27288       11.77416
H          6.49130        2.82000       11.88127
H          5.24212        1.66977       12.29300
C          2.87203        0.79142        9.78699
C          3.06503       -0.07663       10.87644
H          4.06278       -0.19359       11.26874
C          2.01464       -0.77928       11.42546
H          2.19879       -1.44196       12.25980
C          0.72818       -0.65245       10.92223
H         -0.08923       -1.20711       11.35696
C          0.50892        0.19679        9.84918
H         -0.48891        0.30844        9.44527
C          1.55434        0.90478        9.29334
H          1.37237        1.57771        8.44321
C          2.40125        2.01203        4.88176
C          2.34807        2.39477        2.43494
H          2.66369        3.41223        2.67827
C          1.23509        2.44681        1.39390
H          0.89145        1.44261        1.15349
H          1.59726        2.91700        0.48407
H          0.39424        3.02203        1.77130
C          3.55740        1.61123        1.91875
H          4.31926        1.54481        2.69402
H          3.98699        2.10741        1.05266
H          3.26535        0.60234        1.63018
C          2.37467       -0.33837        5.51290
H          2.59282       -0.59079        4.45847
C          0.91028       -0.68006        5.81865
H          0.72108       -0.53956        6.88056
H          0.70095       -1.71550        5.55985
H          0.23596       -0.03456        5.25859
C          3.30364       -1.17171        6.39773
H          4.34114       -1.01621        6.10722
H          3.06785       -2.22907        6.29849
H          3.17939       -0.87784        7.44089
C          2.27762        4.40829        4.77247
C          3.09363        5.55048        4.76800
H          4.11494        5.45339        5.10500
C          2.60941        6.77045        4.34820
H          3.24828        7.64075        4.34338
C          1.29253        6.87157        3.92950
C          0.45763        5.76672        3.93413
H         -0.57037        5.86367        3.61786
C          0.94489        4.54639        4.35233
H          0.29260        3.68619        4.37236
C          2.44588        4.45489        9.90994
H          1.94307        3.52975       10.19985
H          3.43768        4.49067       10.37671
C          1.65443        5.71771       10.22090
H          1.75053        6.02438       11.25902
H          0.59959        5.57021        9.98737
C          2.28761        6.70525        9.24373
H          1.62781        7.52982        8.98531
H          3.20541        7.11340        9.66724
C          2.60086        5.82321        8.03095
H          3.57687        6.05271        7.59227
H          1.83330        5.91641        7.25454
