82
CSD_code = YICXIS | q = 0 | S = 0 | Stoichiometry = C31H44BrN2O2SiY | MND = 9
Y          4.41526        8.87793        7.35786
Br        -2.96047       10.38029        7.76941
Si         6.92655        6.99663        6.94749
N          3.06279       10.14028        8.45591
H          3.33996       10.64572        9.30014
N          5.49211        7.47878        6.08490
O          4.38842       10.54751        5.41233
O          3.14111        6.93803        8.29144
C          1.71861       10.20530        8.32289
C          1.07673        9.57644        7.23353
H          1.68919        9.04093        6.50678
C         -0.28872        9.62585        7.07127
H         -0.75795        9.13660        6.23014
C         -1.06203       10.31187        7.99464
C         -0.47410       10.94754        9.07636
H         -1.08609       11.48061        9.78876
C          0.89143       10.89487        9.23683
H          1.34828       11.39041       10.08313
C          6.61175        8.07070        8.48093
C          6.34513        7.76422        9.81437
C          6.08379        8.96034       10.53104
C          6.17555       10.03698        9.65342
C          6.46919        9.53385        8.34831
C          6.37061        6.40700       10.44647
H          5.44505        6.20091       10.98690
H          7.19053        6.34000       11.16445
H          6.51822        5.63979        9.69507
C          5.75017        9.03998       11.98873
H          6.08545        8.14573       12.50808
H          4.67147        9.13633       12.14166
H          6.23046        9.90170       12.44938
C          6.08294       11.49268       10.00791
H          7.08013       11.91584       10.15067
H          5.52513       11.63271       10.93132
H          5.58880       12.06088        9.21829
C          7.21812       10.36802        7.32302
H          6.77352       11.35970        7.21539
H          7.25151        9.88033        6.34923
H          8.24988       10.50855        7.66030
C          8.60713        7.44276        6.11646
H          9.13382        6.54638        5.80476
H          9.25800        7.98049        6.79774
H          8.47032        8.06060        5.23358
C          7.01901        5.09989        7.22041
H          6.10114        4.68908        7.62769
H          7.83601        4.83317        7.88149
H          7.19458        4.60509        6.27110
C          5.09340        7.03554        4.85800
C          5.90823        6.29598        3.98252
H          6.91280        6.05523        4.29241
C          5.44889        5.89295        2.74754
H          6.10360        5.32879        2.09756
C          4.16384        6.20086        2.32638
H          3.81172        5.88119        1.35756
C          3.33772        6.92421        3.17167
H          2.33030        7.16921        2.86280
C          3.79113        7.33139        4.40818
H          3.13321        7.89763        5.07632
C          3.78305       11.83961        5.42688
H          2.87958       11.82388        4.80127
H          3.50295       12.06996        6.45657
C          4.83047       12.79495        4.83677
H          5.40239       13.27642        5.62837
H          4.36034       13.57049        4.23628
C          5.72936       11.86977        3.99657
H          5.76104       12.16338        2.95010
H          6.74690       11.86562        4.38338
C          5.08300       10.48880        4.16725
H          4.36392       10.29381        3.35969
H          5.79632        9.66511        4.21302
C          2.99452        5.62464        7.74325
H          3.76468        5.49355        6.98022
H          1.99974        5.52445        7.28563
C          3.13317        4.69343        8.93968
H          4.18235        4.60569        9.22050
H          2.72691        3.70333        8.75080
C          2.35884        5.46266       10.00943
H          1.29693        5.22397        9.95211
H          2.70758        5.24330       11.01560
C          2.60064        6.92877        9.62566
H          3.33651        7.41359       10.27559
H          1.67239        7.51255        9.64140
