130
CSD_code = YIHPOX | q = 0 | S = 0 | Stoichiometry = C49H66BF5N6Si2Ti | MND = 5
Ti        11.28613       15.48638       14.85340
N         10.07508       14.10697       15.31659
N          7.56090       13.48210       14.93142
N          9.05626       11.80009       15.32926
N         11.39709       17.16339       13.93604
N         13.04955       14.76009       14.87962
N         11.19645       14.90554       12.76889
B          8.95935       13.24556       15.22086
C          6.92345       12.24406       14.86679
C          7.79972       11.25712       15.11172
C          6.74553       14.63687       14.97141
C          6.10312       15.08329       13.81029
C          5.25021       16.17567       13.89155
C          5.04518       16.82956       15.09019
C          5.67844       16.38005       16.23214
C          6.51267       15.27212       16.19925
C          6.32293       14.40885       12.47523
C          5.02752       13.77207       11.96469
C          6.86609       15.41073       11.45349
C          7.12678       14.75797       17.47937
C          6.05444       14.49951       18.54111
C          8.18663       15.73410       17.99133
C         10.13063       11.01578       15.80035
C         10.15408       10.61613       17.14445
C         11.23939        9.88338       17.60339
C         12.27166        9.53231       16.75430
C         12.22925        9.91080       15.42685
C         11.16867       10.65785       14.93296
C          9.04363       11.00712       18.09272
C          8.54335        9.81491       18.91059
C          9.52060       12.13573       19.01067
C         11.12322       11.04277       13.47280
C         12.37811       11.81742       13.06804
C         10.94377        9.79549       12.60272
C         12.69690       17.35593       13.38110
C         13.92428       15.15914       13.80720
C         13.30253       16.07058       12.71788
C         14.43893       16.50890       11.78764
C         12.20675       15.33484       12.00036
C         12.19343       15.12642       10.62097
C         11.12857       14.46563       10.03639
C         10.07818       14.04892       10.84205
C         10.15744       14.29771       12.19941
C          9.74820       18.19201       11.61636
C         10.31756       19.99865       14.04891
C          8.64815       17.36373       14.47714
C         15.04660       12.72083       15.88196
C         14.91272       15.59571       17.06369
C         12.60334       13.54482       17.57240
C         11.31461       16.53133       16.62820
C         11.36322       17.26332       17.60116
C         11.35265       18.08788       18.74635
C         10.39682       19.10222       18.89126
C         10.35971       19.91584       20.01255
C         11.29028       19.73295       21.03232
C         12.24916       18.73026       20.91594
C         12.27358       17.92286       19.78881
Si        10.08051       18.17169       13.51813
Si        13.86265       14.18039       16.29123
H         10.87087       13.53951       15.62639
H          5.87100       12.17879       14.66940
H          7.63664       10.19626       15.13869
H          4.73956       16.52345       13.00591
H          4.38674       17.68451       15.13531
H          5.50628       16.89162       17.16652
H          7.06223       13.61214       12.60488
H          5.20540       13.25846       11.02183
H          4.64690       13.04907       12.68231
H          4.26183       14.52710       11.80451
H          7.08688       14.91007       10.51273
H          6.13720       16.19170       11.25273
H          7.77426       15.87865       11.82666
H          7.62351       13.80788       17.26921
H          5.58882       15.42555       18.86796
H          6.50129       14.02132       19.41015
H          5.27922       13.84487       18.14812
H          8.59184       15.38655       18.94002
H          7.76158       16.72430       18.13973
H          9.00198       15.80632       17.26817
H         11.28338        9.58450       18.63924
H         13.10775        8.95997       17.12791
H         13.03017        9.61449       14.76605
H          8.19903       11.38162       17.50806
H          8.29050        8.98259       18.25715
H          7.65272       10.09766       19.46782
H          9.29273        9.47886       19.62259
H          8.72899       12.41261       19.70387
H          9.79227       13.01017       18.42332
H         10.38951       11.82257       19.58526
H         10.25701       11.69371       13.31766
H         13.26534       11.19417       13.15394
H         12.29774       12.14647       12.03233
H         12.49832       12.69055       13.71271
H         11.78443        9.11597       12.72203
H         10.03510        9.26646       12.88141
H         10.87315       10.07485       11.55325
H         12.68477       18.14047       12.60904
H         13.40937       17.67446       14.16493
H         14.32713       14.26586       13.29427
H         14.79270       15.71025       14.20276
H         14.94038       15.64833       11.34894
H         14.07156       17.15408       10.99273
H         15.17425       17.07135       12.35903
H         13.00968       15.46345       10.00484
H         11.11647       14.28337        8.97204
H          9.22597       13.53546       10.42726
H          9.36640       13.99008       12.87422
H          8.77507       18.61331       11.38745
H         10.48866       18.79608       11.09956
H          9.78603       17.19401       11.18581
H          9.46593       20.60669       13.76265
H         10.42768       20.07163       15.12642
H         11.20173       20.43770       13.59552
H          8.59390       17.77327       15.48115
H          8.81454       16.28469       14.56217
H          7.68428       17.52855       14.00948
H         14.49655       11.84058       15.56347
H         15.62699       12.44350       16.75542
H         15.74834       12.97898       15.09462
H         15.87422       15.70769       16.57036
H         14.37908       16.54088       16.98275
H         15.10685       15.42229       18.11624
H         13.10549       13.38245       18.51955
H         12.16306       12.59762       17.27707
H         11.81040       14.27033       17.73908
F          9.49263       19.28922       17.91844
F          9.43426       20.87752       20.12317
F         11.26193       20.51501       22.11804
F         13.14305       18.55064       21.89682
F         13.20153       16.96058       19.69910
