138
CSD_code = YIJPOZ | q = 0 | S = 0 | Stoichiometry = C45H83FeN5Si4 | MND = 3
C         -0.83396        7.66409        5.09445
H         -1.48530        8.46476        4.81363
C         -0.09089        5.67029        5.61068
H         -0.09108        4.61320        5.74202
C          1.02991        6.51464        5.64354
C         -2.49565        5.87577        5.12283
C         -3.02297        5.68278        3.84394
C         -4.31438        5.18309        3.73741
H         -4.74685        5.02599        2.76185
C         -5.05265        4.87940        4.86437
H         -6.05542        4.49228        4.76316
C         -4.50819        5.06338        6.12040
H         -5.09239        4.81633        6.99272
C         -3.22099        5.56093        6.27510
C         -2.22333        5.98240        2.59810
H         -1.22505        6.32486        2.88380
C         -2.89155        7.09271        1.78337
H         -3.87197        6.78123        1.43224
H         -2.28120        7.34037        0.91837
H         -3.01625        7.98995        2.38653
C         -2.05323        4.71459        1.75785
H         -1.59039        3.93057        2.35278
H         -1.41664        4.91963        0.90010
H         -3.01113        4.35262        1.39338
C         -2.64561        5.75340        7.65845
H         -1.61580        6.11082        7.57749
C         -3.45231        6.80076        8.43099
H         -3.48022        7.74253        7.88675
H         -2.99608        6.97666        9.40217
H         -4.47504        6.46773        8.58907
C         -2.61364        4.42286        8.41340
H         -3.61839        4.04740        8.59036
H         -2.12550        4.55566        9.37588
H         -2.06033        3.68004        7.84521
C          1.11462        9.07318        5.26025
C          1.18905        9.85456        6.42076
C          1.72376       11.13018        6.31644
H          1.79154       11.75624        7.19149
C          2.16533       11.61845        5.10034
H          2.57610       12.61526        5.03862
C          2.07890       10.83721        3.96382
H          2.42169       11.23230        3.02011
C          1.55065        9.55555        4.02116
C          0.66772        9.32355        7.73671
H          0.72904        8.23070        7.71454
C         -0.80307        9.72057        7.90646
H         -0.90585       10.80389        7.88791
H         -1.18081        9.35246        8.85746
H         -1.41389        9.30385        7.10919
C          1.47527        9.81710        8.93824
H          2.54233        9.71023        8.76014
H          1.21352        9.23430        9.81879
H          1.26088       10.86112        9.15459
C          1.45518        8.70503        2.77665
H          1.14484        7.69575        3.06196
C          2.81050        8.58593        2.07779
H          3.13194        9.54144        1.67091
H          2.74106        7.87246        1.26001
H          3.56560        8.23454        2.77627
C          0.40288        9.27876        1.82458
H         -0.56737        9.33687        2.31335
H          0.31011        8.64489        0.94579
H          0.68195       10.27861        1.50015
C          3.36374        7.02471        5.91494
H          3.11159        8.01101        5.49866
C          3.86886        7.20665        7.34953
H          4.11437        6.21453        7.73426
H          3.07227        7.61754        7.96847
C          5.08937        8.11883        7.38407
H          4.81762        9.10608        6.99654
H          5.43057        8.24754        8.41439
C          6.21315        7.53331        6.53583
H          7.07567        8.20466        6.53809
H          6.52385        6.58033        6.96563
C          5.73306        7.30546        5.10606
H          6.52940        6.84651        4.51545
H          5.49390        8.27073        4.64902
C          4.49605        6.41401        5.08817
H          4.16058        6.24779        4.06384
H          4.71551        5.44023        5.52908
C          4.24341        3.06132        3.85592
H          4.46497        3.40896        4.86051
H          4.75554        3.70606        3.15045
H          4.65840        2.06504        3.75233
C          1.84810        4.69688        2.72175
H          0.79432        4.70222        2.46699
H          2.41173        4.83752        1.80454
H          2.04001        5.54140        3.37116
C          1.87016        1.65437        2.42002
H          2.24468        0.70060        2.77285
H          2.27707        1.82239        1.42799
H          0.79312        1.56947        2.32444
C         -1.32668        2.13123        5.01407
H         -1.75185        3.10042        5.25387
H         -2.01017        1.37514        5.38798
H         -1.30860        2.04338        3.93260
C          0.82150        0.01587        5.41558
H          0.58987       -0.26713        4.39484
H          0.23709       -0.62205        6.07182
H          1.86893       -0.20483        5.58894
C          0.44700        2.15106        7.61428
H          1.39101        1.80259        8.02178
H         -0.35412        1.63276        8.12974
H          0.37270        3.20859        7.83978
C          4.06515        5.34720       10.66449
H          4.98256        4.80317       10.86007
H          3.63775        5.62381       11.62343
H          4.33207        6.26148       10.14642
C          1.34008        5.35221        9.14290
H          1.31513        5.43511        8.06009
H          1.40464        6.35051        9.56189
H          0.40403        4.92047        9.47736
C          2.22020        2.92183       10.86125
H          1.59187        2.19143       10.36421
H          1.64045        3.35963       11.66861
H          3.05252        2.39178       11.31026
C          4.37623        1.24476        6.86596
H          3.98548        0.40720        7.43443
H          5.20041        0.87544        6.26611
H          3.59191        1.58706        6.19464
C          5.53769        1.88876        9.65429
H          5.81553        2.64484       10.37968
H          6.41049        1.26859        9.47605
H          4.77721        1.26234       10.10645
C          6.43484        3.57920        7.28138
H          6.22398        3.98397        6.29824
H          7.27849        2.90331        7.18180
H          6.74740        4.39909        7.92034
N         -1.18212        6.39669        5.26028
N          0.50050        7.79493        5.32806
N          2.23583        6.12739        5.90244
N          1.62197        2.97522        5.16655
N          3.54028        3.70136        8.18266
Si         2.34774        3.07321        3.61065
Si         0.43890        1.86630        5.72997
Si         2.83611        4.27673        9.65246
Si         4.91947        2.66947        8.02168
Fe         2.59805        3.79741        6.60012
