59
CSD_code = YIMJIN | q = 0 | S = 0 | Stoichiometry = C20H34N2Si2Ti | MND = 9
Ti         1.60448        4.80484        3.88126
Si         3.44212        2.85296        6.31672
Si         2.38021        2.73708        0.96839
N          2.85543        3.39161        4.77489
N          2.42231        3.34505        2.59205
C          2.19210        6.91053        4.78095
C          1.30473        7.12081        3.69993
C          1.96060        6.71434        2.51775
C          3.23926        6.24440        2.86988
C          3.38317        6.36629        4.26421
C          2.82542        2.69368        3.65974
C          3.12573        1.24040        3.63299
C          2.07420        0.36547        3.88612
C          2.28806       -1.00114        3.87254
C          3.55193       -1.50266        3.60637
C          4.60043       -0.63411        3.35527
C          4.39051        0.73453        3.36822
C          0.39661        4.56536        5.57545
C         -0.18078        4.41365        2.86326
C          2.08488        4.22666       -0.19367
C          4.04711        1.97476        0.40695
C          1.01220        1.42157        0.70120
C          2.20501        1.68152        7.19569
C          5.12965        1.94744        6.24666
C          3.75310        4.42656        7.36187
H          2.02975        7.24132        5.79965
H          0.35255        7.63808        3.75266
H          1.58667        6.85328        1.51173
H          4.01725        5.94244        2.17960
H          4.28940        6.17676        4.82498
H          1.09270        0.77401        4.09076
H          1.46888       -1.67739        4.06909
H          3.71900       -2.56958        3.59529
H          5.58662       -1.02389        3.14900
H          5.20747        1.41302        3.17606
H          0.98375        4.68202        6.49038
H         -0.06080        3.56797        5.61405
H         -0.42009        5.29708        5.62053
H         -0.50716        3.37459        3.00589
H         -0.02967        4.55893        1.79033
H         -1.01558        5.05925        3.16242
H          2.18342        3.90933       -1.22683
H          2.80822        5.01815       -0.02480
H          1.09425        4.65395       -0.08202
H          4.17037        0.95969        0.76923
H          4.89442        2.55757        0.75542
H          4.09751        1.94383       -0.67667
H          0.88460        1.20567       -0.35465
H          1.25888        0.48866        1.20028
H          0.05453        1.75870        1.08655
H          1.20225        2.09704        7.21531
H          2.15400        0.71887        6.69442
H          2.50755        1.50041        8.22210
H          5.02556        0.91478        5.93138
H          5.82144        2.43456        5.56631
H          5.58813        1.94532        7.23051
H          3.68242        4.19388        8.41937
H          4.74935        4.82210        7.18761
H          3.04271        5.21832        7.14730
