63
CSD_code = YOMGUC | q = 0 | S = 0 | Stoichiometry = C15H39ClMoN4Si3 | MND = 5
Mo         3.57588        3.57269        3.57252
Cl         4.94890        4.94465        4.94482
N          2.34036        2.33753        2.33834
C          0.97748        2.43766        2.85447
C          0.66303        3.90557        3.16092
N          1.85721        4.56104        3.64445
Si         1.85743        6.28998        3.85777
C          3.27812        6.99137        2.77776
C          0.20764        7.02705        3.22177
C          2.03104        6.78653        5.69441
H          0.24890        2.01213        2.14739
H          0.93870        1.87325        3.78927
H         -0.13949        3.94666        3.91103
H          0.27556        4.40620        2.26140
H          4.03046        7.45793        3.40472
H          2.93346        7.73618        2.06651
H          3.76840        6.18657        2.22513
H          0.19160        8.09947        3.38018
H         -0.64552        6.60749        3.74397
H          0.06426        6.85376        2.15985
H          2.97370        6.43077        6.09757
H          1.22840        6.38676        6.30751
H          2.01622        7.86712        5.79423
N          3.64274        1.85542        4.56310
N          4.56261        3.64510        1.85318
C          2.85608        0.97457        2.43873
C          2.43965        2.85269        0.97507
C          3.16272        0.66036        3.90678
Si         3.85227        1.85666        6.29250
C          3.90721        3.15985        0.65971
Si         6.29163        3.85771        1.85359
H          2.14870        0.24605        2.01361
H          3.79064        0.93538        1.87396
H          2.01421        2.14485        0.24716
H          1.87470        3.78715        0.93582
H          3.91474       -0.14040        3.94799
H          2.26389        0.27053        4.40679
C          2.77512        3.28108        6.99038
C          3.20994        0.20942        7.02990
C          5.68890        2.02562        6.79100
H          3.94753        3.90900       -0.14375
H          4.40827        2.26017        0.27311
C          6.99278        2.77965        3.27604
C          7.02922        3.21874        0.20514
C          6.78746        5.69491        2.02398
H          3.40377        4.03466        7.45269
H          2.06527        2.93979        7.73811
H          2.22120        3.76876        6.18502
H          3.36541        0.19442        8.10276
H          3.73108       -0.64565        6.61288
H          2.14808        0.06858        6.85397
H          6.09590        2.96576        6.43278
H          6.29965        1.21953        6.39453
H          5.78736        2.01384        7.87173
H          7.46234        3.40730        4.02599
H          7.73520        2.06558        2.93188
H          6.18758        2.23028        3.76932
H          8.10166        3.37695        0.18936
H          6.61013        3.73954       -0.64914
H          6.85584        2.15658        0.06354
H          6.43202        6.09959        2.96613
H          6.38688        6.30638        1.22046
H          7.86796        5.79530        2.00832
