84
CSD_code = YOXZAM | q = 0 | S = 0 | Stoichiometry = C34H44IrNP2Si2 | MND = 7
Ir         2.58725        3.31540       -0.60219
P          1.91280        3.97410        1.50790
P          3.68999        1.31059       -0.27615
Si         4.49042        5.61606        1.14793
Si         6.00226        3.30825       -0.19653
N          4.61643        4.24357        0.14310
C          2.71035        5.56231        1.89715
C          5.46189        1.47295        0.09166
C          4.71556        7.29806        0.25299
C          5.61853        5.75904        2.68481
C          6.76389        3.47282       -1.95115
C          7.50446        3.53778        0.95474
C          2.38615        2.93778        2.93471
C          3.72882        2.58578        3.03244
C          4.16473        1.75711        4.04752
C          3.26098        1.26140        4.97404
C          1.92332        1.60160        4.87804
C          1.48286        2.43211        3.86161
C          0.15136        4.31600        1.87455
C         -0.21356        5.10027        2.96569
C         -1.54518        5.37329        3.21843
C         -2.52971        4.86701        2.38488
C         -2.17587        4.08326        1.29968
C         -0.84285        3.80998        1.04700
C          3.08279        0.11383        0.97154
C          1.79494        0.23965        1.47619
C          1.32032       -0.65770        2.41518
C          2.13033       -1.68956        2.85851
C          3.41048       -1.82962        2.34874
C          3.88399       -0.93591        1.40571
C          3.62655        0.23103       -1.74653
C          2.50950       -0.57678       -1.94125
C          2.40296       -1.36379       -3.07206
C          3.40463       -1.34596       -4.02970
C          4.50867       -0.52957       -3.85307
C          4.61793        0.25749       -2.72006
C          3.30225        3.56983       -2.64555
C          2.11362        4.30660       -2.50250
C          1.99683        5.26311       -1.48010
C          0.71411        6.03435       -1.31966
H          1.29656        2.53374       -0.90056
H          2.09138        6.34512        1.46050
H          2.73059        5.70293        2.97747
H          5.58541        1.24662        1.14999
H          6.03738        0.74832       -0.48131
H          5.60849        7.26473       -0.36316
H          3.88488        7.57127       -0.39051
H          4.84643        8.10201        0.97066
H          5.58291        4.87735        3.31613
H          6.64761        5.91045        2.38264
H          5.33261        6.61087        3.29563
H          7.74040        2.99744       -1.98696
H          6.15911        3.03829       -2.74002
H          6.90955        4.52177       -2.19186
H          7.24640        3.42812        2.00122
H          8.28772        2.82101        0.72896
H          7.92144        4.52884        0.82023
H          4.41588        2.97202        2.29494
H          5.20969        1.48981        4.11781
H          3.59828        0.60817        5.76533
H          1.21535        1.21297        5.59589
H          0.43343        2.67861        3.78849
H          0.54770        5.49314        3.62448
H         -1.81754        5.98298        4.06809
H         -3.56912        5.08466        2.58242
H         -2.94072        3.68639        0.64807
H         -0.55281        3.20672        0.19851
H          1.17784        1.05681        1.12422
H          0.31868       -0.55056        2.80488
H          1.76429       -2.38708        3.59754
H          4.04022       -2.64038        2.68601
H          4.87919       -1.05667        1.00192
H          1.72581       -0.57972       -1.19727
H          1.53545       -1.99261       -3.21064
H          3.32199       -1.96149       -4.91343
H          5.28722       -0.50405       -4.60234
H          5.47629        0.90065       -2.59661
H          4.23679        4.08370       -2.46764
H          3.34649        2.81621       -3.42338
H          1.22414        4.01126       -3.05643
H          2.88725        5.82972       -1.22722
H          0.57291        6.36365       -0.29142
H          0.73054        6.92473       -1.95323
H         -0.14549        5.42933       -1.60039
