113
CSD_code = AFOSUM | q = 0 | S = 0 | Stoichiometry = C30H70CrN2O8Si2 | MND = 4
Cr         6.40163       10.78252        1.05705
Si         3.33885        9.84838        0.10864
Si         6.67259       11.60428        4.32030
O          4.75655        9.65949        0.77144
O          6.21129       11.70575        2.81935
O          5.50075       11.87326        5.43298
O          7.35465       10.16272        4.74665
O          2.15419        8.81216        0.53285
O          3.55236        9.60635       -1.52113
O          7.90249       12.69593        4.45197
O          2.68346       11.33921        0.37120
N          8.34024       11.86348        0.86742
N          7.14931        9.98977       -0.89190
C          8.82949       11.71904       -0.50344
H          9.90330       11.95449       -0.57301
H          8.29259       12.42418       -1.14181
C          6.91561        8.88412        4.34367
C          7.56414        7.87562        5.30166
H          8.64535        7.99092        5.28626
H          7.30942        6.85877        5.01524
H          7.21460        8.05925        6.31385
C          8.57525       10.29874       -0.99596
H          8.93462       10.18983       -2.03160
H          9.13186        9.59415       -0.37389
C          1.91209        8.17164        1.76327
C          8.14728       13.27781        1.17948
H          7.39462       13.70388        0.52018
H          9.08384       13.84053        1.06838
H          7.80065       13.35365        2.20768
C          3.91400       12.97265        6.79574
H          3.66083       12.01532        7.24340
H          3.03617       13.61339        6.80503
H          4.69803       13.43259        7.39176
C          5.39495        8.78013        4.40775
H          5.04707        9.17253        5.35852
H          5.07376        7.74795        4.29932
H          4.96919        9.37977        3.60735
C          2.73382        8.94431       -2.46465
C          4.40330       12.75860        5.35852
C          0.54775        7.48240        1.63732
H         -0.22353        8.22503        1.45051
H          0.31119        6.94488        2.55171
H          0.55838        6.78123        0.80600
C          1.29439        9.45175       -2.38800
H          0.92012        9.28747       -1.38352
H          0.66757        8.92721       -3.10507
H          1.26577       10.51691       -2.59944
C          6.94538        8.54279       -0.90573
H          7.48257        8.08448       -0.07744
H          7.28978        8.09913       -1.84961
H          5.88212        8.35290       -0.77644
C          9.33062       11.33866        1.80522
H          8.93794       11.43724        2.81276
H         10.27419       11.89769        1.73164
H          9.53298       10.28961        1.60352
C          3.30061       12.11554        4.51331
H          3.70167       11.87770        3.53158
H          2.45351       12.78884        4.40927
H          2.96463       11.19437        4.98138
C          8.02933       13.03096        6.85318
H          7.26689       13.80353        6.80713
H          8.71530       13.25526        7.66655
H          7.53979       12.08034        7.03672
C          4.81500       14.09359        4.73620
H          5.62600       14.53580        5.30808
H          3.97320       14.78123        4.71624
H          5.17116       13.91935        3.72580
C          3.18357       12.60140        0.00386
C          6.43611       10.54962       -2.03946
H          5.38410       10.28166       -1.95575
H          6.83287       10.14830       -2.98265
H          6.52633       11.63352       -2.06037
C          3.32225        9.24539       -3.85051
H          3.33730       10.31847       -4.02589
H          2.72037        8.77161       -4.62132
H          4.33991        8.86824       -3.91678
C          8.78061       12.96197        5.52443
C          1.88560        9.19634        2.89342
H          2.85415        9.68054        2.94407
H          1.66178        8.71914        3.84405
H          1.13773        9.95480        2.67993
C          3.01348        7.13721        2.01237
H          2.98521        6.36970        1.24192
H          2.88865        6.67066        2.98587
H          3.97249        7.64371        1.96203
C          2.76920        7.43641       -2.20112
H          3.79334        7.07355       -2.25165
H          2.16403        6.90530       -2.93123
H          2.38456        7.25376       -1.20381
C          3.05457       12.78838       -1.51345
H          3.59877       11.99742       -2.01961
H          3.44551       13.75638       -1.81805
H          2.00821       12.72573       -1.80091
C          9.84521       11.86174        5.60069
H          9.34276       10.90228        5.66972
H         10.48031       12.00685        6.47059
H         10.46345       11.87028        4.70598
C          2.32294       13.64362        0.73170
H          1.28090       13.51944        0.44968
H          2.64473       14.65009        0.47699
H          2.40838       13.50041        1.80470
C          7.38067        8.61653        2.90495
H          6.98518        9.41136        2.25463
H          6.99931        7.65747        2.56470
H          8.46741        8.61203        2.86433
C          9.43792       14.31470        5.22106
H          9.96158       14.26735        4.26955
H         10.14469       14.57603        6.00412
H          8.67709       15.08811        5.15441
C          4.64897       12.77912        0.42410
H          4.72086       12.78357        1.50865
H          5.02649       13.72428        0.04040
H          5.25382       11.95179        0.02487
