117
CSD_code = CIBMOQ | q = 0 | S = 0 | Stoichiometry = C36H66N2O10Si2Ti | MND = 6
Ti         3.10539        2.06272        5.28493
Si         3.55099        4.36105        2.93284
Si         1.76702       -0.93361        4.93747
O          1.66333        2.86776        6.06235
O          4.82483        1.43730        5.18388
O          3.21142        3.11006        3.85533
O          4.54782        4.03013        1.67577
O          2.19473        5.02315        2.28497
O          2.27095        0.56776        4.78305
O          1.02583       -1.45642        3.56224
O          0.75299       -0.95740        6.22708
O          2.91623       -2.03333        5.30008
N          3.12898        1.16566        7.31419
N          4.26764        3.63854        6.39189
C          1.00104        2.20097        7.05739
H          0.25198        1.49877        6.63478
H          0.46336        2.91114        7.72101
C          1.94015        1.34963        7.87537
C          1.61074        0.78248        9.10542
H          0.64905        0.98176        9.55432
C          2.53354       -0.03609        9.72839
H          2.30761       -0.49481       10.68094
C          3.75687       -0.26182        9.10866
H          4.49306       -0.91069        9.55638
C          4.00988        0.36978        7.90373
H          4.95081        0.24957        7.37981
C          5.83249        2.36267        5.13476
H          5.93483        2.78677        4.11337
H          6.80507        1.90375        5.41167
C          5.54385        3.53152        6.04343
C          6.51235        4.42592        6.49654
H          7.54492        4.30064        6.20611
C          6.12340        5.46428        7.32108
H          6.85040        6.17091        7.69667
C          4.78045        5.58544        7.65741
H          4.43830        6.39200        8.28683
C          3.88984        4.64871        7.16250
H          2.83114        4.69576        7.38927
C          5.09287        6.59150        3.42324
C          5.08132        7.58935        4.58697
H          4.05597        7.84152        4.84417
H          5.61230        8.49652        4.30990
H          5.55536        7.15042        5.45973
C          6.52721        6.16435        3.09846
H          6.98780        5.72121        3.97787
H          7.11821        7.01632        2.77226
H          6.49146        5.41968        2.30956
C          4.45618        7.23252        2.19148
H          4.46772        6.52207        1.37260
H          4.99999        8.13019        1.90753
H          3.42227        7.48732        2.40199
C          4.51587        2.93739        0.77113
C          5.58691        3.22624       -0.28840
H          6.55592        3.35323        0.18751
H          5.34339        4.14149       -0.82147
H          5.64537        2.40532       -0.99783
C          0.92182        5.15029        2.90006
C          0.12011        6.11824        2.02110
H          0.60141        7.09261        2.00580
H         -0.89191        6.22720        2.40162
H          0.07980        5.74089        1.00296
C          0.24212        3.77943        2.95364
H          0.14263        3.37525        1.94901
H         -0.74400        3.86484        3.40334
H          0.86095        3.10895        3.55592
C          1.06120        5.69741        4.32113
H          1.54700        4.94338        4.94047
H          0.08242        5.93411        4.73216
H          1.67410        6.59522        4.31251
C          0.27024       -0.67910        2.64583
C          1.21801        0.20058        1.82649
H          1.77694        0.84171        2.51103
H          0.65398        0.80811        1.12356
H          1.91830       -0.42048        1.27253
C         -0.73047        0.20857        3.38722
H         -1.38025       -0.40279        4.00832
H         -1.33613        0.77113        2.68133
H         -0.18278        0.89753        4.02755
C         -0.46273       -1.67409        1.73825
H          0.25678       -2.31612        1.23718
H         -1.04735       -1.14430        0.99112
H         -1.12429       -2.30029        2.33094
C          0.11322       -2.06030        6.84662
C         -0.42043       -3.05007        5.81128
H         -1.10121       -2.54508        5.13273
H         -0.94458       -3.86589        6.30321
H          0.40645       -3.44351        5.23005
C         -1.04994       -1.48508        7.66404
H         -0.67168       -0.76987        8.38879
H         -1.57452       -2.28078        8.18670
H         -1.74626       -0.97228        7.00562
C          1.10952       -2.77285        7.76501
H          1.97540       -3.05626        7.17586
H          0.65667       -3.65639        8.20782
H          1.43539       -2.10159        8.55464
C          4.02731       -2.48224        4.54256
C          3.60800       -3.75819        3.80372
H          3.33670       -4.53278        4.51722
H          4.41679       -4.12071        3.17460
H          2.74027       -3.53532        3.18923
C          5.14609       -2.77882        5.54729
H          5.45488       -1.85046        6.01984
H          5.99869       -3.22831        5.04480
H          4.78630       -3.45919        6.31538
C          4.49023       -1.42117        3.54781
H          3.73364       -1.29013        2.78050
H          5.42701       -1.72068        3.08318
H          4.61841       -0.47014        4.06656
O          4.37080        5.44729        3.84930
C          3.14017        2.83764        0.11503
H          3.13439        2.06216       -0.64672
H          2.88303        3.79229       -0.33589
H          2.40371        2.60778        0.87725
C          4.84021        1.64019        1.51915
H          4.19401        1.55417        2.39560
H          5.87469        1.65197        1.85581
H          4.69275        0.78156        0.86943
