138
CSD_code = ZEQMOA | q = 0 | S = 0 | Stoichiometry = C47H79ClN2O7SiTi | MND = 6
Ti        22.13492       11.19752       13.56249
Cl        22.27422       13.39765       14.00196
Si        22.73401       10.75148       10.41100
O         20.41914       11.23719       13.21305
O         23.62199       10.76554       14.42357
O         21.30264       10.97956       15.82233
O         22.86300       11.15920       11.94837
O         21.15995       10.35206       10.24858
O         23.57850        9.40422       10.02127
O         23.24221       11.95373        9.41812
N         20.80190        8.49079       12.96071
N         22.92434        8.26510       13.37876
C         21.88420        9.09296       13.44301
C         21.07044        7.10788       12.55061
H         20.76114        6.94864       11.51738
H         20.52833        6.41369       13.20312
C         22.58069        6.99373       12.73033
H         22.85722        6.14935       13.36705
H         23.10286        6.92072       11.77254
C         19.53368        9.07280       12.83856
C         18.44120        8.27236       12.53339
H         18.58710        7.21235       12.40082
C         17.16664        8.80176       12.39634
C         17.01044       10.16477       12.61337
H         16.02713       10.58810       12.53256
C         18.06689       11.00757       12.92197
C         19.37630       10.47443       13.00494
C         16.01547        7.88280       12.01297
C         16.32677        7.23669       10.65488
H         15.49806        6.60632       10.33883
H         17.22085        6.62120       10.70322
H         16.48370        8.00640        9.90259
C         14.68303        8.62626       11.88810
H         13.90122        7.92419       11.60460
H         14.73678        9.39636       11.12269
H         14.39831        9.08095       12.83376
C         15.85299        6.79321       13.08231
H         15.01976        6.14032       12.83049
H         15.65629        7.24639       14.05150
H         16.74795        6.18295       13.16700
C         17.84896       12.49916       13.16011
C         16.37064       12.90284       13.10938
H         16.28919       13.96953       13.30836
H         15.78990       12.37564       13.86335
H         15.94058       12.71558       12.12814
C         18.39137       12.87215       14.54782
H         18.17394       13.91606       14.76457
H         19.47104       12.73555       14.58302
H         17.92502       12.25213       15.31300
C         18.59849       13.29815       12.08698
H         18.49596       14.36488       12.27464
H         18.19680       13.07483       11.10063
H         19.65611       13.04647       12.10098
C         24.24239        8.57568       13.74709
C         25.23711        7.61362       13.59335
H         24.96799        6.64306       13.21587
C         26.55635        7.88004       13.91243
C         26.85881        9.14731       14.40343
H         27.88432        9.36601       14.64264
C         25.90831       10.13341       14.59153
C         24.55741        9.86077       14.25884
C         27.67349        6.86496       13.72089
C         27.16864        5.51628       13.19919
H         28.00798        4.83108       13.09804
H         26.70530        5.62201       12.22107
H         26.45522        5.07136       13.88933
C         28.67650        7.42287       12.70127
H         29.47662        6.70599       12.52792
H         29.11913        8.35050       13.05206
H         28.17586        7.62075       11.75623
C         28.37674        6.62022       15.06317
H         29.17142        5.88667       14.94314
H         27.66625        6.24349       15.79597
H         28.81469        7.53419       15.45308
C         26.28427       11.52654       15.08776
C         25.45918       11.88226       16.33344
H         25.77717       12.84568       16.72672
H         25.59784       11.12634       17.10605
H         24.40413       11.94991       16.07662
C         27.76699       11.64416       15.45934
H         27.96227       12.65076       15.82335
H         28.40661       11.47477       14.59638
H         28.03329       10.94389       16.24849
C         25.99006       12.53480       13.96754
H         26.24258       13.54170       14.29309
H         24.93244       12.51647       13.70346
H         26.57561       12.29409       13.08183
C         20.40979        9.95147        9.11437
C         21.09784       10.34191        7.80787
H         20.47756       10.06691        6.95800
H         22.05647        9.83795        7.73718
H         21.27834       11.41167        7.78944
C         19.04232       10.63501        9.21859
H         18.38448       10.28766        8.42535
H         19.16167       11.71179        9.13537
H         18.59465       10.41295       10.18385
C         20.23852        8.42925        9.16548
H         19.76167        8.06760        8.25775
H         19.62012        8.16304       10.01869
H         21.21972        7.97169        9.26406
C         24.95726        9.27604        9.70531
C         25.31781        7.79706        9.88914
H         26.31367        7.60438        9.49815
H         24.60453        7.17222        9.35634
H         25.29910        7.54419       10.94596
C         25.81297       10.13608       10.63345
H         26.86791        9.90943       10.49767
H         25.53375        9.94881       11.66788
H         25.63711       11.18473       10.41893
C         25.16885        9.69572        8.24794
H         26.22595        9.67711        7.99610
H         24.77855       10.69989        8.11509
H         24.63305        9.02265        7.58241
C         23.18279       13.36184        9.62133
C         24.26229       13.77943       10.62176
H         24.21278       14.84901       10.80590
H         25.25102       13.52945       10.24260
H         24.09594       13.25089       11.55963
C         23.44075       14.00129        8.25225
H         23.44829       15.08405        8.34053
H         22.66532       13.70795        7.54880
H         24.40031       13.67024        7.86282
C         21.81368       13.77184       10.15858
H         21.74754       14.85296       10.24717
H         21.67170       13.32381       11.14230
H         21.02735       13.41651        9.49700
C         21.23822       12.04348       16.78639
H         20.18242       12.30030       16.95351
H         21.76184       12.90922       16.37181
C         21.85826       11.48601       18.06188
H         21.52973       12.02133       18.94912
H         22.94606       11.52078       18.00122
C         21.36830       10.04161       18.01252
H         21.97391        9.36000       18.60524
H         20.33349        9.98313       18.35284
C         21.45897        9.73642       16.51549
H         22.44408        9.31947       16.26362
H         20.67588        9.04718       16.17637
