122
CSD_code = JOTPUF | q = 0 | S = 0 | Stoichiometry = C45H68FeN6Si2 | MND = 6
Fe         4.53727        3.75803        3.70866
H          5.68467        3.32642        2.93607
H          3.70892        4.33041        4.73787
H          3.52140        2.72047        3.81690
N          4.83029        2.21888        6.26076
N          6.74658        2.54474        5.35508
N          5.85186        6.05913        5.06917
N          6.36995        5.99340        2.98658
N          1.44823        2.04693        1.45248
N          2.13936        3.34538       -0.11366
Si         3.22361        5.27706        2.73182
Si         4.29865        2.69902        1.78208
H          3.30159        5.78318        1.28953
H          5.03761        2.98677        0.50218
C          5.41829        2.77387        5.16533
C          5.66468        5.32373        3.93967
C          2.54510        2.62661        0.94514
C          5.76687        1.66449        7.11115
C          6.97852        1.86292        6.53567
C          5.42548        1.03198        8.41408
H          6.33470        0.81335        8.96771
H          4.87819        0.09986        8.27599
H          4.81090        1.69854        9.01878
C          8.33888        1.49827        7.01775
H          8.26170        0.90551        7.92515
H          8.92810        2.38909        7.24322
H          8.87873        0.91467        6.27353
C          3.41692        2.17407        6.51809
H          2.97233        2.95046        5.89447
H          3.23328        2.40682        7.57142
C          2.80954        0.82114        6.15789
H          3.06232        0.57392        5.13048
H          1.72757        0.86620        6.25239
H          3.18089        0.02943        6.80442
C          7.80494        2.92906        4.46237
H          8.68775        3.19284        5.05270
H          7.46198        3.81214        3.92347
C          8.14339        1.81732        3.47213
H          8.40730        0.89777        3.98964
H          8.98041        2.11603        2.84586
H          7.27835        1.61774        2.84383
C          6.61366        7.18304        4.81408
C          6.94920        7.13530        3.50253
C          6.92220        8.23386        5.82131
H          7.78493        7.96833        6.43469
H          6.06838        8.39749        6.47484
H          7.14160        9.16992        5.31402
C          7.74586        8.09293        2.68850
H          8.21012        8.82910        3.33887
H          7.10794        8.61956        1.97745
H          8.53017        7.58356        2.13060
C          5.31869        5.75682        6.36856
H          4.60605        4.94622        6.21725
H          4.77795        6.62977        6.74698
C          6.39212        5.32678        7.36485
H          6.98252        4.51649        6.94868
H          5.91998        4.97641        8.27943
H          7.05874        6.14718        7.61706
C          6.44282        5.65376        1.59340
H          6.44882        6.58179        1.01609
H          5.54400        5.09127        1.35447
C          7.66876        4.81394        1.24161
H          8.57477        5.23723        1.67027
H          7.78328        4.76477        0.16200
H          7.53665        3.80569        1.61929
C          0.34190        2.39203        0.71259
C          0.77937        3.21467       -0.28046
C         -1.02934        1.91818        1.02921
H         -1.73075        2.29388        0.29042
H         -1.33695        2.28650        2.00710
H         -1.08062        0.83059        1.03501
C          0.01995        3.90807       -1.35288
H         -1.02317        3.60879       -1.31710
H          0.41492        3.66899       -2.33932
H          0.06733        4.98740       -1.21207
C          1.40836        1.18702        2.60547
H          0.48765        1.39726        3.15435
H          2.25852        1.45929        3.23281
C          1.47595       -0.28971        2.22992
H          0.63642       -0.57967        1.60172
H          1.45540       -0.89374        3.13283
H          2.39880       -0.49879        1.69644
C          2.98229        4.08026       -1.02133
H          3.81015        4.50138       -0.45508
H          2.39778        4.90023       -1.44177
C          3.51113        3.17859       -2.13352
H          4.14987        2.40999       -1.70736
H          4.09311        3.76428       -2.83946
H          2.69483        2.69738       -2.66769
C          3.30900        7.00018        3.54872
C          2.77297        7.20557        4.81220
H          2.24930        6.38961        5.29015
C          2.90035        8.41745        5.46539
H          2.47119        8.55357        6.45061
C          3.57913        9.46223        4.85968
H          3.68792       10.41106        5.36822
C          4.10930        9.28322        3.59381
H          4.63299       10.09770        3.10929
C          3.96714        8.06597        2.95254
H          4.37208        7.93409        1.95817
C          1.33177        5.02478        2.76939
C          0.74679        4.27034        3.77473
H          1.39548        3.78349        4.48689
C         -0.62630        4.13740        3.87868
H         -1.05992        3.55313        4.68169
C         -1.45193        4.76175        2.95763
H         -2.52736        4.66935        3.03579
C         -0.88823        5.51091        1.93860
H         -1.52782        6.00434        1.21806
C          0.48669        5.63911        1.85638
H          0.92407        6.24291        1.07302
C          4.67223        0.82321        1.80910
C          5.05686        0.22339        2.99793
H          5.10193        0.84874        3.87732
C          5.37685       -1.12051        3.06626
H          5.67347       -1.56304        4.00813
C          5.32065       -1.90042        1.92334
H          5.57125       -2.95136        1.96563
C          4.94357       -1.32250        0.72261
H          4.89931       -1.92470       -0.17526
C          4.62461        0.02401        0.67383
H          4.32884        0.46610       -0.26855
