77
CSD_code = NIBHAK | q = 0 | S = 0 | Stoichiometry = C29H43FeN2PSi | MND = 8
Fe         3.78610        2.35480        3.23709
P          3.94330        4.55052        3.55151
Si         1.61549        2.37482        2.70621
N          3.37756        2.14724        4.82990
N          3.20833        1.87657        5.91043
C          4.75485        1.84095        1.31615
C          0.76975        0.02435        4.16007
H          1.41598        0.38392        4.94569
C          2.75318        5.26213        4.75563
H          1.74519        5.17683        4.35901
H          2.97371        6.30792        4.96041
H          2.79899        4.68617        5.67749
C          5.78442        1.95486        2.31202
C          0.27642        3.46520        3.51555
C          0.69575        0.72447        2.96219
C          5.56464        5.02981        4.37992
H          6.33360        4.83958        3.62451
C          5.52820        0.98559        3.30885
C          4.34399        0.27421        2.94259
C          0.01721        3.37625        4.87923
H          0.63711        2.74015        5.49270
C          4.77125        2.43717       -0.05877
H          3.82587        2.92518       -0.29139
H          4.92430        1.64725       -0.79644
H          5.57630        3.15798       -0.17345
C          3.91099        0.75703        1.67318
C         -0.54452        4.28495        2.75199
H         -0.37838        4.35027        1.68621
C          3.80608        5.87999        2.23338
H          3.68840        6.83740        2.75541
C          0.03436       -1.13024        4.36457
H          0.11056       -1.65959        5.30425
C         -1.01073        4.09286        5.46343
H         -1.19374        4.00843        6.52543
C          7.06074        2.71841        2.14836
H          6.90244        3.66838        1.64460
H          7.75299        2.12920        1.54209
H          7.53592        2.90765        3.10773
C         -0.15469        0.23531        1.97749
H         -0.23850        0.77122        1.04300
C         -0.79754       -1.60838        3.36680
H         -1.37222       -2.51055        3.52203
C         -1.57462        5.00923        3.32650
H         -2.19964        5.64206        2.71158
C          5.69174        6.48083        4.83867
H          5.46783        7.18645        4.04310
H          6.71493        6.66204        5.16702
H          5.03659        6.68231        5.68218
C          2.96497        0.08308        0.73767
H          2.26841       -0.55891        1.26744
H          3.53649       -0.53248        0.03880
H          2.39520        0.80603        0.16065
C          2.55310        5.62208        1.40763
H          2.64558        4.67916        0.87582
H          2.40683        6.41939        0.68003
H          1.67227        5.56739        2.04124
C          6.40621        0.59544        4.45664
H          7.21969        1.30219        4.59800
H          6.83911       -0.38840        4.26740
H          5.83525        0.53294        5.38221
C          5.81528        4.08905        5.55369
H          5.09625        4.26381        6.35067
H          6.81450        4.24185        5.95938
H          5.72155        3.05452        5.23585
C          3.86922       -0.96208        3.63504
H          3.88089       -0.82816        4.71474
H          4.52804       -1.79844        3.39249
H          2.85810       -1.21951        3.33232
C         -1.80949        4.91685        4.68735
H         -2.61465        5.47804        5.13981
C          5.02330        5.95047        1.32084
H          5.92492        6.22083        1.86516
H          4.86263        6.69959        0.54595
H          5.17645        4.99197        0.83503
C         -0.89213       -0.91883        2.16961
H         -1.54430       -1.28158        1.38702
H          1.41736        2.67654        1.24897
