43
CSD_code = QOXDEN | q = 0 | S = 0 | Stoichiometry = C20H19MnO2Si | MND = 9
Mn         4.54683        1.03150        5.60075
Si         4.39451        3.04922        4.12813
O          4.36864        0.91220        8.50956
O          1.85941        2.06028        6.11019
C          4.49005        1.02119        7.36881
C          2.94696        1.74119        5.88883
C          3.99109       -1.01567        5.57244
C          5.40176       -0.92843        5.62540
C          5.84000       -0.28692        4.44482
C          4.70164        0.01043        3.66269
C          3.54858       -0.43680        4.35969
C          2.16595       -0.52236        3.79171
C          4.31545        4.71042        5.06173
C          4.23203        4.76075        6.45135
C          4.16091        5.97264        7.11431
C          4.17549        7.15813        6.39785
C          4.26564        7.12468        5.01641
C          4.33511        5.91067        4.35743
C          5.86227        3.13523        2.91791
C          5.68449        2.89965        1.55823
C          6.74512        2.97593        0.67322
C          8.01052        3.29411        1.13590
C          8.20425        3.53979        2.48542
C          7.14024        3.45963        3.36481
H          5.74549        1.93499        5.88276
H          3.20489        3.03474        3.22540
H          3.36666       -1.55989        6.26915
H          6.03822       -1.40485        6.35986
H          6.86763       -0.18387        4.12103
H          4.72048        0.34792        2.63519
H          1.96393        0.30880        3.11651
H          1.41221       -0.52247        4.57835
H          2.06382       -1.45203        3.22579
H          4.23268        3.82671        7.01021
H          4.09531        5.99387        8.19224
H          4.11981        8.10510        6.91467
H          4.28163        8.04659        4.45321
H          4.40911        5.88630        3.28028
H          4.69833        2.65972        1.18516
H          6.58538        2.78826       -0.37921
H          8.84103        3.35210        0.44732
H          9.18897        3.79284        2.85128
H          7.29578        3.65025        4.41674
