101
CSD_code = BABNOI | q = 0 | S = 0 | Stoichiometry = C34H57N4OSi4Y | MND = 8
Y          1.74311        6.01048       10.62297
Si        -0.14749        3.26042        8.58773
Si         3.64747        6.58431       14.00317
Si         4.12633        3.79841        9.30866
Si         4.40018        6.98622        8.73748
O          0.02058        4.82257       12.26961
N          0.30728        4.83613        9.06116
N          0.21657        7.07133        9.09972
N          0.87676        7.98186       11.65976
N          2.40802        6.84278       12.83682
C         -0.58763        2.06779        9.81792
C         -0.29124        2.93362        6.72002
C         -0.83788        0.60898        9.55038
C         -0.30396        5.95338        8.66650
C         -1.47623        5.87941        7.75748
C         -1.37746        6.38744        6.46561
C         -2.44036        6.27008        5.58823
C         -3.61227        5.65323        5.99429
C         -3.71678        5.14901        7.27994
C         -2.65340        5.25792        8.15829
C         -0.46472        8.34048        8.99630
C         -1.07158        8.74128       10.35384
C         -0.03365        9.08185       11.43198
C          1.55704        7.86158       12.77136
C          1.35378        8.76255       13.93360
C          0.48028        8.37534       14.94317
C          0.27525        9.19553       16.03732
C          0.94498       10.40474       16.13204
C          1.81698       10.79310       15.12849
C          2.01793        9.97858       14.02810
C          3.21750        6.86829       15.84807
C          4.07351        4.72921       13.78898
C          5.18572        7.65477       13.61184
C          3.93535        5.57851        9.90887
C          3.14777        2.63736       10.49085
C          5.93437        3.15815        9.29275
C          3.42998        3.55085        7.54508
C          6.20162        6.96101        8.08097
C          3.25021        7.08216        7.20504
C          4.14464        8.63632        9.69072
C         -1.36236        5.08781       12.04469
C         -1.80099        5.96832       13.22800
C         -0.86217        5.66322       14.34152
C          0.17638        4.84011       13.71183
H         -0.50528        2.31978       10.86753
H         -1.30029        3.13452        6.36765
H         -0.06850        1.89350        6.50520
H          0.39183        3.55082        6.14079
H         -1.77013        0.28290       10.01635
H         -0.03914       -0.01428        9.96004
H         -0.90726        0.40979        8.48493
H         -0.45821        6.86126        6.15125
H         -2.35361        6.65990        4.58459
H         -4.44171        5.56301        5.30860
H         -4.62798        4.66515        7.59938
H         -2.72979        4.85322        9.15711
H         -1.27303        8.31479        8.24958
H          0.26736        9.09842        8.69339
H         -1.70512        7.92025       10.70090
H         -1.70780        9.61765       10.20559
H          0.53791        9.96175       11.09777
H         -0.56183        9.36961       12.35668
H         -0.03458        7.41372       14.87316
H         -0.40383        8.88774       16.81834
H          0.78868       11.04353       16.98896
H          2.34120       11.73493       15.20323
H          2.69506       10.27619       13.24051
H          3.15131        7.92544       16.08461
H          3.98290        6.43770       16.48650
H          2.26869        6.41494       16.12010
H          3.73745        4.13908       14.63614
H          5.14503        4.58439       13.70459
H          3.61194        4.32293       12.89043
H          5.52939        7.49241       12.59431
H          6.00744        7.41825       14.28025
H          4.96718        8.71269       13.72283
H          4.55137        5.69064       10.81033
H          3.72125        2.40694       11.38413
H          2.90150        1.69294       10.01533
H          2.20410        3.09989       10.79895
H          6.54907        3.74122        8.61594
H          5.99226        2.12014        8.98068
H          6.38072        3.22890       10.27917
H          2.52040        4.12740        7.41946
H          3.19614        2.50926        7.34891
H          4.13876        3.87667        6.79138
H          6.91433        6.89805        8.89625
H          6.43755        7.85099        7.50598
H          6.36462        6.10210        7.43893
H          3.47822        6.30554        6.48406
H          3.34850        8.03656        6.69551
H          2.20996        6.97105        7.50562
H          3.11813        8.70452       10.05664
H          4.33635        9.50523        9.06758
H          4.80516        8.70182       10.54966
H         -1.91979        4.13872       12.04726
H         -1.46817        5.56527       11.06995
H         -1.68001        7.03285       13.00286
H         -2.83932        5.81952       13.52608
H          1.19369        5.15867       13.95179
H          0.03840        3.82127       14.11501
