64
CSD_code = MIGKAQ | q = 0 | S = 0 | Stoichiometry = C24H36N2RuSi | MND = 9
C         -3.02833       13.98590       14.56457
H         -3.77205       13.31767       14.98665
H         -3.49530       14.52795       13.74986
H         -2.77361       14.71377       15.33014
C         -0.35650       14.54440       13.37672
H         -0.68236       15.47442       13.83211
H         -0.45532       14.66916       12.30438
H          0.69791       14.41297       13.59385
C         -1.07484        9.18117       15.55211
H         -1.22995        8.42961       14.78925
C         -0.88606        8.78070       16.85508
H         -0.92325        7.73582       17.11499
C         -0.63809        9.76396       17.80925
H         -0.48355        9.50142       18.84526
C         -0.58326       11.07292       17.40720
H         -0.38779       11.84785       18.12782
C         -0.79421       11.41905       16.05061
C         -0.36771       13.73324       16.52800
H         -1.11517       13.87025       17.31547
H         -0.28989       14.65389       15.96099
H          0.60139       13.53087       16.99189
C         -3.45223       10.79167       13.30738
H         -3.73322       10.92681       14.35552
C         -2.97356        9.51251       12.97293
H         -2.98627        8.77853       13.78163
C         -3.22739        8.85649       11.63288
H         -4.28973        8.58846       11.55570
H         -2.66128        7.92207       11.59363
C         -2.81423        9.74713       10.45502
H         -2.45469        9.11651        9.63818
H         -3.67806       10.29687       10.07474
C         -1.72488       10.73317       10.83363
H         -0.83203       10.61052       10.22683
C         -2.01778       12.02800       11.26429
H         -1.33205       12.82003       10.96651
C         -3.44800       12.50312       11.40730
H         -3.90728       12.53112       10.41128
H         -3.43410       13.52626       11.77932
C         -4.28928       11.62389       12.35036
H         -4.95205       12.26767       12.93044
H         -4.92718       10.95080       11.77084
C          0.90310       11.34287       12.83823
H          1.39917       11.88630       13.64951
C          0.75753        9.95902       13.14537
H          0.97820        9.66737       14.17683
C          0.19922        8.98949       12.31302
H         -0.07409        8.04148       12.78103
C          0.55103        8.82150       10.90896
H         -0.15142        8.26690       10.29693
C          1.72970        9.16664       10.38115
H          1.92040        8.95046        9.33803
C          2.85217        9.79800       11.14290
H          3.80569        9.48510       10.70976
H          2.81522        9.44272       12.17723
C          2.80036       11.33225       11.16166
H          3.08544       11.71746       10.17967
H          3.52622       11.70117       11.89041
C          1.39906       11.85560       11.49781
H          1.43075       12.94650       11.53397
H          0.74271       11.57293       10.67872
Si        -1.42710       13.04704       13.97984
Ru        -1.28537       10.88110       13.02821
N         -1.05325       10.45095       15.13767
N         -0.73364       12.68183       15.61649
