62
CSD_code = NOBBIR | q = 0 | S = 0 | Stoichiometry = C24H32ClN3RuSi | MND = 9
C          1.33530        8.84290       -0.35707
H          1.66318        8.01944        0.26347
C          0.22619        9.42121       -2.26717
C          0.51052       10.76257       -2.04613
C          1.25434       11.02023       -0.85321
C          0.30017       12.03441       -2.63748
H         -0.22043       12.22972       -3.55287
C          0.89125       12.94098       -1.80401
H          0.95255       14.00641       -1.90321
C          0.61764       13.83766        1.48788
H          0.21416       14.43612        0.67524
H          0.86553       14.51545        2.29721
H         -0.17688       13.18519        1.83503
C          3.30181       14.32885        0.30446
H          4.03008       14.03436       -0.44313
H          3.84449       14.73918        1.14876
H          2.70177       15.13088       -0.11436
C          1.16870       10.65163        2.90160
H          0.25045       10.73613        2.31281
C          1.78525        9.38873        2.88803
H          1.26943        8.60966        2.32219
C          2.52880        8.82130        4.07657
H          3.00030        7.88364        3.77312
H          1.80937        8.57466        4.86817
C          3.60295        9.77804        4.61054
H          3.20915       10.36440        5.44323
H          4.43902        9.19389        5.00179
C          4.12050       10.72326        3.54225
H          5.19051       10.61969        3.38315
C          3.57628       11.99375        3.35143
H          4.25762       12.79195        3.05856
C          2.41023       12.48119        4.18637
H          2.12998       13.47449        3.84014
H          2.74899       12.58736        5.22408
C          1.18305       11.55219        4.12553
H          1.13730       10.92510        5.01960
H          0.28119       12.16601        4.12301
C          4.51337        8.81592        1.27386
H          3.99552        7.85872        1.19166
C          4.35793        9.69834        0.20467
H          3.82111        9.33051       -0.67512
C          4.65876       11.09029        0.22323
H          4.46241       11.55955       -0.74724
C          5.92555       11.66759        0.82924
H          6.00047       11.46948        1.89552
H          5.91228       12.75133        0.69564
C          7.18788       11.10139        0.16823
H          8.05916       11.53041        0.66829
H          7.22668       11.39311       -0.88382
C          7.24814        9.57020        0.26083
H          6.51971        9.15663       -0.44334
H          8.24324        9.24022       -0.04692
C          6.94913        9.03710        1.62607
H          7.80099        8.87044        2.27204
C          5.72973        8.71671        2.07059
H          5.63809        8.23125        3.03517
N          1.68056       10.08030       -0.00243
N          1.47047       12.33091       -0.72860
N          0.63848        8.49384       -1.42264
Si         2.18115       12.86175        0.87688
Cl        -0.65671        8.88881       -3.63421
Ru         2.94212       10.71361        1.62661
