68
CSD_code = NOBCAK | q = 0 | S = 0 | Stoichiometry = C24H28Cl3N9RuSi3 | MND = 7
C          8.12735        3.57406       22.58079
H          7.16668        3.11444       22.36141
H          8.19329        3.69338       23.65699
H          8.90220        2.87337       22.28133
C         10.19943        5.71896       22.00116
H         10.83861        4.85192       21.86756
H         10.33460        6.07055       23.01701
H         10.54869        6.50170       21.33570
C          8.71482        8.00748       18.37242
H          8.04373        7.64825       17.59660
H          9.45711        7.23527       18.54814
H          9.23875        8.87339       17.97821
C          8.80623        9.94266       20.69205
H          8.97940       10.68388       19.91795
H          9.77287        9.60907       21.05091
H          8.30301       10.43529       21.51794
C          6.89527        6.71841       25.18447
H          6.27840        6.71874       26.07808
H          7.70465        7.42164       25.34143
H          7.33514        5.73189       25.08140
C          4.92905        8.82193       24.13931
H          4.14420        9.08617       23.43582
H          5.61998        9.65674       24.18622
H          4.47269        8.72099       25.11968
C          7.52665        5.09395       19.08067
C          5.72732        6.17453       18.29732
H          4.88786        6.84459       18.42767
C          6.82088        4.80832       16.83224
C          7.73756        4.46037       17.81501
C          8.87882        3.63734       17.99105
H          9.33020        3.01263       17.24769
C          9.26694        3.80665       19.28862
H         10.08735        3.35455       19.80919
C          5.09606        8.96760       19.81241
C          6.14570       10.31163       18.45233
H          7.00450       10.73122       17.96770
C          4.82942       10.62801       18.29245
H          4.40811       11.36844       17.64371
C          4.11024        9.76998       19.16449
C          2.79974        9.49022       19.53598
C          3.52807        7.86618       20.96377
H          3.22965        7.11935       21.68677
C          4.40052        5.11687       22.72183
C          4.83044        4.08832       20.79115
H          5.39385        3.95873       19.87828
C          3.16208        3.20046       22.07431
C          3.36994        4.17950       23.03637
C          2.87799        4.56409       24.31078
H          2.09295        4.08260       24.85719
C          3.60887        5.65250       24.68378
H          3.54547        6.23406       25.58152
N          8.45464        4.68565       19.94985
N          5.83221        5.64595       17.09265
N          6.31496        9.30777       19.36806
N          2.53488        8.54916       20.42272
N          4.52581        5.99194       23.72569
N          3.90422        3.16863       20.98279
N          6.53645        5.96133       19.32780
N          5.12784        5.10755       21.59631
N          4.82334        8.01511       20.71145
Cl         6.90879        4.18621       15.24299
Cl         1.46744       10.33449       18.87445
Cl         1.97074        1.98782       22.24483
Si         5.87004        7.21199       23.62630
Si         7.78726        8.44833       20.01391
Si         8.33799        5.29248       21.69574
Ru         6.55356        6.82447       21.34316
H          7.33221        7.89034       22.14001
