71
CSD_code = NOBCEO | q = 0 | S = 0 | Stoichiometry = C27H34N6RuSi3 | MND = 7
Ru        -0.87292        6.15550        5.40964
H         -0.84872        6.50133        6.91466
Si         0.98931        7.57347        5.00105
Si        -2.45824        7.78964        6.20390
Si         0.30706        4.59760        6.85201
N          1.92736        6.39233        3.93973
N          0.14135        4.82103        4.01326
N         -3.34734        8.09251        4.65475
N         -1.73496        6.83480        3.44066
N         -0.97876        3.31662        6.81375
N         -2.46367        4.66042        5.52107
C          3.13467        6.43386        3.30620
H          3.77715        7.28098        3.44553
C          3.34449        5.31828        2.54800
H          4.20493        5.09301        1.94954
C          2.18930        4.50818        2.70355
C          1.34014        5.23357        3.59458
C         -0.26933        3.65437        3.52214
H         -1.24418        3.30187        3.83176
C          0.47993        2.87684        2.64360
H          0.06477        1.94188        2.30031
C          1.73311        3.28765        2.22369
H          2.32622        2.68633        1.55095
C          2.39406        8.05045        6.24484
H          2.73648        7.19033        6.81105
H          2.02747        8.78340        6.95377
H          3.25125        8.48401        5.73889
C          0.96502        9.10319        3.79670
H          1.94784        9.29831        3.37606
H          0.65514        9.99407        4.33243
H          0.27371        8.96319        2.96940
C         -4.43661        8.84429        4.31791
H         -5.00647        9.32686        5.08734
C         -4.63448        8.85474        2.96931
H         -5.41274        9.35938        2.43177
C         -3.59329        8.06954        2.40552
C         -2.81884        7.61320        3.51242
C         -1.36017        6.53149        2.19555
H         -0.45788        5.95144        2.06846
C         -2.04385        6.92788        1.04948
H         -1.65596        6.61869        0.09116
C         -3.18882        7.69801        1.13026
H         -3.73118        8.00496        0.24885
C         -2.02430        9.59782        6.72272
H         -1.34951       10.06557        6.01379
H         -1.53837        9.60627        7.69129
H         -2.91617       10.21328        6.79343
C         -3.92640        7.30878        7.37307
H         -4.71982        8.05026        7.34650
H         -3.57480        7.24332        8.39711
H         -4.36321        6.34756        7.11677
C         -1.04003        2.05452        7.33293
H         -0.20620        1.67013        7.88683
C         -2.22515        1.44943        7.03692
H         -2.53604        0.46239        7.31722
C         -2.97576        2.38677        6.27720
C         -2.14662        3.53972        6.17229
C         -3.65931        4.65950        4.93584
H         -3.94362        5.55711        4.40418
C         -4.54392        3.58415        4.97724
H         -5.49191        3.67633        4.46986
C         -4.21835        2.42258        5.65365
H         -4.89533        1.58238        5.69269
C          0.59771        4.78516        8.75403
H         -0.28360        5.16205        9.26283
H          1.40742        5.47990        8.94457
H          0.86359        3.83551        9.20815
C          1.87624        3.59806        6.30775
H          2.25518        2.99153        7.12548
H          2.67106        4.27595        6.01318
H          1.68186        2.93705        5.46738
