58
CSD_code = ISIJIF | q = 0 | S = 0 | Stoichiometry = C19H31BClO3OsPSi | MND = 6
Os         3.92243        4.92512        7.33094
P          5.49514        5.31893        5.46960
Si         5.34809        3.11456        8.28573
O          5.44990        6.66522        9.32198
C          4.85626        6.03188        8.56566
Cl         1.77428        2.91253        9.19715
B          2.29295        4.50544        8.82855
O          2.47311        2.75492        5.74125
C          3.02977        3.58081        6.31824
C          2.84592        6.38185        6.74636
O          2.22242        7.29337        6.43278
C          5.21288        2.71924       10.17487
H          5.86805        1.88952       10.42209
H          4.20769        2.43751       10.46767
H          5.51439        3.56549       10.78539
C          5.14502        1.36273        7.48201
H          5.87346        0.67174        7.89506
H          5.27550        1.37465        6.40326
H          4.15786        0.96008        7.68608
C          7.26632        3.41078        8.15895
H          7.79295        2.60985        8.66815
H          7.55645        4.34302        8.63565
H          7.62909        3.43337        7.13541
C          6.10471        3.89779        4.48421
H          6.74004        4.24784        3.66995
H          5.24885        3.36213        4.07403
H          6.66488        3.21783        5.12198
C          7.03934        6.25839        5.77075
H          7.58064        6.40598        4.83568
H          7.66535        5.71823        6.47722
H          6.78368        7.22620        6.20152
C          4.76708        6.33344        4.12223
H          5.48357        6.45346        3.30876
H          4.49349        7.31359        4.51131
H          3.86844        5.84519        3.74586
C          1.43618        5.66696        9.47703
C          0.26767        6.11282        8.84363
C         -0.47522        7.15804        9.39170
C         -0.04671        7.74506       10.57128
H         -0.62113        8.55832       10.99387
C          1.08925        7.30602       11.23161
C          1.82983        6.26014       10.68282
C         -0.21669        5.45785        7.58067
H         -0.37996        6.19885        6.79859
H         -1.16551        4.95164        7.76055
H          0.49775        4.72243        7.21575
C         -1.72517        7.64620        8.72269
H         -2.18204        8.44474        9.30197
H         -2.44759        6.83760        8.61704
H         -1.50460        8.02670        7.72550
C          1.50615        7.94763       12.52073
H          2.50814        8.36717       12.43571
H          1.52157        7.21525       13.32731
H          0.81910        8.74547       12.79169
C          3.03977        5.75092       11.41007
H          2.75733        5.36501       12.38969
H          3.76398        6.54994       11.56601
H          3.51679        4.95105       10.84889
