70
CSD_code = JUTKAM | q = 0 | S = 0 | Stoichiometry = C31H33NO3SiW | MND = 9
W          4.56579       13.50881       15.39251
Si         3.83547       12.98266       13.08088
O          4.37198       16.57316       15.92733
O          1.67613       14.67057       15.52304
O          5.40353       12.79946       12.32795
N          6.24760       14.09406       14.00458
C          4.48106       15.44210       15.68924
C          2.74030       14.21559       15.44540
C          6.37863       13.51497       12.79845
C          7.55535       13.66911       12.04704
H          7.61343       13.17746       11.08978
C          8.57890       14.44551       12.53686
H          9.48615       14.57916       11.96794
C          8.41879       15.06280       13.77520
H          9.18977       15.69088       14.19022
C          7.24608       14.85308       14.46519
H          7.07702       15.31798       15.42952
C          3.01594       11.35098       12.58327
C          1.72219       11.10351       13.02905
H          1.22655       11.85374       13.62812
C          1.06729        9.92784       12.71324
H          0.06052        9.76005       13.07086
C          1.68939        8.95638       11.93855
C          2.98048        9.20068       11.48519
H          3.47717        8.45779       10.87554
C          3.63057       10.37829       11.80263
H          4.63109       10.55586       11.43811
C          0.99856        7.66780       11.60785
H          1.15332        7.40509       10.56297
H         -0.06947        7.73870       11.79875
H          1.40168        6.85849       12.21793
C          3.05719       14.33377       11.96634
C          2.10136       14.05521       10.99486
H          1.77932       13.03398       10.85043
C          1.55886       15.06020       10.21686
H          0.81644       14.82018        9.46785
C          1.95445       16.38208       10.38406
C          2.90432       16.66830       11.35599
H          3.22062       17.69114       11.50803
C          3.44188       15.66130       12.13558
H          4.17132       15.90664       12.90075
C          1.35238       17.46489        9.54020
H          1.41604       17.20726        8.48394
H          1.85986       18.41272        9.70132
H          0.29869       17.59171        9.78825
C          4.45213       12.57281       17.48375
C          4.08702       11.56939       16.51409
C          5.23793       11.29259       15.71990
C          6.30980       12.10365       16.20654
C          5.83487       12.87988       17.29390
C          3.62662       12.98881       18.66578
H          3.79377       12.30275       19.49953
H          2.56514       12.97962       18.42405
H          3.89172       13.99234       18.99404
C          2.80819       10.78564       16.51227
H          2.57234       10.42216       15.51339
H          1.97554       11.39736       16.85578
H          2.89736        9.92531       17.17964
C          5.41210       10.13236       14.78485
H          6.03541       10.39525       13.93081
H          4.45400        9.78525       14.40563
H          5.89408        9.30347       15.30995
C          7.74119       11.94412       15.78666
H          8.33465       12.82752       16.02004
H          7.82547       11.74890       14.71670
H          8.18172       11.09446       16.31415
C          6.65915       13.73499       18.20963
H          6.91620       13.17415       19.11121
H          6.11219       14.62616       18.51451
H          7.58738       14.04843       17.73472
