43
CSD_code = XOGQOZ | q = 0 | S = 0 | Stoichiometry = C20H18FeO3Si | MND = 8
Fe        10.66662        0.25304        1.61110
Si        11.98317        1.07026       -0.00805
O          8.58107       -0.29085       -0.31263
O          9.47224        2.83675        2.10574
O         12.62684       -0.20282       -0.83672
C          9.43756       -0.06905        0.42256
C          9.98445        1.83387        1.87835
C         11.92200       -1.03031       -1.71084
H         11.08743       -1.51100       -1.19276
H         12.60598       -1.79169       -2.08492
H         11.52305       -0.45639       -2.55047
C         11.32328        2.32478       -1.29525
C          9.99920        2.74287       -1.35050
H          9.29748        2.37312       -0.61667
C          9.56716        3.62187       -2.32852
H          8.53315        3.93435       -2.35314
C         10.45768        4.09895       -3.27513
H         10.12188        4.78383       -4.04035
C         11.78128        3.69368       -3.23545
H         12.48204        4.06272       -3.97085
C         12.20561        2.81728       -2.25319
H         13.23935        2.50417       -2.22248
C         13.52268        1.82516        0.80110
C         14.81045        1.39604        0.50756
H         14.94370        0.61455       -0.22485
C         15.90850        1.95223        1.14006
H         16.90425        1.60571        0.90120
C         15.73244        2.95309        2.08028
H         16.58770        3.38791        2.57738
C         14.45399        3.39438        2.38152
H         14.31143        4.17616        3.11418
C         13.36287        2.83077        1.74651
H         12.36442        3.16872        1.98368
C         10.33958       -1.48431        2.92986
H          9.43824       -2.06465        3.04074
C         11.41046       -1.77542        2.04059
H         11.46925       -2.63750        1.39612
C         12.47344       -0.89224        2.32954
H         13.45883       -0.92267        1.89874
C         12.03358        0.00049        3.32962
H         12.64657        0.73520        3.82528
C         10.72331       -0.38753        3.72250
H         10.16855        0.02210        4.55098
