79
CSD_code = AFIVOB | q = 0 | S = 0 | Stoichiometry = C22H51CoN2P2Si | MND = 4
Co         2.49521        4.55459        6.94609
P          1.50986        5.99481        8.26758
Si         1.45135        4.28419        4.41951
N          2.97094        4.15331        5.16484
N          0.39446        4.40353        5.85546
C          4.26537        4.02380        4.54485
C          5.24093        3.42160        5.56613
H          6.27116        3.54269        5.23978
H          5.10623        3.92132        6.52764
C          4.78362        5.41313        4.12603
H          5.75436        5.33395        3.64109
H          4.87832        6.05352        4.99936
H          4.08118        5.87154        3.43554
C          1.17111        5.79531        3.26417
H          1.71314        5.62984        2.33833
H          1.52942        6.73276        3.67543
H          0.12419        5.92166        3.00518
C         -0.32178        5.62164        6.12055
H         -1.39799        5.49188        5.90372
H          0.05412        6.38150        5.44044
C         -0.20254        6.15116        7.56097
H         -0.84476        5.55746        8.21923
H         -0.54839        7.18725        7.59731
C          2.41992        7.57654        7.83293
H          2.18745        8.37961        8.54088
C          3.90408        7.21856        7.90926
H          4.52583        8.02968        7.53156
H          4.07587        6.32470        7.29193
H          4.21313        6.99141        8.92669
C          2.09493        8.02774        6.41599
H          2.73329        8.86450        6.13071
H          1.05954        8.34722        6.31904
H          2.28224        7.20254        5.72857
C          1.05076        6.30194       10.07295
H          0.51386        5.39223       10.37673
C          0.13075        7.49283       10.33155
H          0.00697        7.62440       11.40628
H         -0.85487        7.34365        9.89958
H          0.54833        8.41355        9.93082
C          2.31116        6.41487       10.92568
H          2.06616        6.32267       11.98331
H          2.78785        7.38111       10.77649
H          3.01937        5.63130       10.66700
P          2.07900        2.62802        7.94248
H          5.03371        2.36351        5.69517
C          4.22732        3.12968        3.29845
H          5.23260        2.97780        2.91119
H          3.79385        2.16310        3.53826
H          3.61993        3.59375        2.52716
C          0.78963        2.86780        3.29700
H          1.16433        2.99572        2.28645
H          1.10006        1.88249        3.62517
H         -0.29573        2.87310        3.23906
C         -0.22739        3.19660        6.33712
H         -1.31935        3.33651        6.38713
H         -0.03550        2.40466        5.61663
C          0.23422        2.69446        7.72291
H         -0.12893        3.37832        8.49404
H         -0.21168        1.71085        7.89668
C          2.43520        0.84129        7.49308
H          1.73749        0.19560        8.03860
C          3.86836        0.46981        7.86505
H          4.15850       -0.45883        7.37462
H          4.55364        1.25372        7.55160
H          3.97712        0.32440        8.93619
C          2.21578        0.66454        5.99499
H          2.64620       -0.27526        5.64961
H          1.15514        0.65444        5.75838
H          2.68203        1.48852        5.45907
C          2.14306        2.61748        9.81859
H          1.54023        3.49591       10.08004
C          1.53797        1.40258       10.51160
H          1.49558        1.57905       11.58618
H          0.52620        1.21251       10.16124
H          2.13745        0.51158       10.34583
C          3.56503        2.88954       10.30291
H          3.56137        3.20068       11.34697
H          4.19104        2.00654       10.21971
H          4.01089        3.67902        9.69799
