50
CSD_code = BERVAW | q = 0 | S = 0 | Stoichiometry = C12H30Cl2N4SiZr | MND = 6
Zr         2.53365        4.51177        1.29295
Si         3.02543        1.71894        1.04912
Cl         1.94608        5.78753        3.25342
Cl         2.59474        6.22165       -0.40628
N          3.26221        3.08104        0.00973
N          2.37171        2.72470        2.29513
N          0.26819        4.49900        0.95668
N          4.67793        5.21243        1.68812
C          4.39725        3.25830       -0.84488
H          4.61246        2.33945       -1.41467
H          4.18985        4.05655       -1.57645
C          5.67496        3.62917       -0.06174
H          5.85160        2.86316        0.69392
H          6.52267        3.62327       -0.75254
C          5.61980        5.02220        0.56568
H          5.33477        5.73352       -0.21943
H          6.63392        5.28622        0.91585
C          5.07526        4.41832        2.85890
H          6.11666        4.63753        3.14427
H          4.96602        3.35353        2.64288
H          4.41720        4.66223        3.70084
C          4.73873        6.63923        2.04771
H          4.37961        7.24765        1.21361
H          5.77178        6.93386        2.28454
H          4.10859        6.84032        2.91637
C          1.26889        2.36090        3.13280
H          1.21343        3.04929        3.99221
H          1.39528        1.34259        3.53553
C         -0.08052        2.39978        2.38367
H         -0.85530        1.99012        3.03769
H         -0.00613        1.75740        1.50578
C         -0.52118        3.81263        2.00021
H         -0.47494        4.43514        2.90223
H         -1.57372        3.77015        1.66650
C          0.13160        3.82844       -0.34373
H          0.60435        2.84477       -0.30880
H          0.64167        4.42172       -1.11141
H         -0.93014        3.72441       -0.61965
C         -0.28381        5.85953        0.84215
H         -0.12968        6.40235        1.77822
H         -1.36151        5.82186        0.62559
H          0.21615        6.40729        0.04100
C          1.94775        0.33704        0.23494
H          1.45790       -0.25593        1.00170
H          2.57200       -0.33752       -0.34222
H          1.18023        0.71253       -0.43691
C          4.53400        0.67115        1.65016
H          4.19893       -0.28438        2.04073
H          5.11755        1.14791        2.43354
H          5.20011        0.46114        0.81852
