40
CSD_code = BUCZAA | q = 0 | S = 0 | Stoichiometry = C10H24Cl2N2SiTi | MND = 4
Ti         4.78868        4.78876        0.00003
Si         2.91256        2.91261        0.00002
Cl         4.41491        6.83665        0.60475
N          4.03163        3.59052        1.16381
C          4.63330        3.09382        2.36761
C          5.41283        4.26893        2.99397
C          3.56283        2.59710        3.34839
C          5.61563        1.95626        2.03066
C          3.17597        1.08810       -0.53105
H          5.87275        3.97368        3.93518
H          6.20274        4.59647        2.30228
H          4.72872        5.10202        3.18006
H          4.01751        2.27577        4.28206
H          2.85509        3.39780        3.55087
H          3.02356        1.76146        2.91004
H          6.29329        2.28971        1.23970
H          6.19519        1.67395        2.90662
H          5.06786        1.08780        1.67409
H          2.98167        0.40517        0.28961
H          2.50915        0.81534       -1.34240
H          4.19647        0.92957       -0.87042
Cl         6.83663        4.41522       -0.60464
N          3.59050        4.03164       -1.16379
C          1.08807        3.17608        0.53109
C          3.09384        4.63327       -2.36762
H          0.40512        2.98179       -0.28956
H          0.81529        2.50927        1.34245
H          0.92957        4.19659        0.87045
C          4.26897        5.41280       -2.99396
C          2.59718        3.56277       -3.34839
C          1.95626        5.61559       -2.03075
H          3.97375        5.87269       -3.93520
H          4.59648        6.20273       -2.30228
H          5.10208        4.72869       -3.18000
H          2.27587        4.01742       -4.28208
H          3.39789        2.85503       -3.55082
H          1.76154        3.02349       -2.91006
H          2.28967        6.29328       -1.23980
H          1.67398        6.19513       -2.90674
H          1.08779        5.06782       -1.67420
