120
CSD_code = DAFNAA | q = 0 | S = 0 | Stoichiometry = C46H61N4O5PSi2W | MND = 6
W          5.65996       14.08249       -3.80566
P          5.03287       15.20170       -1.69890
Si         6.28263       17.15979       -0.46550
Si         6.28253       15.15749        1.42824
O          6.12332       16.85650       -5.20559
O          2.66158       13.73379       -4.66888
O          5.44948       11.38265       -2.22287
O          8.72174       14.05382       -3.14518
O          6.43359       12.60725       -6.45485
N          7.56491       18.25464       -0.07870
N          5.82841       17.01992        1.40607
N          7.78330       15.06512        2.27770
N          5.40440       14.40082        2.70314
C          4.82651       16.99016       -1.53581
C          6.40250       15.23176       -0.43052
H          7.23830       14.67565       -0.83794
C          3.53678       14.47704       -0.90127
H          3.68844       13.41629       -0.70688
H          2.70931       14.58188       -1.60403
H          3.28105       15.00512        0.01621
C          4.27878       17.77848       -2.60137
C          3.35463       17.19861       -3.47879
H          3.07912       16.16264       -3.32411
C          2.79240       17.91971       -4.51051
H          2.08920       17.44090       -5.17755
C          3.12520       19.25227       -4.69347
H          2.68831       19.81906       -5.50183
C          4.02930       19.84882       -3.82785
H          4.29825       20.88737       -3.96313
C          4.59956       19.12665       -2.80125
H          5.31879       19.59627       -2.14285
C          7.74218       18.44230        1.27827
C          6.81678       17.78196        2.09740
C          6.93375       17.82051        3.47187
H          6.23876       17.27163        4.08811
C          7.94931       18.55941        4.05791
H          8.04375       18.58291        5.13200
C          8.83364       19.25935        3.25743
H          9.61941       19.84699        3.70779
C          8.73832       19.20496        1.87734
H          9.45112       19.74552        1.27772
C          8.20155       19.08638       -1.07347
H          8.49098       20.03564       -0.61639
H          7.44986       19.29970       -1.83682
C          9.41813       18.46379       -1.78979
C          9.04264       17.10120       -2.36902
H          8.12686       17.16452       -2.95461
H          8.89224       16.37562       -1.57395
H          9.83738       16.73393       -3.01413
C         10.60377       18.30239       -0.83663
H         10.96930       19.27262       -0.50641
H         11.42081       17.79234       -1.34252
H         10.32453       17.71961        0.03788
C          9.80884       19.40658       -2.93119
H         10.01905       20.40567       -2.55486
H          9.00507       19.47531       -3.66016
H         10.69818       19.03779       -3.43611
C          4.43482       17.25938        1.81191
H          4.25177       16.75766        2.76736
H          3.84439       16.75137        1.04467
C          3.88765       18.70209        1.92073
C          2.36579       18.58439        1.75249
H          2.11705       18.22505        0.75670
H          1.89599       19.55489        1.88873
H          1.94731       17.89860        2.48656
C          4.42527       19.61958        0.82727
H          4.19958       19.21448       -0.15416
H          5.49857       19.75886        0.92146
H          3.95417       20.59667        0.90863
C          4.16906       19.32664        3.29102
H          3.84902       18.66639        4.09475
H          3.61909       20.26052        3.38547
H          5.22465       19.54613        3.42002
C          7.52963       14.79989        3.61858
C          6.20220       14.40109        3.85417
C          5.77041       14.15000        5.14275
H          4.74972       13.86221        5.33819
C          6.65712       14.28514        6.20087
H          6.31772       14.08744        7.20597
C          7.95907       14.68733        5.97191
H          8.64114       14.80764        6.79965
C          8.39882       14.95152        4.68408
H          9.40919       15.29157        4.52805
C          9.11032       15.33816        1.78586
H          9.63975       15.95518        2.51847
H          9.00133       15.93282        0.87589
C          9.97443       14.09957        1.44186
C          9.37935       13.34656        0.25207
H          9.38614       13.96598       -0.64135
H          8.35847       13.03544        0.46226
H          9.96714       12.45610        0.04142
C         10.08990       13.13912        2.62597
H          9.10892       12.80052        2.94970
H         10.58704       13.61163        3.46864
H         10.67309       12.26737        2.33700
C         11.36943       14.60620        1.06354
H         11.31722       15.27693        0.20921
H         12.01254       13.76998        0.80111
H         11.82690       15.14109        1.89336
C          4.22580       13.57436        2.61508
H          3.63013       13.95618        1.78672
H          3.63328       13.68822        3.52726
C          4.48528       12.06554        2.37242
C          5.55913       11.86108        1.30510
H          5.61754       10.81065        1.03138
H          6.53264       12.16654        1.68174
H          5.34359       12.43465        0.40678
C          3.16507       11.44545        1.90375
H          3.27427       10.36986        1.79105
H          2.85775       11.85710        0.94536
H          2.37424       11.63364        2.62692
C          4.93013       11.36393        3.65784
H          5.08467       10.30448        3.46551
H          4.17415       11.45924        4.43416
H          5.86240       11.78181        4.02841
C          5.88019       15.85913       -4.70549
C          3.73873       13.91984       -4.33244
C          5.51251       12.35579       -2.82597
C          7.59560       14.12001       -3.35183
C          6.14886       13.15741       -5.49195
