89
CSD_code = JUGFUO | q = -1 | S = 0 | Stoichiometry = C30H52BCl2N2SiZr(1-) | MND = 6
Zr         0.83521        9.46950        0.31145
Cl        -1.02960       10.87778        0.75982
Cl         0.58530       10.10878       -1.99829
Si        -0.05057        7.09476        1.66217
N         -0.25513        7.74911        0.06933
N          1.18746        8.24340        2.02584
C         -1.63204        7.18138        2.82798
H         -1.23638        7.13862        3.85030
C         -2.44776        8.46838        2.70542
H         -3.11446        8.57715        3.56357
H         -3.06378        8.43446        1.81081
H         -1.82527        9.35236        2.64143
C         -2.62087        6.02433        2.66891
H         -3.50345        6.19960        3.28771
H         -2.19532        5.07186        2.96925
H         -2.94466        5.94812        1.63387
C          0.54926        5.24694        1.73385
H          1.56550        5.23799        1.33557
C         -0.26237        4.29522        0.85856
H          0.21961        3.31619        0.80107
H         -0.35628        4.69595       -0.14840
H         -1.26273        4.14835        1.25302
C          0.65095        4.72832        3.16563
H          1.15413        3.75935        3.19463
H         -0.32970        4.60474        3.61606
H          1.20978        5.43182        3.77857
C         -0.47600        7.21595       -1.18354
C         -1.75221        7.31715       -1.78355
C         -1.99125        6.73587       -3.01557
H         -2.97365        6.81353       -3.46049
C         -0.98960        6.06882       -3.69690
H         -1.19092        5.60559       -4.65301
C          0.28558        6.04398       -3.16374
H          1.08205        5.57742       -3.72728
C          0.56642        6.61399       -1.93239
C         -2.80754        8.14998       -1.09875
H         -2.39939        8.42896       -0.11958
C         -3.02818        9.44281       -1.88901
H         -2.07854        9.96141       -2.00931
H         -3.71357       10.09803       -1.35484
H         -3.43594        9.23140       -2.87655
C         -4.12323        7.39451       -0.90776
H         -3.95098        6.44592       -0.40281
H         -4.59722        7.18865       -1.86592
H         -4.81317        7.98704       -0.30895
C          1.99558        6.65875       -1.43539
H          1.97825        7.12162       -0.43237
C          2.85395        7.54304       -2.35034
H          2.39651        8.52466       -2.47389
H          2.95107        7.08852       -3.33532
H          3.85048        7.66844       -1.92652
C          2.62520        5.26526       -1.33981
H          3.60684        5.32857       -0.87319
H          2.74927        4.83453       -2.33179
H          2.00308        4.59466       -0.75507
C          2.05970        8.49428        3.06333
C          1.77366        9.50662        4.01324
C          2.63109        9.74802        5.07127
H          2.38477       10.51813        5.78988
C          3.80098        9.02817        5.22373
H          4.45852        9.21397        6.06211
C          4.13432        8.09387        4.26192
H          5.07587        7.56815        4.34731
C          3.30376        7.82368        3.18702
C          0.54219       10.35940        3.83654
H          0.04958       10.01135        2.91688
C          0.90828       11.83415        3.63758
H          1.67153       11.93094        2.86553
H          1.29127       12.27139        4.55891
H          0.02622       12.39094        3.32419
C         -0.42697       10.20242        5.01028
H         -0.69405        9.15679        5.14134
H         -1.33452       10.77314        4.82495
H          0.02458       10.56038        5.93452
C          3.79250        6.88082        2.11176
H          2.97460        6.75889        1.39734
C          4.98634        7.49527        1.37225
H          4.71854        8.46546        0.96211
H          5.30235        6.84420        0.55725
H          5.82891        7.62986        2.04855
C          4.18148        5.50470        2.65799
H          4.39987        4.82317        1.83658
H          3.37688        5.08234        3.25149
H          5.06913        5.57262        3.28418
B          2.99820       10.68083        0.37395
H          2.78723        9.45149        0.02653
H          1.87760       11.23423        0.60359
H          3.64997       10.69015        1.37586
H          3.52804       11.23435       -0.53570
