47
CSD_code = OBILAM | q = 0 | S = 0 | Stoichiometry = C13H28Cl2N2SiTi | MND = 4
Ti         1.42137        0.26221        1.25065
Cl         3.29908       -0.54831        1.96406
Cl         0.49094        1.62487        2.65509
Si         0.31291       -0.25549       -1.10338
N          1.38071        0.96515       -0.43559
N          0.34995       -1.01928        0.47170
C          0.94955       -1.34643       -2.54623
H          1.43670       -0.71605       -3.29154
H          1.69626       -2.06454       -2.20252
C         -0.19503       -2.09048       -3.23115
H          0.19474       -2.63063       -4.09905
H         -0.60870       -2.83256       -2.54677
C         -1.31440       -1.16170       -3.69576
H         -0.88764       -0.35712       -4.29884
H         -1.99363       -1.73013       -4.33649
C         -2.11926       -0.55348       -2.54931
H         -2.44049       -1.35327       -1.87799
H         -3.02229       -0.09165       -2.95956
C         -1.32491        0.48930       -1.76676
H         -1.93748        0.89218       -0.95827
H         -1.10541        1.32408       -2.43380
C          2.38173        1.82165       -1.00313
C          1.82505        2.60509       -2.19905
H          1.53069        1.91609       -2.98605
H          2.57414        3.28941       -2.58932
H          0.95056        3.17148       -1.88747
C          3.59913        0.98306       -1.43744
H          3.91606        0.34989       -0.60397
H          4.42413        1.62596       -1.73579
H          3.32948        0.34165       -2.27252
C          2.81240        2.80284        0.10735
H          1.93850        3.35632        0.46186
H          3.55195        3.51011       -0.26310
H          3.24853        2.24125        0.94626
C         -0.54242       -1.85828        1.22497
C          0.16927       -2.17725        2.55723
H          1.13097       -2.65666        2.35083
H         -0.43349       -2.84803        3.16707
H          0.33835       -1.24703        3.12010
C         -1.85333       -1.10703        1.52187
H         -1.61871       -0.12704        1.94689
H         -2.46733       -1.66669        2.22403
H         -2.41527       -0.96141        0.60284
C         -0.83886       -3.16538        0.47836
H         -1.38136       -2.95108       -0.43818
H         -1.43938       -3.83045        1.09397
H          0.09545       -3.66010        0.22212
