66
CSD_code = OVILAH | q = 0 | S = 0 | Stoichiometry = C24H34Cl2N4SiTi | MND = 6
Ti        -0.00001       13.37451        1.70265
Si        -0.00004       13.37452        4.58421
Cl         2.03096       13.95164        0.96812
N         -0.51434       15.26917        1.40054
N         -0.78063       14.30622        3.33985
C         -0.49346       16.26235        0.33861
C         -0.52024       15.44743       -0.96582
H         -1.39606       14.79519       -0.97513
H          0.38339       14.83466       -1.03175
H         -0.56312       16.10945       -1.82753
C         -1.76169       17.12178        0.44311
H         -1.73855       17.72645        1.34736
H         -2.63968       16.47864        0.47322
H         -1.83650       17.78246       -0.41685
C          0.75854       17.15010        0.35853
H          0.74504       17.82818        1.20835
H          0.79594       17.74172       -0.55304
H          1.64992       16.52689        0.40855
C         -0.50855       15.43763        2.70027
C         -0.18793       16.66745        3.46552
C         -1.18488       17.40265        4.09367
H         -2.21711       17.10460        3.98078
C         -0.84925       18.51015        4.85381
H         -1.62635       19.08650        5.33377
C          0.47805       18.87603        5.00221
H          0.73649       19.73929        5.59734
C          1.47490       18.13186        4.39154
H          2.51065       18.41217        4.51291
C          1.14690       17.02851        3.62428
H          1.91605       16.43807        3.14372
C          1.34751       14.21896        5.63459
H          0.97285       15.14509        6.05814
H          2.22833       14.45027        5.04275
H          1.65273       13.57915        6.45511
Cl        -2.03097       12.79730        0.96808
N          0.51438       11.47985        1.40058
N          0.78063       12.44284        3.33988
C          0.49347       10.48666        0.33866
C          0.52024       11.30155       -0.96578
H          1.39606       11.95379       -0.97511
H         -0.38339       11.91434       -1.03170
H          0.56309       10.63953       -1.82748
C          1.76168        9.62720        0.44315
H          1.73852        9.02253        1.34741
H          2.63968       10.27032        0.47328
H          1.83647        8.96652       -0.41681
C         -0.75856        9.59894        0.35862
H         -0.74507        8.92088        1.20846
H         -0.79597        9.00728       -0.55293
H         -1.64992       10.22217        0.40863
C          0.50858       11.31141        2.70031
C          0.18798       10.08158        3.46555
C          1.18494        9.34637        4.09368
H          2.21717        9.64442        3.98078
C          0.84932        8.23885        4.85379
H          1.62644        7.66249        5.33373
C         -0.47797        7.87296        5.00221
H         -0.73640        7.00968        5.59732
C         -1.47483        8.61714        4.39157
H         -2.51058        8.33682        4.51295
C         -1.14685        9.72051        3.62433
H         -1.91600       10.31096        3.14381
C         -1.34764       12.53001        5.63447
H         -0.97306       11.60380        6.05788
H         -2.22848       12.29885        5.04261
H         -1.65282       13.16970        6.45508
