50
CSD_code = VOSCUE | q = 0 | S = 0 | Stoichiometry = C16H22N4O4P2SiW | MND = 6
W          3.78772        4.93237       17.52259
C          7.48261        3.03996       14.78883
N          5.37798        2.57415       15.21970
Si         3.95661        1.63045       14.73252
P          5.61606        3.79697       16.32829
P          2.58589        2.79184       17.34115
C          7.23715        3.98843       15.80990
N          6.46589        2.27977       14.47420
O          4.96300        4.31104       20.37019
C          8.21726        4.95521       16.38445
H          7.74213        5.54627       17.16724
H          8.58803        5.63448       15.61707
H          9.07394        4.43339       16.81274
N          1.80292        0.82107       15.93558
C          8.82652        3.86442       12.86528
H          9.76772        3.75476       12.33205
H          8.73829        4.89439       13.20305
H          8.00935        3.65677       12.17912
N          2.77773        1.74957       16.05260
C          8.77299        2.89801       14.04943
H          8.85064        1.87359       13.68405
H          9.60581        3.09730       14.72598
O          1.43197        6.36864       18.97380
C          0.90067        0.95408       16.87133
O          5.29181        7.65981       17.65936
C          1.12336        2.01757       17.78044
C         -0.28696       -0.99038       15.82217
H         -1.15832       -1.63523       15.90842
H          0.61124       -1.59935       15.86498
H         -0.30925       -0.49095       14.85794
C         -0.27741        0.03767       16.94502
H         -1.18922        0.64129       16.90864
H         -0.26487       -0.46750       17.91561
O          2.56329        5.79783       14.76286
C          0.26029        2.37037       18.94367
H          0.66483        3.23856       19.46281
H          0.19536        1.53936       19.64708
H         -0.75148        2.60496       18.61157
C          2.28897        5.82740       18.43862
C          4.75215        6.65014       17.60163
C          3.01270        5.46656       15.76316
C          4.54741        4.48095       19.31777
C          3.20379        2.43853       13.18763
H          2.30670        1.91030       12.88073
H          3.90827        2.41202       12.36235
H          2.93467        3.47798       13.36251
C          4.48507       -0.17997       14.59260
H          3.63588       -0.79717       14.32249
H          4.88845       -0.55625       15.52868
H          5.24980       -0.28863       13.83215
