102
CSD_code = NICLUG | q = 0 | S = 0 | Stoichiometry = C46H44O8Si3Ti | MND = 6
Ti         0.95655        1.54675       13.53561
Si         4.44372       -0.84952       14.74257
Si         4.00271        2.16119       14.74538
Si         2.51172       -1.00499       12.33767
O          0.36987        1.15796       15.31992
O          0.37205        3.40203       13.85093
O          1.25916        2.21188       11.75449
O         -0.87277        1.15732       13.00658
O          1.38332       -0.10842       13.00839
O          2.54352        1.98770       14.14713
O          4.80183        0.73046       14.83990
O          3.78636       -1.29584       13.33642
C          0.43101        1.94739       16.31009
C          0.52939        3.98706       14.95806
C          0.54537        3.33406       16.19624
H          0.63661        3.92794       17.09151
C          0.31992        1.34324       17.68887
H          1.03757        0.53113       17.78392
H         -0.67595        0.91818       17.80991
H          0.49497        2.08363       18.46207
C          0.66466        5.49311       14.95145
H          0.55816        5.86674       13.93585
H          1.64617        5.76227       15.33605
H         -0.08796        5.94745       15.59151
C          0.65410        1.86740       10.69925
C         -1.22359        0.79385       11.84912
C         -0.52787        1.12045       10.68045
H         -0.94089        0.82506        9.72871
C          1.23023        2.31949        9.37791
H          2.02998        3.03373        9.55557
H          0.45816        2.76741        8.75706
H          1.64206        1.46073        8.85170
C         -2.51642        0.01819       11.71365
H         -2.87922       -0.25961       12.70058
H         -2.35771       -0.87407       11.11330
H         -3.26576        0.63321       11.21856
C          6.09684       -1.74223       14.86903
C          6.22911       -3.05006       14.41633
H          5.38218       -3.52112       13.94032
C          7.41809       -3.74136       14.56228
H          7.50339       -4.75677       14.20108
C          8.50127       -3.13351       15.17481
H          9.43119       -3.67164       15.29280
C          8.38613       -1.83307       15.63636
H          9.22859       -1.35472       16.11568
C          7.19284       -1.14927       15.48509
H          7.09916       -0.13510       15.84243
C          3.30714       -1.39331       16.16429
C          3.82815       -1.76183       17.40483
H          4.89760       -1.71828       17.55628
C          3.00577       -2.18476       18.43422
H          3.43162       -2.46317       19.38781
C          1.63682       -2.26158       18.23734
H          0.99212       -2.60144       19.03557
C          1.10070       -1.90276       17.01087
H          0.03372       -1.96212       16.84928
C          1.92689       -1.46721       15.98728
H          1.49606       -1.17857       15.03684
C          4.95488        3.33550       13.59982
C          6.33773        3.47982       13.61355
H          6.91858        2.88592       14.30300
C          6.97156        4.36080       12.75408
H          8.04787        4.45727       12.77456
C          6.22750        5.11914       11.86608
H          6.72087        5.80725       11.19405
C          4.84795        4.98883       11.83926
H          4.26472        5.57707       11.14405
C          4.21997        4.10597       12.69955
H          3.14194        3.98377       12.67514
C          3.87290        2.86304       16.50947
C          3.86198        4.23745       16.72783
H          4.01545        4.90003       15.88717
C          3.67390        4.76386       17.99357
H          3.67010        5.83500       18.14121
C          3.49444        3.91716       19.07472
H          3.34699        4.32456       20.06489
C          3.51412        2.54650       18.87985
H          3.38407        1.87947       19.72058
C          3.70139        2.02901       17.60979
H          3.72383        0.95907       17.46314
C          3.29569       -0.19306       10.80648
C          4.00778        0.99133       10.97594
H          4.07255        1.42051       11.96542
C          4.62966        1.61408        9.90817
H          5.18165        2.52985       10.06701
C          4.54866        1.05871        8.64105
H          5.03701        1.53734        7.80403
C          3.83991       -0.11646        8.45176
H          3.77528       -0.55478        7.46535
C          3.21988       -0.73352        9.52625
H          2.67325       -1.65388        9.37429
C          1.76420       -2.69426       11.91925
C          2.55351       -3.76209       11.50782
H          3.62287       -3.62512       11.44848
C          1.99052       -4.98326       11.18159
H          2.61952       -5.80347       10.86508
C          0.61847       -5.15617       11.25888
H          0.17607       -6.10846       11.00265
C         -0.18361       -4.10393       11.66846
H         -1.25481       -4.23765       11.73355
C          0.38839       -2.88682       11.99362
H         -0.22693       -2.05926       12.32068
