164
CSD_code = UZUFUS | q = 0 | S = 0 | Stoichiometry = C70H88O4SiW | MND = 8
W         14.23940        8.72649       13.19369
O         13.84769        9.53668       15.17901
Si        14.54735        9.55794       16.60409
C         14.44407        7.73534       17.24123
O         16.10201       10.12826       16.43364
C         16.43891       11.41917       15.96372
C         15.25467       12.33136       15.69285
C         14.05440       12.21632       16.39153
C         13.85621       11.16525       17.44334
H         12.78455       11.12934       17.64875
C         14.00530        6.96902       14.02403
O         13.79840        5.87787       14.34440
C         15.56874        7.42633       12.57997
O         16.26960        6.57358       12.20786
C         13.18278        7.22989       17.61747
C         12.93407        5.86039       17.65542
C         13.91202        4.93333       17.37344
H         13.68997        3.87889       17.39078
C         15.18398        5.40067       17.12824
C         15.45571        6.76865       17.06727
C         11.94193        7.96535       18.11810
C         10.96533        6.83465       18.53470
H         10.91187        6.76566       19.61855
H          9.95825        7.04237       18.17826
C         11.50060        5.51530       17.96252
C         16.39240        4.52479       16.90942
C         17.54832        5.53534       17.01023
H         18.29780        5.35018       16.24261
H         18.04042        5.43276       17.97547
C         16.95548        6.95717       16.86957
C         10.17117        9.72951       17.43203
H          9.41464        9.20885       18.01556
H          9.68408       10.16102       16.55856
H         10.55959       10.54580       18.03606
C         11.28365        8.78380       16.98907
H         12.04131        9.34871       16.45782
H         10.86926        8.06955       16.27458
C         12.28459        8.83219       19.34513
H         12.88005        9.67963       19.02854
H         11.35720        9.21167       19.77968
C         13.07309        8.11120       20.43505
H         12.45952        7.40008       20.98112
H         13.45550        8.83922       21.14791
H         13.91406        7.57351       20.00661
C         12.23950        4.40208       20.17396
H         13.27994        4.54607       19.89504
H         12.15634        3.47589       20.73970
H         11.94599        5.21829       20.82814
C         11.35089        4.33342       18.93674
H         10.30807        4.27589       19.25636
H         11.58027        3.41137       18.39754
C         10.84201        5.14881       16.61218
H         10.97308        5.99107       15.93019
H         11.39497        4.30970       16.18361
C          9.36427        4.77873       16.68025
H          9.21382        3.86100       17.24243
H          8.97832        4.62421       15.67436
H          8.77817        5.56655       17.14772
C         15.25849        2.90621       15.21070
H         15.25501        2.07940       15.91681
H         15.39176        2.49501       14.21153
H         14.29680        3.40881       15.23990
C         16.38126        3.89438       15.50040
H         16.30430        4.70266       14.77141
H         17.34229        3.39961       15.34148
C         16.48455        3.46367       18.02133
H         16.48879        3.98816       18.98096
H         15.59232        2.83722       18.00533
C         17.71415        2.56526       17.93770
H         17.67520        1.92927       17.05744
H         17.76316        1.92263       18.81500
H         18.62747        3.15375       17.89618
C         17.18483        7.49685       19.37367
H         16.10856        7.39329       19.48615
H         17.53333        8.26566       20.06039
H         17.64343        6.55559       19.66989
C         17.54489        7.88568       17.94232
H         17.17999        8.89019       17.75468
H         18.63294        7.88843       17.84569
C         17.22625        7.47039       15.44314
H         16.92057        6.68276       14.75260
H         16.58774        8.33144       15.25651
C         18.66988        7.85300       15.13448
H         18.95137        8.77127       15.64166
H         18.77903        8.01959       14.06440
H         19.36420        7.06890       15.42850
C         17.18293       11.20162       14.64693
C         16.63435       10.38044       13.66751
H         15.63734        9.90093       13.83197
C         17.30995       10.14850       12.48032
H         16.88710        9.48055       11.74060
C         18.53838       10.74476       12.22627
C         19.07114       11.58740       13.19327
H         20.02201       12.06913       13.01653
C         18.40655       11.80894       14.38400
H         18.84309       12.46295       15.12399
C         19.25964       10.49888       10.93629
H         19.10688       11.33545       10.25326
H         18.89664        9.59385       10.45561
H         20.32925       10.40181       11.10774
C         17.33642       12.05670       17.02301
C         18.42102       11.32955       17.50076
H         18.63262       10.36348       17.07315
C         19.22203       11.82666       18.50747
H         20.05386       11.23797       18.86781
C         18.97378       13.07573       19.06445
C         17.90950       13.81099       18.56765
H         17.69879       14.78988       18.97463
C         17.09952       13.31200       17.56210
H         16.27795       13.91508       17.20776
C         19.83849       13.59793       20.17118
H         19.59154       14.63056       20.40529
H         20.89051       13.54384       19.89446
H         19.69976       12.99667       21.06915
C         15.40556       13.35713       14.76414
H         16.34636       13.46267       14.24113
C         14.39041       14.26400       14.49780
C         13.18457       14.11922       15.17219
H         12.37268       14.80579       14.97589
C         13.02604       13.10688       16.09669
H         12.08213       13.00619       16.61566
C         14.58871       15.37907       13.51425
H         15.47624       15.21049       12.90799
H         14.71020       16.32592       14.04177
H         13.72510       15.47477       12.85705
C         14.55966       11.59009       18.70845
C         15.37765       10.73810       19.43204
H         15.51318        9.72189       19.10248
C         16.02673       11.17456       20.57346
H         16.66714       10.49034       21.11251
C         15.86976       12.47157       21.03472
C         15.02592       13.31915       20.32716
H         14.87580       14.33221       20.67498
C         14.38349       12.88665       19.18511
H         13.73787       13.56986       18.65035
C         16.57217       12.95679       22.26710
H         17.12773       13.86884       22.05417
H         17.26317       12.20519       22.64121
H         15.85020       13.18217       23.05232
C         12.51094       10.28517       12.67276
C         12.10302        8.93485       12.42472
C         12.93188        8.41044       11.36954
C         13.88611        9.43196       11.02808
C         13.61112       10.58118       11.83993
C         11.79886       11.22951       13.58720
H         12.06026       11.02118       14.62675
H         10.72066       11.11758       13.47610
H         12.06938       12.26064       13.37104
C         10.86488        8.29133       12.96995
H         10.00315        8.54110       12.34656
H         10.67223        8.63718       13.98316
H         10.96945        7.20775       12.98920
C         12.66938        7.15637       10.58748
H         12.26369        6.37780       11.23104
H         13.58478        6.78096       10.13393
H         11.94845        7.35502        9.79192
C         14.75372        9.40642        9.80132
H         15.23838        8.43807        9.67976
H         15.52062       10.17736        9.83892
H         14.14052        9.58741        8.91601
C         14.26127       11.92403       11.69239
H         14.27445       12.45965       12.64015
H         13.70828       12.52532       10.96671
H         15.28842       11.83396       11.34068
