49
CSD_code = VUPXIN | q = 0 | S = 0 | Stoichiometry = C15H20MoO10P2Si | MND = 6
Mo         3.19415        0.91068        2.71327
P          2.04333        2.96368        2.67886
P          4.27220        1.62013        4.68614
Si         3.52616        4.47776        4.65451
C          4.59043        1.73703        1.62117
O          5.38792        2.23796        0.97693
C          4.09970       -0.80471        2.75873
O          4.59775       -1.83354        2.78832
C          2.29365        0.35961        1.08641
O          1.77329        0.04290        0.11931
C          1.78439        0.17804        3.85655
O          0.96821       -0.22942        4.53994
O          2.44330        3.77634        1.34490
C          1.85809        5.04040        1.04565
O          0.43659        3.01292        2.70437
C         -0.30371        2.13869        1.87562
O          2.16204        4.06445        3.82851
O          5.88345        1.56096        4.82067
C          6.58467        0.43073        4.34173
O          3.75479        0.75362        5.93493
C          4.23928        0.99765        7.25300
O          4.17768        3.10226        5.26752
C          4.75146        5.25901        3.44046
C          5.90047        4.58165        3.03295
C          6.74532        5.11972        2.07872
C          6.46163        6.35267        1.51714
C          5.33479        7.04948        1.92187
C          4.49074        6.50767        2.87401
C          2.92648        5.49327        6.13057
H          1.36508        4.97120        0.07468
H          2.65233        5.78697        1.00157
H          1.13022        5.32309        1.80895
H         -1.35137        2.41875        1.98706
H         -0.17008        1.09820        2.18481
H         -0.00758        2.23962        0.82819
H          7.62600        0.56364        4.63620
H          6.51773        0.36544        3.25170
H          6.19634       -0.49201        4.77978
H          4.21469        0.04612        7.78400
H          3.59471        1.71872        7.75768
H          5.25944        1.38599        7.22732
H          6.13264        3.62397        3.47595
H          7.62380        4.57329        1.76951
H          7.11695        6.77173        0.76785
H          5.11267        8.01534        1.49124
H          3.61227        7.05353        3.18647
H          3.74384        5.67464        6.81817
H          2.12974        4.99253        6.67293
H          2.55183        6.45503        5.80191
