98
CSD_code = KIBMUF | q = 0 | S = 0 | Stoichiometry = C43H50N2PRhSi | MND = 5
Rh         2.27912        4.21382        2.97698
P          2.07249        3.43560        5.11166
Si         3.93604        2.86718        2.00308
N          3.02338        6.18094        3.36491
N          1.96528        4.75730        1.08041
C          3.74952        8.46061        2.83603
H          2.94134        9.03233        3.29180
H          4.10792        9.00793        1.96825
H          4.55236        8.39274        3.56730
C          3.25217        7.09031        2.43609
C          3.03521        6.89907        1.06950
H          3.33662        7.71009        0.42388
C          2.41617        5.82166        0.44663
C          2.19939        5.92001       -1.04352
H          2.43479        4.97541       -1.53026
H          2.81662        6.70545       -1.47115
H          1.15551        6.14740       -1.25760
C          3.15814        6.62608        4.70375
C          4.38209        6.47803        5.37320
C          4.52868        6.99359        6.64931
H          5.48062        6.89476        7.15120
C          3.47842        7.63465        7.28063
H          3.60603        8.03677        8.27476
C          2.26892        7.76375        6.62766
H          1.44320        8.26783        7.11094
C          2.09677        7.28554        5.33592
C          0.78927        7.53407        4.63911
H         -0.03951        7.15841        5.23849
H          0.76346        7.05567        3.66198
H          0.63777        8.60512        4.49612
C          5.52201        5.79421        4.68658
H          6.27702        5.48729        5.40605
H          5.99249        6.45660        3.95871
H          5.14837        4.92291        4.15004
C          1.27477        3.76558        0.34385
C         -0.10081        3.87678        0.12448
C         -0.75850        2.86160       -0.55782
H         -1.82283        2.94646       -0.72655
C         -0.07234        1.75097       -1.00911
H         -0.59761        0.96625       -1.53368
C          1.28866        1.64350       -0.78207
H          1.82467        0.77150       -1.12939
C          1.98084        2.64473       -0.11984
C         -0.87863        5.05769        0.63209
H         -0.30476        5.61264        1.37354
H         -1.81263        4.72665        1.08345
H         -1.12478        5.73791       -0.18501
C          3.44176        2.54944        0.13688
H          3.95717        3.30853       -0.45265
H          3.80867        1.57838       -0.19131
C          4.08532        1.12934        2.85490
H          4.16594        1.25455        3.93410
H          3.16063        0.58007        2.68419
C          5.76268        3.52788        1.83631
H          6.24745        3.55931        2.81096
H          6.30611        2.78739        1.24768
C          5.26177        0.29555        2.36778
H          5.22378        0.16090        1.28980
H          5.24734       -0.68982        2.83191
H          6.20484        0.77324        2.61933
C          5.90702        4.88327        1.15810
H          5.52172        4.84979        0.14187
H          6.95427        5.18093        1.11069
H          5.35371        5.64619        1.69572
C          3.05341        3.89234        6.58649
C          4.38615        3.48332        6.57933
H          4.76765        2.96597        5.70740
C          5.20283        3.72735        7.66575
H          6.23167        3.39613        7.65542
C          4.69812        4.39328        8.77180
H          5.33055        4.57796        9.62785
C          3.38599        4.83182        8.77107
H          2.99544        5.36688        9.62443
C          2.56642        4.59184        7.68138
H          1.55074        4.95838        7.68642
C          1.91828        1.62096        5.40640
C          0.98143        0.94677        4.62721
H          0.42666        1.49353        3.87727
C          0.76168       -0.40628        4.79243
H          0.03226       -0.91132        4.17612
C          1.47570       -1.11342        5.74618
H          1.30956       -2.17265        5.87652
C          2.39988       -0.45147        6.53359
H          2.95671       -0.99236        7.28535
C          2.61809        0.90668        6.37051
H          3.34023        1.39982        7.00406
C         -0.45434        4.48006        4.70552
H         -0.02100        4.77896        3.74945
C         -1.78201        4.74059        4.99276
H         -2.40089        5.26369        4.27764
C         -2.31617        4.32364        6.20032
H         -3.35146        4.52614        6.43312
C         -1.52632        3.63011        7.10476
H         -1.95025        3.28836        8.03806
C         -0.20099        3.36439        6.81400
H          0.40590        2.80153        7.51009
C          0.35183        3.81016        5.61654
H          1.49256        2.96325        2.67723
