99
CSD_code = PEMNAZ | q = 0 | S = 0 | Stoichiometry = C33H57N2O4RhSi2 | MND = 6
Rh        -0.12076        2.87301        3.86764
Si        -0.06702        4.01379        1.77437
H          1.05091        3.81679        3.80424
N          1.34070        1.39745        3.57209
C          2.28380       -0.85969        3.51754
H          2.56021       -0.96178        2.46888
H          2.02167       -1.84363        3.89806
H          3.15276       -0.49316        4.06146
C          1.12178        0.09779        3.66059
C         -0.12169       -0.49360        3.86638
H         -0.12201       -1.57445        3.86555
C          2.63456        1.77357        3.13693
C          2.96878        1.63715        1.77972
C          4.21216        2.04293        1.31471
H          4.46949        1.95799        0.27136
C          5.13691        2.56198        2.20049
H          6.09955        2.88695        1.83655
C          4.85415        2.64577        3.54985
H          5.60548        3.02645        4.22196
C          3.61607        2.23248        4.02688
O          1.99867        1.07527        0.99346
C          2.25628        0.92036       -0.37792
H          2.42301        1.88357       -0.87076
H          1.36464        0.45587       -0.79680
H          3.11850        0.26807       -0.55606
O          3.27889        2.20794        5.35138
C          4.28721        2.48271        6.29163
H          5.13944        1.80451        6.17205
H          3.83656        2.32049        7.26997
H          4.63546        3.51793        6.22583
C          1.59934        4.60174        0.95500
H          2.22427        3.74777        0.70827
H          1.35719        5.09658        0.01267
C          2.41991        5.55945        1.80727
H          1.83563        6.43569        2.07432
H          3.31105        5.88769        1.27335
H          2.73641        5.06928        2.72368
C         -0.82893        2.68555        0.58105
H         -0.23483        1.77621        0.63939
H         -1.81940        2.42534        0.94032
C         -0.91406        3.14404       -0.87040
H         -1.51195        4.04793       -0.95897
H         -1.37163        2.37269       -1.49066
H          0.07437        3.35453       -1.27084
C         -1.08754        5.67250        1.72067
H         -0.81518        6.27730        2.58492
H         -0.79261        6.23758        0.83597
C         -2.59813        5.49709        1.70739
H         -2.91299        4.97268        0.80932
H         -3.10348        6.46230        1.73513
H         -2.91507        4.91976        2.57122
N         -1.58290        1.39789        4.16363
C         -2.52739       -0.85872        4.21502
H         -2.80457       -0.96113        5.26345
H         -2.26557       -1.84262        3.83421
H         -3.39580       -0.49147        3.67070
C         -1.36479        0.09824        4.07319
C         -2.87658        1.77411        4.59931
C         -3.21015        1.63721        5.95662
C         -4.45327        2.04289        6.42239
H         -4.71009        1.95762        7.46584
C         -5.37843        2.56228        5.53723
H         -6.34087        2.88718        5.90176
C         -5.09637        2.64643        4.18775
H         -5.84804        3.02728        3.51612
C         -3.85856        2.23323        3.70997
O         -2.23966        1.07490        6.74207
C         -2.49689        0.91869        8.11336
H         -2.66323        1.88145        8.60720
H         -1.60526        0.45353        8.53152
H         -3.35923        0.26644        8.29108
O         -3.52211        2.20898        2.38528
C         -4.53075        2.48436        1.44554
H         -5.38288        1.80599        1.56485
H         -4.08031        2.32295        0.46697
H         -4.87909        3.51949        1.51221
Si        -0.17586        4.01479        5.96158
H         -1.29284        3.81602        3.93525
C         -1.84224        4.60302        6.78078
H         -2.46669        3.74896        7.02854
H         -1.60029        5.09910        7.72252
C         -2.66328        5.55933        5.92741
H         -2.07935        6.43540        5.65903
H         -3.55438        5.88798        6.46112
H         -2.97990        5.06784        5.01174
C          0.58614        2.68832        7.15694
H         -0.00680        1.77825        7.09837
H          1.57740        2.42898        6.79926
C          0.66878        3.14763        8.60832
H          1.26536        4.05235        8.69718
H          1.12651        2.37725        9.22967
H         -0.32045        3.35707        9.00733
C          0.84502        5.67334        6.01551
H          0.57332        6.27787        5.15088
H          0.54973        6.23894        6.89976
C          2.35561        5.49786        6.02974
H          2.66984        4.97367        6.92816
H          2.86119        6.46296        6.00198
H          2.67293        4.92016        5.16628
