65
CSD_code = WAGKUK | q = 0 | S = 0 | Stoichiometry = C15H44P3RhSi2 | MND = 6
Rh         1.98256        1.22320        4.11332
P          1.39548        2.83727        5.77844
P          1.54777        2.68207        2.24566
P         -0.03653        0.06995        4.10922
Si         3.04336       -0.10060        5.81620
Si         2.99910       -0.37810        2.64282
C          2.77317        3.98144        6.18959
C          0.94323        2.33118        7.49242
C          0.07758        4.12337        5.56528
C          2.90921        3.89828        2.02421
C          1.50232        2.03939        0.52164
C          0.13892        3.87512        2.07390
C         -1.21075        0.36331        2.71645
C         -1.25777        0.34386        5.46524
C         -0.07437       -1.76453        4.10204
C          1.99382       -1.15159        7.08234
C          4.30912        0.75799        7.01552
C          4.18549       -1.41691        4.98543
C          3.58524       -1.89915        3.67855
C          2.06522       -1.23215        1.15542
C          4.64108        0.19984        1.78521
H          3.35952        1.85796        4.10536
H          3.61210        3.39764        6.55769
H          3.08968        4.50309        5.28823
H          2.46390        4.70707        6.94211
H          1.01121        3.19057        8.15938
H         -0.07423        1.94851        7.50924
H          1.61516        1.55090        7.83426
H         -0.15992        4.57584        6.52733
H          0.44079        4.89835        4.89365
H         -0.82456        3.68746        5.14054
H          3.84332        3.35408        1.90435
H          2.73097        4.52864        1.15296
H          2.98751        4.52081        2.91371
H          0.60506        1.44568        0.36617
H          1.50869        2.86889       -0.18529
H          2.36769        1.40753        0.35264
H          0.22398        4.65746        2.82293
H          0.16292        4.33021        1.08449
H         -0.81431        3.36948        2.20714
H         -1.55866        1.39435        2.74688
H         -0.70708        0.19353        1.76844
H         -2.06772       -0.30587        2.79357
H         -1.47750        1.40668        5.55447
H         -2.18076       -0.19830        5.25874
H         -0.83946       -0.00994        6.40424
H         -1.10145       -2.12821        4.13979
H          0.41178       -2.12752        3.20084
H          0.47548       -2.13042        4.96460
H          0.99366       -0.76501        7.24714
H          1.89863       -2.17641        6.73840
H          2.49628       -1.17964        8.04443
H          4.87597       -0.00599        7.53869
H          5.01692        1.37065        6.46759
H          3.83502        1.38239        7.76589
H          5.15007       -0.95535        4.77816
H          4.37529       -2.25333        5.66005
H          2.74608       -2.56058        3.89395
H          4.31015       -2.48809        3.11415
H          1.00810       -0.99353        1.11828
H          2.49833       -0.94216        0.20413
H          2.15434       -2.31091        1.23538
H          5.05347       -0.60877        1.18926
H          4.50124        1.05483        1.13037
H          5.38069        0.47651        2.52826
