67
CSD_code = IYUDOV | q = 0 | S = 0 | Stoichiometry = C22H40S2Si2Ti | MND = 12
Ti         0.72259        0.03291        3.01427
S          2.50826       -0.20510        1.46076
S          2.08176        0.23917        4.95517
Si         3.93151       -1.80787        1.60486
Si         3.52851        1.81285        5.16615
C          0.81916       -2.21361        3.49419
C          0.25774       -2.10460        2.20056
C         -1.01324       -1.51572        2.32948
C         -1.24514       -1.26416        3.69549
C         -0.11872       -1.69338        4.41594
C          0.97875        2.27546        2.57789
C          0.11708        2.18138        3.69561
C         -1.09613        1.61856        3.25960
C         -0.99356        1.36830        1.87763
C          0.28302        1.77227        1.45421
C          3.21214       -3.50620        1.08094
C          4.60047       -1.93714        3.38776
C          5.31909       -1.34582        0.33946
C          6.45468       -2.36352        0.43051
C          5.88319        0.04499        0.62637
C          4.75421       -1.35457       -1.08155
C          2.73730        3.52639        5.50399
C          4.61310        1.92488        3.59958
C          4.55647        1.32552        6.73006
C          5.69916        2.32091        6.92235
C          5.14676       -0.07633        6.58434
C          3.66224        1.34693        7.97038
H          1.73875       -2.71813        3.75941
H          0.66606       -2.50952        1.28514
H         -1.73424       -1.40732        1.53079
H         -2.17628       -0.92585        4.12827
H         -0.01763       -1.71321        5.49374
H          1.94542        2.76026        2.54581
H          0.29843        2.58010        4.68395
H         -1.99195        1.52703        3.85844
H         -1.79811        1.04818        1.23033
H          0.64378        1.78742        0.43348
H          2.56732       -3.93367        1.84230
H          2.64140       -3.43370        0.15955
H          4.01809       -4.21248        0.90876
H          3.90204       -1.48334        4.08857
H          4.75627       -2.96999        3.68332
H          5.54781       -1.41969        3.49605
H          6.10522       -3.36273        0.18329
H          7.25075       -2.10372       -0.26679
H          6.87620       -2.38860        1.43244
H          6.32641        0.08895        1.61812
H          6.65396        0.29893       -0.10107
H          5.09605        0.79214        0.56610
H          3.92006       -0.66107       -1.16000
H          5.51980       -1.05400       -1.79638
H          4.40622       -2.34743       -1.35607
H          3.49144        4.21693        5.86791
H          2.30482        3.96464        4.61006
H          1.95899        3.46768        6.25946
H          5.55111        1.39471        3.72587
H          4.09991        1.47718        2.75042
H          4.85036        2.95425        3.34957
H          6.29593        2.04648        7.79183
H          6.35277        2.33664        6.05362
H          5.31911        3.32699        7.08049
H          4.35455       -0.80796        6.44816
H          5.81751       -0.13003        5.73044
H          5.71186       -0.34433        7.47684
H          3.27696        2.34672        8.15533
H          2.82097        0.66996        7.84041
H          4.22438        1.03227        8.84925
