105
CSD_code = NASJIB | q = 0 | S = 0 | Stoichiometry = C38H62FeN2SSi | MND = 3
Fe        10.62394       -7.64345        5.29691
Si        10.82146      -11.47118        4.52813
S         10.09375       -9.69825        5.44857
N         10.30226       -6.21247        4.02326
N         11.24111       -6.23321        6.47946
C         10.15799       -3.95065        2.87406
C         10.08257       -7.06512        2.93811
C         11.25893       -7.02335        7.63397
C          9.32306      -12.22241        3.62186
H          9.56950      -13.18853        3.19229
H          8.99289      -11.57129        2.81760
H          8.48432      -12.36122        4.29711
C         10.51564       -4.91303        4.02473
C         11.17070       -7.42044        2.10503
C         12.37345       -7.83031        7.93884
C         12.21469      -11.20816        3.25202
H         13.14628      -10.91271        3.72509
H         11.93841      -10.44162        2.53419
H         12.40223      -12.12538        2.70217
C         11.01044       -4.29825        5.17733
H         11.14021       -3.23501        5.13739
C         10.97818       -8.35439        1.10267
H         11.80388       -8.64319        0.47061
C         12.32442       -8.66031        9.04836
H         13.17405       -9.28252        9.28638
C         11.43269      -12.64499        5.90002
H         11.67927      -13.62058        5.49276
H         10.66989      -12.78355        6.65988
H         12.31831      -12.25626        6.39376
C         11.34124       -4.92522        6.38254
C          9.73549       -8.92558        0.88991
H          9.60368       -9.65403        0.10347
C         11.20498       -8.70784        9.85495
H         11.18149       -9.36421       10.71210
C         11.89738       -3.98949        7.47390
C          8.66563       -8.55652        1.68165
H          7.69726       -8.99612        1.49663
C         10.10948       -7.91713        9.55738
H          9.23635       -7.97066       10.18861
C          9.80543       -4.61120        1.53918
H          9.49127       -3.83763        0.83897
H          8.99380       -5.32216        1.63580
H         10.66145       -5.12252        1.11000
C          8.81088       -7.63304        2.70560
C         10.11699       -7.06662        8.46642
C         11.32481       -2.98993        2.58768
H         12.24318       -3.54386        2.40620
H         11.50040       -2.29347        3.40156
H         11.10117       -2.40373        1.69847
C         12.52983       -6.80938        2.36108
H         12.37806       -5.82741        2.81832
C         13.60942       -7.80825        7.06956
H         13.44323       -7.07777        6.27000
C          8.93233       -3.14825        3.34075
H          9.14018       -2.60835        4.26034
H          8.09375       -3.81587        3.52422
H          8.64203       -2.42881        2.57722
C         13.37077       -6.61958        1.09892
H         13.71124       -7.57265        0.70171
H         14.25111       -6.02367        1.33186
H         12.80373       -6.10549        0.32555
C         13.81587       -9.18618        6.43682
H         14.07366       -9.92135        7.19526
H         14.61772       -9.15424        5.70258
H         12.89829       -9.50878        5.94655
C         10.93929       -2.80905        7.70211
H         11.30529       -2.19718        8.52436
H          9.94709       -3.17033        7.96271
H         10.85201       -2.16923        6.82967
C         13.27460       -7.67471        3.37847
H         12.62820       -7.84831        4.24789
H         14.18661       -7.18141        3.70677
H         13.53475       -8.63477        2.94165
C         14.85984       -7.39380        7.84938
H         14.74582       -6.39960        8.27575
H         15.72271       -7.38315        7.18623
H         15.06252       -8.08895        8.66029
C         13.25393       -3.47207        6.96695
H         13.94359       -4.30252        6.83183
H         13.68392       -2.78088        7.68948
H         13.15560       -2.95620        6.01624
C          7.60849       -7.23434        3.53104
H          7.95752       -6.57066        4.33002
C          8.89934       -6.24633        8.11145
H          9.21990       -5.40132        7.49483
C         12.13459       -4.62819        8.84420
H         12.80914       -5.47470        8.78697
H         11.20528       -4.95738        9.29805
H         12.58508       -3.88497        9.50155
C          6.94976       -8.45986        4.16775
H          6.48307       -9.08582        3.41152
H          6.18163       -8.14850        4.87152
H          7.68885       -9.05318        4.69897
C          7.97644       -7.11773        7.25831
H          8.53062       -7.48962        6.39075
H          7.11666       -6.54647        6.91633
H          7.62688       -7.97468        7.82846
C          6.57321       -6.48403        2.68601
H          6.23435       -7.10061        1.85653
H          6.98043       -5.56214        2.27810
H          5.71024       -6.23197        3.29914
C          8.15457       -5.69214        9.32614
H          7.65302       -6.48278        9.87813
H          7.39667       -4.98291        8.99910
H          8.83599       -5.17835       10.00153
