85
CSD_code = DAFNEE | q = 0 | S = 0 | Stoichiometry = C36H39N2O5PSiW | MND = 6
W          3.01817        0.91700        1.61535
P          1.64509        0.93522        3.69162
Si         2.12915        0.15236        5.78178
O          1.92979        3.50438        0.23054
O          0.88544       -0.56452       -0.14517
O          4.27367       -1.83096        2.47943
O          4.97185        2.81680        3.17030
O          4.86619        0.88987       -0.90636
N          3.63339       -0.66054        6.02338
N          1.23391       -1.07558        6.60458
C          1.71289        2.43464        4.73924
C          1.95812        2.04434        6.01117
C          2.05107        2.93441        7.20717
H          3.02047        3.42840        7.25199
H          1.93330        2.36541        8.12559
H          1.28394        3.70735        7.16545
C          1.58987        3.76477        4.16476
C          0.76211        3.95056        3.05555
H          0.21285        3.10627        2.65643
C          0.62223        5.19623        2.47600
H         -0.03020        5.32156        1.62470
C          1.33265        6.27630        2.97309
H          1.23273        7.24855        2.51435
C          2.18406        6.09917        4.05115
H          2.75661        6.93358        4.42917
C          2.30978        4.85894        4.64721
H          2.99645        4.73122        5.46795
C         -0.12083        0.53514        3.57268
C         -1.13521        1.32282        4.10932
H         -0.89167        2.25228        4.60555
C         -2.45374        0.91528        4.00788
H         -3.23783        1.53553        4.41810
C         -2.76995       -0.28090        3.38492
H         -3.80048       -0.59357        3.30819
C         -1.76209       -1.07669        2.86106
H         -2.00640       -2.01199        2.37979
C         -0.44552       -0.67026        2.95182
H          0.35117       -1.28750        2.55278
C          3.43096       -1.87252        6.66704
C          4.38089       -2.84301        6.93083
H          5.40818       -2.70473        6.64057
C          4.00753       -4.02005        7.56172
H          4.75506       -4.77036        7.76951
C          2.68994       -4.23515        7.91306
H          2.40005       -5.15259        8.40229
C          1.72379       -3.28187        7.62650
H          0.69775       -3.48279        7.88449
C          2.08575       -2.09994        7.00597
C          4.88904       -0.31832        5.39760
H          4.64908        0.28548        4.51413
H          5.37100       -1.23607        5.04873
C          5.89317        0.49100        6.24801
C          7.08940        0.81961        5.35050
H          6.78310        1.44013        4.51196
H          7.53920       -0.08921        4.95655
H          7.84655        1.35822        5.91538
C          6.37654       -0.29163        7.46926
H          7.01593        0.34024        8.08253
H          6.95669       -1.16109        7.17009
H          5.53638       -0.62107        8.07529
C          5.23846        1.78614        6.71974
H          4.43268        1.55752        7.41129
H          4.83788        2.33961        5.87343
H          5.96685        2.41312        7.22966
C         -0.20172       -1.24748        6.61115
H         -0.42420       -2.31404        6.52222
H         -0.59544       -0.75758        5.71901
C         -0.96468       -0.67109        7.82350
C         -0.55901       -1.35382        9.12980
H         -1.03898       -0.85994        9.97216
H          0.51797       -1.30543        9.26987
H         -0.86532       -2.39702        9.13564
C         -2.45722       -0.89743        7.56757
H         -2.67317       -1.95696        7.44881
H         -2.77189       -0.38163        6.66281
H         -3.04397       -0.52114        8.40206
C         -0.69107        0.82573        7.94060
H         -1.32663        1.26895        8.70390
H         -0.88101        1.32875        6.99580
H          0.34456        0.98573        8.22035
C          2.26683        2.59651        0.83706
C          1.65289       -0.07504        0.54576
C          3.81569       -0.81641        2.21871
C          4.30252        2.06643        2.62210
C          4.19628        0.89334        0.02119
