83
CSD_code = IFOREA | q = 0 | S = 0 | Stoichiometry = C33H42ClNOP2RuSi2 | MND = 6
Ru         1.21859       15.57782        5.50554
Cl        -0.78970       16.81885        4.92027
P         -0.25881       14.28923        6.74801
P          0.48196       14.33408        3.69675
Si         2.45278       17.17245        4.23693
Si         1.75675       17.30171        7.06879
O          3.51792       13.85127        6.33420
N          3.10520       18.07554        5.84993
C          2.65282       14.53940        5.98446
C          4.05027       16.93299        3.17688
H          3.77879       16.57055        2.19108
H          4.73633       16.21295        3.60846
H          4.58204       17.86970        3.04189
C          1.58394       18.60034        3.27417
H          1.17965       18.19655        2.35015
H          2.26037       19.41005        3.01380
H          0.74379       19.01015        3.82537
C          2.70201       17.16678        8.74770
H          1.99411       16.92209        9.53287
H          3.17398       18.10520        9.02121
H          3.46165       16.39307        8.73869
C          0.62091       18.81950        7.43091
H         -0.06715       18.55543        8.22844
H          0.02236       19.09348        6.56824
H          1.17787       19.69234        7.75920
C          4.41982       17.56817        6.19456
H          5.15398       17.86422        5.44491
H          4.38902       16.48184        6.24469
H          4.73929       17.95398        7.16276
C          3.17316       19.52240        5.78437
H          3.89334       19.83672        5.02560
H          3.48608       19.93677        6.74539
H          2.19832       19.92248        5.52876
C         -1.45888       13.53376        5.55573
H         -2.01919       12.72619        6.04106
H         -2.16030       14.34394        5.32160
C         -0.73988       13.06113        4.29670
H         -1.44924       12.79881        3.50461
H         -0.12819       12.17819        4.52181
C          0.53627       12.88701        7.59559
C          1.44035       13.25694        8.59071
H          1.58283       14.31210        8.79417
C          2.14101       12.29918        9.29482
H          2.83847       12.59531       10.06460
C          1.95470       10.95600        9.00476
H          2.50771       10.20293        9.54665
C          1.06175       10.58120        8.01669
H          0.91586        9.53476        7.78887
C          0.35103       11.54013        7.31363
H         -0.34830       11.22434        6.55269
C         -1.43212       14.81897        8.04118
C         -1.90094       13.92124        8.99651
H         -1.55034       12.89822        8.99658
C         -2.81044       14.33884        9.95034
H         -3.17162       13.63829       10.68971
C         -3.25846       15.65005        9.95980
H         -3.96815       15.97168       10.70819
C         -2.79678       16.54431        9.00856
H         -3.14806       17.56588        9.01044
C         -1.88613       16.13269        8.05199
H         -1.53240       16.81966        7.29741
C         -0.37645       15.16432        2.32310
C         -1.75484       15.32542        2.26528
H         -2.38534       14.93064        3.04833
C         -2.32580       16.02126        1.21474
H         -3.39806       16.14844        1.17765
C         -1.52952       16.56342        0.22068
H         -1.97974       17.10883       -0.59579
C         -0.15296       16.41512        0.27995
H          0.47249       16.84477       -0.48957
C          0.42138       15.72382        1.32907
H          1.49678       15.61157        1.39196
C          1.56730       13.25555        2.70275
C          2.93724       13.25866        2.92201
H          3.34412       13.90681        3.68649
C          3.76745       12.44961        2.16541
H          4.83299       12.45597        2.34231
C          3.23151       11.63562        1.18250
H          3.87737       11.00385        0.59044
C          1.86420       11.63576        0.95198
H          1.44665       11.00649        0.17914
C          1.03426       12.44322        1.70549
H         -0.03042       12.45502        1.51429
