103
CSD_code = BEGFAX | q = 0 | S = 0 | Stoichiometry = C54H43ClCoP3Si | MND = 6
Si         9.24445        3.89424        4.94234
Co         7.29910        3.55400        3.94145
Cl         5.34432        2.71836        3.03340
P          8.44086        2.57439        2.32410
P          7.34102        5.66522        3.30561
P          6.96056        1.92921        5.32204
C          8.12676        0.86598        1.75343
C          8.94660       -0.18871        2.14351
H          9.76549       -0.01781        2.82824
C          8.71950       -1.46226        1.65674
H          9.37741       -2.26888        1.94684
C          7.65543       -1.70530        0.80512
H          7.48443       -2.70134        0.42332
C          6.80548       -0.66958        0.45701
H          5.95949       -0.85637       -0.18831
C          7.03897        0.61019        0.92417
H          6.36934        1.41148        0.65277
C          8.35727        3.40152        0.69307
C          7.09474        3.79979        0.25815
H          6.24090        3.67055        0.91112
C          6.92955        4.36581       -0.99163
H          5.94436        4.66303       -1.32042
C          8.02402        4.55583       -1.81744
H          7.89695        4.99211       -2.79739
C          9.28602        4.20136       -1.37406
H         10.14777        4.36966       -2.00443
C          9.45706        3.63293       -0.12448
H         10.45382        3.39055        0.21141
C         10.22953        2.50978        2.68938
C         11.17222        1.87512        1.88412
H         10.86004        1.34552        0.99387
C         12.50898        1.89619        2.23908
H         13.23863        1.40511        1.61100
C         12.91374        2.53893        3.39941
H         13.95934        2.55215        3.67163
C         11.97562        3.14707        4.21385
H         12.28559        3.63109        5.12796
C         10.63235        3.13536        3.86941
C          9.15608        2.98695        6.61481
C         10.04834        3.14624        7.66187
H         10.88239        3.82337        7.55440
C          9.87558        2.45011        8.84574
H         10.57317        2.58430        9.65997
C          8.80274        1.58485        8.98866
H          8.66240        1.04583        9.91458
C          7.90825        1.40905        7.94744
H          7.07265        0.73370        8.06378
C          8.08372        2.10589        6.75922
C          9.52614        5.77623        5.00857
C          8.65782        6.53287        4.22482
C          8.82289        7.90991        4.11961
H          8.15907        8.48636        3.48847
C          9.83763        8.53553        4.82009
H          9.96382        9.60602        4.74549
C         10.69457        7.78922        5.61500
H         11.48766        8.28038        6.16035
C         10.54146        6.41673        5.70020
H         11.22081        5.83823        6.30781
C          7.62103        6.48435        1.69216
C          6.62947        7.13237        0.96757
H          5.61368        7.15308        1.33452
C          6.94565        7.76782       -0.22061
H          6.17109        8.27661       -0.77639
C          8.24607        7.76058       -0.69295
H          8.48933        8.26376       -1.61716
C          9.23677        7.10612        0.02214
H         10.25304        7.09755       -0.34412
C          8.92553        6.46653        1.20470
H          9.69459        5.95306        1.77012
C          5.80644        6.46686        3.87357
C          5.76170        7.36525        4.93277
H          6.67298        7.67277        5.42564
C          4.54362        7.85437        5.37254
H          4.51578        8.55477        6.19522
C          3.36583        7.44213        4.77277
H          2.41818        7.82405        5.12412
C          3.40381        6.52460        3.73480
H          2.48607        6.18031        3.28081
C          4.61659        6.03457        3.28897
H          4.64677        5.28139        2.51307
C          5.32666        1.82539        6.13671
C          4.89421        0.63330        6.71586
H          5.49808       -0.26108        6.64466
C          3.67583        0.57531        7.36735
H          3.35162       -0.35651        7.80878
C          2.87071        1.69900        7.44753
H          1.91589        1.64652        7.95015
C          3.29191        2.88470        6.87114
H          2.66725        3.76489        6.91819
C          4.51212        2.94785        6.22424
H          4.82046        3.87431        5.76117
C          7.20467        0.18408        4.87273
C          8.32602       -0.53002        5.27858
H          9.10857       -0.03492        5.83832
C          8.42654       -1.87802        4.98387
H          9.28862       -2.43663        5.32016
C          7.42530       -2.51141        4.26711
H          7.50053       -3.56755        4.05252
C          6.33098       -1.78906        3.81729
H          5.55932       -2.27767        3.24085
C          6.21989       -0.44520        4.11371
H          5.36802        0.12713        3.77256
H          6.69734        4.22696        5.06670
