97
CSD_code = POTLIU | q = 0 | S = 0 | Stoichiometry = C37H54CoOP3Si | MND = 5
Co         8.22885        3.02753        9.10597
Si         9.94267        4.42177        9.33009
P          7.13521        4.73315       10.23419
P          8.70165        3.34745        6.85949
P          9.63321        1.64473       10.32773
O          5.99230        1.20272        8.81515
C          9.64134        5.65224       10.76244
C         10.62114        6.38365       11.40761
H         11.63736        6.35072       11.04263
C         10.31492        7.13584       12.52945
H         11.08488        7.70571       13.03012
C          9.02214        7.13637       13.02453
H          8.78407        7.70196       13.91452
C          8.02914        6.40982       12.38771
H          7.03374        6.40757       12.80775
C          8.33124        5.67617       11.24766
C          6.30844        6.18379        9.36341
H          5.56866        5.72672        8.69493
C          7.34272        6.91078        8.51379
H          6.86556        7.68136        7.90894
H          7.85075        6.21670        7.85122
H          8.09309        7.38680        9.14339
C          5.60458        7.19308       10.26597
H          6.31119        7.65276       10.95317
H          4.79031        6.75207       10.83404
H          5.18312        7.98341        9.64482
C          5.78145        4.25754       11.43761
H          5.54267        5.12529       12.06108
C          4.52512        3.81987       10.68981
H          4.74860        2.99349       10.02084
H          4.09959        4.63066       10.10299
H          3.76971        3.48327       11.39946
C          6.28614        3.13267       12.33145
H          5.48642        2.76350       12.97266
H          7.10299        3.47720       12.96204
H          6.64435        2.30819       11.71433
C         10.21784        5.43309        7.73073
C         10.92802        6.61608        7.64447
H         11.45610        6.98469        8.51180
C         10.94673        7.34217        6.46526
H         11.50362        8.26645        6.40328
C         10.22835        6.89323        5.37039
H         10.22011        7.46929        4.45565
C          9.51279        5.70903        5.44139
H          8.94112        5.39293        4.58087
C          9.51518        4.96799        6.61617
C          7.26601        3.36747        5.65723
H          7.61395        3.76817        4.69956
C          6.17506        4.27773        6.20517
H          5.28464        4.23021        5.57919
H          6.51605        5.31016        6.24258
H          5.90746        3.96079        7.21357
C          6.72304        1.95789        5.44012
H          6.41629        1.51816        6.38498
H          7.46222        1.30487        4.98188
H          5.85142        1.99323        4.78695
C          9.92154        2.27834        5.90357
H          9.53896        1.25536        6.00494
C         10.07974        2.60394        4.42117
H         10.44630        3.61910        4.28742
H          9.15531        2.48234        3.86362
H         10.81617        1.92531        3.99081
C         11.28455        2.35359        6.57945
H         11.97767        1.64987        6.11939
H         11.20199        2.11697        7.63595
H         11.70437        3.35450        6.48979
C         11.55656        3.46829        9.70788
C         12.83610        3.96378        9.53879
H         12.97384        4.99651        9.25334
C         13.93792        3.14195        9.70786
H         14.93608        3.53448        9.57425
C         13.75687        1.80666       10.02502
H         14.61303        1.15566       10.13388
C         12.48076        1.29606       10.19882
H         12.36579        0.24538       10.42255
C         11.37689        2.12662       10.05407
C          9.59992       -0.19008        9.95409
H         10.47130       -0.65998       10.42168
C          9.68219       -0.39004        8.44674
H          9.56350       -1.44263        8.19188
H         10.64123       -0.04814        8.06344
H          8.88830        0.17652        7.95932
C          8.33093       -0.83249       10.50711
H          7.44898       -0.35201       10.09304
H          8.28145       -0.76436       11.59142
H          8.29970       -1.88665       10.23254
C          9.64795        1.59878       12.21008
H          8.62104        1.33695       12.49313
C         10.60857        0.59986       12.84882
H         11.63652        0.82586       12.57483
H         10.38552       -0.42862       12.57926
H         10.52802        0.68149       13.93277
C          9.95395        2.99371       12.73978
H          9.85256        3.02048       13.82435
H          9.27426        3.72381       12.31103
H         10.97079        3.28858       12.48444
C          6.88476        1.93203        8.93109
