84
CSD_code = RAKGIV | q = 0 | S = 0 | Stoichiometry = C34H43BrCrN2O2Si | MND = 8
C          6.23339        3.70102        9.13281
C          4.68929        2.30213        8.11676
H          4.88236        1.22365        8.15211
H          4.04185        2.51009        7.26535
C          4.10572        2.82954        9.42558
H          3.25510        3.49927        9.25619
H          3.78691        2.03341       10.10081
C          6.92797        2.57511        7.06606
C          6.74424        2.85401        5.70534
C          7.68449        2.38224        4.80017
H          7.56336        2.59551        3.75137
C          8.77734        1.65420        5.22273
H          9.50624        1.30689        4.50643
C          8.92721        1.35526        6.56199
H          9.76689        0.75824        6.88081
C          8.00819        1.79438        7.50458
C          5.53246        3.59601        5.19066
H          5.06586        4.12471        6.02759
C          5.88145        4.64067        4.12938
H          6.13901        4.17377        3.18244
H          6.71786        5.25002        4.45312
H          5.02650        5.29183        3.96495
C          4.54018        2.58986        4.59011
H          3.61295        3.09117        4.32120
H          4.31362        1.77769        5.27807
H          4.96361        2.14883        3.69063
C          8.17787        1.34741        8.93973
H          7.48003        1.89044        9.58228
C          9.58897        1.62508        9.46157
H          9.89865        2.63585        9.20448
H         10.30836        0.92901        9.03900
H          9.61000        1.52441       10.54373
C          7.84958       -0.14455        9.05837
H          8.52379       -0.73669        8.44452
H          6.83098       -0.34607        8.73106
H          7.95119       -0.46496       10.09266
C          4.97331        4.33416       11.18207
C          5.01255        3.67051       12.41380
C          4.72316        4.39380       13.56132
H          4.75116        3.90378       14.52076
C          4.40266        5.73488       13.49235
H          4.18392        6.28522       14.39492
C          4.35300        6.37150       12.26857
H          4.08611        7.41558       12.22435
C          4.63065        5.68745       11.09230
C          5.33423        2.19782       12.51635
H          5.68881        1.84522       11.54377
C          6.44319        1.92379       13.53352
H          6.10618        2.12773       14.54536
H          7.30880        2.54467       13.32460
H          6.73655        0.87794       13.48032
C          4.07211        1.41595       12.89935
H          4.27542        0.34737       12.89121
H          3.25093        1.61863       12.21370
H          3.74640        1.69420       13.89843
C          4.50451        6.40963        9.77012
H          4.90196        5.78297        8.96610
C          5.29957        7.71725        9.76490
H          6.30341        7.55536       10.15254
H          4.81351        8.47488       10.37385
H          5.37810        8.09368        8.74780
C          3.02931        6.68876        9.46452
H          2.59734        7.34204       10.21881
H          2.45140        5.76630        9.44724
H          2.93928        7.17161        8.49451
C          7.20962        6.76057        6.96075
C          8.82541        5.59421        6.41382
C         10.49405        6.99089        9.27194
H         11.07841        6.32703        9.89770
C          9.39978        7.77559        9.71193
H          9.02803        7.81048       10.72937
C          9.03949        8.64359        8.66471
H          8.32037        9.45052        8.72872
C          9.90071        8.39342        7.57466
H          9.95723        8.97932        6.66796
C         10.80436        7.38086        7.95759
H         11.65592        7.04362        7.38045
Br         8.23609        4.46084       11.44214
Cr         8.70832        6.54454        7.95169
N          5.95493        3.02180        8.00260
N          5.21329        3.58188       10.00005
O          6.27486        6.89425        6.26662
O          8.88220        5.08882        5.36069
Si         7.77199        4.83854        9.17472
