143
CSD_code = RIFREG | q = 0 | S = 0 | Stoichiometry = C45H87FeN5Si5 | MND = 3
Fe         1.99210       13.10612       12.84242
Si         4.75550       12.81227       11.16747
Si        -0.00112       12.46709       11.93673
Si         0.44901       14.07705       15.68075
Si         2.04369       11.55290       15.46396
Si         3.94946       15.15201       12.92342
N         -0.79835       13.87129       10.95854
N         -1.83721       12.76034       12.42262
N          0.36688       10.07082        8.70158
C         -2.81753       12.14643       13.29301
C         -1.95823       13.76453       11.58083
N          1.18563       12.85246       14.72915
N          3.57746       13.68199       12.08260
C         -1.55138       10.77231        7.39528
C         -3.15461       14.59684       11.34704
C          0.65749       11.70710        6.97376
C          0.17768       10.04928        9.95369
C         -2.04202       11.53288        6.34392
H         -3.08352       11.45016        6.07027
C          1.90442        8.23124        9.95400
H          1.59873        7.94114        8.95331
H          2.26540        7.34962       10.47858
H          2.71433        8.94711        9.87116
C          2.14034       11.68638        7.26443
H          2.27256       11.65941        8.35037
C         -0.19191       10.88750        7.74374
C          0.72245        8.84475       10.70768
C         -0.66825       11.02499       10.69349
H         -1.34008       10.44287       11.32001
H         -1.26950       11.56001        9.95673
C          0.12349       12.45252        5.93872
H          0.76198       13.09002        5.34885
C         -0.34911       14.82032        9.96698
C         -2.46036        9.76619        8.06760
H         -1.93956        9.33872        8.92655
C         -1.22502       12.38783        5.63273
H         -1.62857       12.98074        4.82531
C          3.89758       11.20873       10.59677
H          4.13762       10.37893       11.25103
H          4.21018       10.93224        9.59633
H          2.81841       11.34397       10.59548
C         -3.38942       15.74092       12.10382
H         -2.68831       16.02489       12.87316
C         -3.45033       13.15161       14.26163
H         -2.67808       13.61911       14.86126
H         -4.14049       12.63222       14.92236
H         -4.00524       13.91805       13.72769
C         -0.61204       15.26696       14.61950
H         -0.11572       16.22164       14.49326
H         -1.56073       15.47246       15.10509
H         -0.80915       14.85589       13.63779
C         -5.41707       16.14671       10.88243
H         -6.29557       16.74809       10.70367
C         -4.51605       16.50942       11.86987
H         -4.69011       17.39522       12.46221
C         -5.18604       15.01173       10.12415
H         -5.88248       14.72439        9.35071
C          1.12827       14.51032        9.72482
H          1.69310       14.56194       10.65457
H          1.54638       15.21663        9.01324
H          1.22847       13.50831        9.32101
C         -4.05996       14.24045       10.35273
H         -3.87974       13.35936        9.75479
C         -2.06820       11.08815       14.10511
H         -1.78762       10.24773       13.47746
H         -2.69856       10.71405       14.90741
H         -1.16665       11.52387       14.52578
C         -0.69547       13.32104       17.02419
H         -1.40101       12.60383       16.62149
H         -1.26356       14.09156       17.53731
H         -0.10393       12.80305       17.77102
C          0.93676       10.03639       15.86355
H          0.14024       10.31300       16.54484
H          1.51806        9.25517       16.34316
H          0.48039        9.60813       14.98006
C          2.90030       12.89228        6.71871
H          2.94784       12.86468        5.63224
H          3.91875       12.87911        7.09793
H          2.43123       13.82301        7.02732
C          1.14043        9.20562       12.13165
H          1.83907       10.03445       12.13684
H          1.61405        8.34676       12.60115
H          0.28633        9.49207       12.73523
C         -3.76006       10.39573        8.57111
H         -3.54683       11.22795        9.23848
H         -4.34544        9.65887        9.11822
H         -4.36668       10.76310        7.74733
C          1.59844       15.25089       16.67361
H          2.23995       14.70202       17.35313
H          1.01197       15.94392       17.27148
H          2.23625       15.83977       16.02414
C         -0.40107        7.79411       10.76704
H         -1.28023        8.17829       11.28049
H         -0.05291        6.91637       11.30696
H         -0.68906        7.48708        9.76429
C          2.29744       16.09627       12.97219
H          2.13426       16.66394       12.06303
H          2.25879       16.79219       13.80161
H          1.48473       15.38037       13.09041
C          2.73217       10.39622        6.68571
H          2.22823        9.53377        7.11065
H          3.79410       10.33051        6.91345
H          2.60674       10.37730        5.60480
C         -0.50658       16.26317       10.46411
H         -1.55226       16.56010       10.47663
H          0.03079       16.94018        9.80517
H         -0.10386       16.35720       11.46816
C          5.26383       16.27154       12.10730
H          6.22992       15.78104       12.07275
H          5.38287       17.19118       12.67146
H          4.99100       16.53954       11.09295
C          5.26998       13.80360        9.61519
H          4.41323       14.27713        9.14917
H          5.73590       13.15487        8.87999
H          5.98453       14.58058        9.85967
C          2.91375       11.92134       17.13252
H          3.65342       12.71045       17.04895
H          3.42330       11.03655       17.50321
H          2.19563       12.22267       17.88699
C         -2.76011        8.62222        7.09417
H         -3.28940        8.98954        6.21809
H         -3.37400        7.86383        7.57677
H         -1.83220        8.16073        6.76370
C         -3.93299       11.48173       12.46958
H         -4.53990       12.23053       11.96675
H         -4.57745       10.90438       13.12777
H         -3.51685       10.81273       11.72135
C          3.42458       11.00359       14.26258
H          3.20354       11.32552       13.24563
H          3.54913        9.92811       14.25618
H          4.37412       11.44198       14.54481
C         -1.12135       14.63705        8.65195
H         -1.06730       13.60326        8.32156
H         -0.68503       15.26362        7.87882
H         -2.16513       14.91668        8.76866
C          6.36145       12.37957       12.11174
H          6.84831       13.27758       12.47840
H          7.06677       11.86308       11.46779
H          6.16629       11.73895       12.96504
C          4.54172       14.71065       14.68355
H          3.79635       14.08555       15.16507
H          4.70216       15.58899       15.30032
H          5.47483       14.15694       14.65407
