80
CSD_code = AGITUG | q = 0 | S = 0 | Stoichiometry = C32H44HfO2Si | MND = 12
C         -0.84946        3.28802       13.09953
C         -1.21749        2.00313       12.89472
C         -0.73364        0.99774       13.88154
C         -1.49917        4.41498       12.44042
C         -2.89586        4.48844       12.37785
H         -3.47666        3.67031       12.77540
C         -3.52527        5.59215       11.83636
H         -4.60481        5.63012       11.80132
C         -2.78136        6.64722       11.33370
H         -3.27476        7.50582       10.90348
C         -1.39766        6.59577       11.39728
H         -0.81108        7.41915       11.01424
C         -0.76525        5.50447       11.95938
H          0.31257        5.47902       12.02333
C         -3.96533        0.60317       12.29702
H         -4.55866        0.09247       11.54462
H         -4.55953        1.42927       12.67777
H         -3.79160       -0.08860       13.11404
C         -1.35078       -0.30455       10.81534
H         -1.00686       -0.97638       11.59300
H         -0.48979        0.01398       10.23266
H         -1.99869       -0.86945       10.15144
C         -2.61417        2.35453       10.08871
H         -1.77189        3.00873        9.88740
H         -3.48102        2.98563       10.24391
H         -2.79550        1.76996        9.19262
C         -0.56299        4.97052       15.73228
C          0.76002        5.05817       16.25638
C          1.03246        3.85108       16.97107
C         -0.13545        3.04106       16.91090
C         -1.11602        3.72025       16.14688
C         -1.31868        6.15067       15.18659
H         -2.23727        5.84737       14.69176
H         -0.72191        6.71905       14.47441
H         -1.58612        6.82290       16.00607
C          1.50323        6.36263       16.35962
H          1.70477        6.80673       15.38434
H          2.44448        6.24634       16.88943
H          0.89731        7.07858       16.91939
C          2.14239        3.62306       17.96345
H          1.73417        3.66289       18.97575
H          2.90800        4.39054       17.88950
H          2.61085        2.64719       17.83874
C         -0.36970        1.76542       17.66692
H         -1.04798        1.94691       18.50370
H          0.56135        1.36839       18.06423
H         -0.82274        1.00785       17.02862
C         -2.52233        3.23399       15.95009
H         -2.53545        2.21148       15.56831
H         -3.06551        3.87017       15.25557
H         -3.05550        3.23691       16.90304
C          2.31687        1.94628       13.12588
C          2.09037        3.14810       12.40702
C          2.59135        4.22805       13.19188
C          3.13545        3.68321       14.39565
C          2.94190        2.26757       14.35921
C          2.08529        0.56391       12.59357
H          2.95872        0.22875       12.02788
H          1.22395        0.53960       11.92892
H          1.91338       -0.14549       13.40019
C          1.64316        3.17310       10.97126
H          2.33808        2.58811       10.36646
H          1.62190        4.18297       10.57008
H          0.65050        2.73725       10.85034
C          2.87122        5.63027       12.71570
H          2.32271        6.38854       13.27794
H          2.61882        5.74231       11.66379
H          3.93485        5.84932       12.82128
C          4.16315        4.39787       15.23184
H          5.12319        4.37344       14.70793
H          4.30911        3.92047       16.19641
H          3.90540        5.44152       15.38904
C          3.46836        1.24443       15.33000
H          2.65938        0.62465       15.72325
H          3.98944        1.71591       16.16038
H          4.17563        0.58362       14.82567
Hf         0.72361        3.22113       14.57486
O          0.16777        1.38391       14.74412
O         -1.22676       -0.11927       13.90137
Si        -2.29704        1.17649       11.56671
