85
CSD_code = AKIKAH | q = 0 | S = 0 | Stoichiometry = C33H46ClIrS3Si | MND = 6
Ir        -0.02745        1.79361       13.87143
H         -1.38801        1.11359       13.85915
Cl         0.96880        0.04042       15.27738
Si        -0.79400        3.62746       12.64500
S         -0.62104        2.97937       15.98010
S          2.36862        2.64343       13.67310
S          0.50645        0.80870       11.69556
C         -2.45293        4.27245       13.34322
C         -2.54347        4.65639       14.68284
C         -3.75144        5.12037       15.19129
H         -3.81342        5.45328       16.21922
C         -4.87900        5.17968       14.39175
H         -5.81056        5.54333       14.80005
C         -4.80321        4.77229       13.07118
H         -5.67998        4.81144       12.44130
C         -3.59765        4.32627       12.56013
H         -3.53367        4.02392       11.52541
C         -1.34009        4.63028       15.56637
H         -1.54057        5.11347       16.52104
H         -0.50691        5.14144       15.08473
C         -1.91992        2.15886       17.05996
C         -3.10480        1.68784       16.23712
H         -3.55662        2.50676       15.68336
H         -3.85560        1.25916       16.89906
H         -2.78823        0.92541       15.53061
C         -2.35240        3.15384       18.12989
H         -3.01864        3.91026       17.72576
H         -1.49086        3.63620       18.58726
H         -2.89125        2.61790       18.90931
C         -1.19660        0.98528       17.70655
H         -0.40917        1.33751       18.36960
H         -0.74402        0.34886       16.95017
H         -1.89974        0.38919       18.28412
C          0.33887        5.18608       12.70503
C          1.71705        5.12448       12.49010
C          2.47497        6.29144       12.47490
H          3.53880        6.23639       12.28295
C          1.88730        7.52425       12.68827
H          2.48930        8.42101       12.67248
C          0.52467        7.59593       12.91932
H          0.05096        8.55209       13.08850
C         -0.23097        6.43769       12.92011
H         -1.29714        6.50377       13.08448
C          2.40384        3.81988       12.26244
H          3.44982        3.96355       11.99248
H          1.90943        3.25733       11.46786
C          3.31790        3.44445       15.05649
C          4.66672        3.90961       14.52373
H          5.14972        3.11921       13.95181
H          5.31477        4.16980       15.35945
H          4.56036        4.79045       13.89509
C          2.54442        4.59934       15.67421
H          1.61328        4.24205       16.10789
H          2.32059        5.36917       14.93918
H          3.14015        5.04908       16.46802
C          3.50609        2.32120       16.07114
H          4.12692        1.53007       15.65536
H          2.54893        1.88283       16.34542
H          3.98256        2.70439       16.97170
C         -1.04418        3.52409       10.74178
C         -1.10463        2.31312       10.05161
C         -1.19898        2.30477        8.66460
H         -1.23345        1.36131        8.13662
C         -1.26103        3.48682        7.94953
H         -1.33949        3.46450        6.87242
C         -1.22288        4.69298        8.62590
H         -1.27648        5.62435        8.08087
C         -1.10819        4.70089       10.00411
H         -1.06921        5.64687       10.52325
C         -1.08236        1.00333       10.77376
H         -1.14108        0.18520       10.06098
H         -1.89067        0.93515       11.49768
C          0.79616       -1.04567       11.69526
C          2.15655       -1.20468       12.36075
H          2.92054       -0.65556       11.81344
H          2.43365       -2.25636       12.39048
H          2.11947       -0.83538       13.38293
C          0.86533       -1.51400       10.24573
H         -0.11963       -1.58346        9.79000
H          1.31023       -2.50687       10.21605
H          1.48443       -0.84514        9.65136
C         -0.29202       -1.75469       12.47655
H         -1.27344       -1.58346       12.03930
H         -0.29696       -1.40043       13.50439
H         -0.09754       -2.82581       12.48284
