66
CSD_code = ALAVUE | q = 0 | S = 0 | Stoichiometry = C28H31Cl2FeN2PSi | MND = 4
Fe         3.49260        5.90021       14.01802
Cl         3.10459        7.54641       12.92311
Cl         4.34884        4.40398       15.02422
P          0.54549        4.68518       12.66876
Si         2.20625        7.19736       17.18077
N          1.12703        6.16437       14.83176
N          2.07272        4.32327       12.79674
C          0.23264        6.02697       13.85579
C         -0.90796        6.80705       13.73872
H         -1.59473        6.63409       12.92179
C         -1.11929        7.79855       14.68189
H         -1.98540        8.44219       14.62383
C         -0.19379        7.93596       15.70272
H         -0.32859        8.68985       16.46160
C          0.91994        7.10150       15.76521
C         -0.02659        5.36033       11.05867
C         -1.11998        4.87381       10.35241
H         -1.71342        4.06658       10.75815
C         -1.45393        5.43119        9.13006
H         -2.30306        5.04897        8.58195
C         -0.70582        6.47488        8.61067
H         -0.97097        6.90493        7.65606
C          0.38024        6.96822        9.31709
H          0.96215        7.78558        8.91793
C          0.72094        6.41177       10.53572
H          1.56465        6.78671       11.09898
C         -0.62185        3.33148       13.02642
C         -0.54763        2.21363       12.19969
H          0.13157        2.22140       11.35726
C         -1.32908        1.10454       12.46400
H         -1.26897        0.23737       11.82326
C         -2.18231        1.10549       13.55662
H         -2.79177        0.23876       13.76523
C         -2.24976        2.21327       14.38618
H         -2.91147        2.20903       15.23985
C         -1.46712        3.32494       14.12791
H         -1.51099        4.18758       14.77832
C          2.64943        3.09414       12.43345
C          2.53816        1.96857       13.25828
C          3.15251        0.78811       12.86198
H          3.05852       -0.08440       13.49333
C          3.88566        0.71783       11.69337
H          4.35199       -0.21095       11.39909
C          4.04658        1.85306       10.91783
H          4.65186        1.81513       10.02297
C          3.44191        3.04465       11.27874
C          3.63556        4.29438       10.47606
H          3.93036        5.11381       11.13870
H          2.70463        4.58638        9.98719
H          4.40166        4.15479        9.71721
C          1.82837        2.01975       14.57884
H          0.95671        1.36463       14.58459
H          1.51177        3.03525       14.81000
H          2.50644        1.68823       15.36416
C          1.55068        8.41583       18.49681
H          2.22150        8.44352       19.34895
H          0.57294        8.12225       18.86576
H          1.47401        9.42900       18.11455
C          2.38553        5.44682       17.90317
H          3.08273        5.43353       18.73534
H          2.76281        4.76405       17.14709
H          1.43657        5.05802       18.26203
C          3.84132        7.87396       16.47665
H          4.53203        8.14835       17.26775
H          3.67991        8.75283       15.85791
H          4.34150        7.11746       15.86125
