53
CSD_code = AMAWOB | q = 0 | S = 0 | Stoichiometry = C16H27CrO6PSi2 | MND = 6
C          6.21198        3.77806        8.29860
H          6.72593        4.67507        7.96058
C          6.83743        2.46728        7.87766
H          6.23246        1.65724        8.30658
C          8.26511        2.35553        8.40499
H          8.27316        2.32623        9.49219
H          8.86409        3.20149        8.07376
H          8.72680        1.44254        8.03817
C          6.80176        2.35035        6.35346
H          7.18002        1.38131        6.03803
H          7.41376        3.12732        5.89950
H          5.78041        2.45841        5.99722
C          5.04635        5.65819       10.20207
H          4.34447        5.62413       11.04388
C          7.53706        4.60520       11.72284
H          7.76217        3.88771       10.93873
H          6.88636        4.11238       12.44044
H          8.46767        4.83688       12.23203
C          6.33616        7.37349       12.43534
H          5.70830        6.90701       13.18845
H          5.82595        8.26511       12.08774
H          7.25154        7.68955       12.92473
C          7.89822        6.98959        9.75651
H          7.46215        7.88473        9.32571
H          8.16879        6.32322        8.94374
H          8.81764        7.28299       10.25297
C          2.42991        6.00993        8.63722
H          1.85994        6.00362        9.56255
H          2.50459        4.98322        8.28986
H          1.85435        6.56610        7.90341
C          4.00458        8.49966        9.65243
H          4.96911        8.98356        9.76038
H          3.53676        8.47058       10.63036
H          3.39268        9.13055        9.01753
C          5.08218        6.92481        7.22728
H          4.61905        7.70561        6.63121
H          5.03162        6.00552        6.65404
H          6.12697        7.19053        7.35208
C          3.39200        0.91657       12.09212
C          4.32252        3.23614       12.57533
C          2.48613        2.94113       10.78464
C          3.87872        1.09004        9.56087
C          5.81926        1.37600       11.37179
Cr         4.17955        2.20268       11.03275
O          4.78303        3.85911        8.08964
O          2.89049        0.12741       12.76342
O          4.29557        3.79510       13.58231
O          1.40089        3.31384       10.72451
O          3.60040        0.33513        8.74257
O          6.76948        0.79002       11.64740
P          5.10993        3.90834        9.69376
Si         6.71559        6.16888       11.00896
Si         4.16275        6.75841        8.89101
