82
CSD_code = AMINOA | q = 1 | S = 0 | Stoichiometry = C40H37FeNOPSi(1+) | MND = 8
C          2.37410        1.81473        2.15313
C          1.46967        2.70971        4.27711
C          0.83321        4.90198        1.20598
H          1.34683        5.76515        0.81504
C          0.67801        3.66737        0.54077
H          1.05594        3.42710       -0.43730
C         -0.20049        2.86800        1.30988
H         -0.59508        1.91041        1.02253
C         -0.56906        3.60090        2.45675
H         -1.29463        3.29208        3.18950
C          0.08887        4.85370        2.41226
H         -0.11721        5.68519        3.06484
C          4.54869        3.70890        4.04142
H          4.39899        2.63369        4.17926
H          5.60993        3.89196        3.84934
C          4.10046        4.48285        5.28263
H          4.47471        3.98773        6.18161
H          4.52039        5.48991        5.25866
C          2.57866        4.62043        5.34821
H          2.29328        5.14495        6.26228
H          2.23926        5.19491        4.48334
C          4.53222        3.57909        1.15950
C          4.29927        4.16816       -0.08223
H          3.61455        5.00298       -0.15169
C          4.94912        3.70468       -1.20939
H          4.77106        4.17200       -2.16595
C          5.82864        2.63777       -1.10916
H          6.33678        2.27317       -1.98832
C          6.05268        2.03811        0.11885
H          6.73352        1.20427        0.19630
C          5.40505        2.50025        1.25159
H          5.58097        2.01714        2.20140
C          3.95902        5.98170        2.49063
C          3.02398        6.97944        2.73602
H          1.99654        6.72230        2.94692
C          3.39906        8.31177        2.70215
H          2.66489        9.08037        2.89029
C          4.71059        8.65726        2.42464
H          5.00109        9.69578        2.39583
C          5.64900        7.66676        2.17953
H          6.67172        7.93251        1.96023
C          5.27787        6.33603        2.21122
H          6.00875        5.56573        2.00742
C         -0.11571        1.35702        6.44986
C         -0.03371        0.41598        7.47303
H          0.51294       -0.50002        7.30251
C         -0.63980        0.63895        8.69649
H         -0.56592       -0.10307        9.47687
C         -1.34496        1.81019        8.91838
H         -1.82270        1.98363        9.87035
C         -1.43838        2.75825        7.91245
H         -1.99037        3.67147        8.07882
C         -0.82842        2.53140        6.69250
H         -0.90742        3.27540        5.91014
C         -0.65260        0.43703        3.52850
C         -2.00544        0.64147        3.79209
H         -2.29854        1.16088        4.69343
C         -2.97953        0.17697        2.92704
H         -4.02249        0.34625        3.14885
C         -2.61744       -0.51474        1.78310
H         -3.37585       -0.88447        1.11001
C         -1.27735       -0.73848        1.51183
H         -0.98867       -1.28503        0.62614
C         -0.30590       -0.26506        2.37586
H          0.73419       -0.44728        2.15550
C          2.08060       -0.21526        4.91032
C          1.87722       -1.55826        4.60461
H          0.90414       -1.88317        4.26774
C          2.89990       -2.48095        4.73058
H          2.72103       -3.51756        4.48810
C          4.15002       -2.07679        5.16749
H          4.95057       -2.79427        5.26265
C          4.36660       -0.74735        5.48928
H          5.33628       -0.42680        5.84150
C          3.33930        0.16935        5.36414
H          3.51762        1.20178        5.63318
N          1.90488        3.34171        5.32268
O          2.90474        0.82260        1.95114
Si         0.65684        1.02035        4.75175
P          3.55377        4.19582        2.56245
Fe         1.56313        3.31143        2.47265
H          1.75704        2.93757        6.24665
