93
CSD_code = ASASIX | q = 0 | S = 0 | Stoichiometry = C41H49NSiZr | MND = 12
Zr        -1.81870       -2.69603       13.19090
Si         3.26578        1.82954       14.94115
N          1.99257        2.63914       14.08244
C         -0.88455       -3.91759       15.19889
H         -0.11117       -3.52669       15.84699
C         -0.68188       -4.73258       14.06364
H          0.27868       -5.08723       13.70917
C         -1.95082       -5.16329       13.60556
H         -2.12989       -5.91803       12.84732
C         -2.92696       -4.61679       14.46447
H         -3.98132       -4.86473       14.46415
C         -2.27301       -3.83560       15.43520
H         -2.73720       -3.36984       16.29599
C         -2.84730       -1.34583       11.26304
H         -2.29638       -0.71280       10.58008
C         -3.24646       -2.67481       11.01470
H         -3.07207       -3.22159       10.09707
C         -4.08715       -3.08289       12.06593
H         -4.65659       -4.00419       12.09168
C         -4.20268       -2.01248       12.97799
H         -4.88917       -1.97407       13.81798
C         -3.43634       -0.93161       12.47700
H         -3.43512        0.08408       12.85468
C         -0.78029       -1.08594       14.23925
C          0.31778       -0.65833       13.56243
C          0.64855       -1.30146       12.25789
C         -0.07538       -2.38296       11.88648
C          1.25353        0.38881       14.02647
C          2.39878        0.14567       14.72073
C          1.06648        1.83122       13.72562
C          0.19961       -3.07528       10.56286
H         -0.34200       -2.54286        9.76656
H          1.26273       -3.04710       10.30333
C         -0.24432       -4.54144       10.56724
H          0.36529       -5.11738       11.26346
H         -0.12263       -4.97734        9.57594
H         -1.29642       -4.63003       10.85805
C          1.78761       -0.70589       11.44587
H          1.53199       -0.75897       10.38406
H          1.91037        0.34760       11.70410
C          3.12752       -1.40943       11.67718
H          3.49230       -1.21137       12.68090
H          3.86835       -1.04836       10.96549
H          3.03276       -2.48667       11.56056
C         -1.14938       -0.69360       15.59805
C         -2.50786       -0.53797       15.92957
H         -3.26114       -0.64399       15.15320
C         -2.90698       -0.22552       17.21216
H         -3.95920       -0.09783       17.42947
C         -1.97877       -0.08054       18.23851
C         -0.63773       -0.26208       17.92955
H          0.10439       -0.17144       18.71108
C         -0.22774       -0.55841       16.64430
H          0.82112       -0.71022       16.45157
C         -2.42279        0.26925       19.62643
H         -3.31154       -0.29570       19.90256
H         -2.67066        1.32982       19.68532
H         -1.63685        0.06329       20.34904
C         -0.17292        2.43412       13.09468
C          0.10521        3.90219       12.75278
H          0.92266        3.97530       12.04086
H          0.38993        4.44886       13.64589
H         -0.78290        4.35860       12.32079
C         -0.63232        1.72058       11.82105
H          0.13611        1.77661       11.05356
H         -1.52649        2.21226       11.44057
H         -0.86798        0.67603       12.01184
C         -1.29142        2.37641       14.14429
H         -2.16447        2.91586       13.78156
H         -0.96160        2.83532       15.07359
H         -1.57328        1.34825       14.34876
C          3.36515        2.50130       16.71789
H          3.32234        3.58451       16.70038
H          4.29315        2.21412       17.20022
H          2.54009        2.14419       17.32501
C          4.93409        1.93684       14.03666
H          4.86474        1.54413       13.02805
H          5.70227        1.37978       14.56209
H          5.25462        2.97050       13.97231
C          2.90655       -1.11908       15.22317
C          2.39164       -2.37977       14.89031
H          1.56626       -2.46775       14.19924
C          2.93266       -3.53097       15.42550
H          2.51384       -4.48900       15.14970
C          4.00219       -3.49055       16.31306
C          4.52043       -2.24611       16.64607
H          5.35370       -2.18081       17.33214
C          3.98690       -1.09140       16.11203
H          4.40824       -0.13861       16.39361
C          4.56184       -4.75375       16.89137
H          5.47783       -4.55808       17.44341
H          4.77415       -5.47449       16.10308
H          3.84015       -5.20834       17.57046
