76
CSD_code = ASUTUD | q = 0 | S = 0 | Stoichiometry = C23H48FeN2Si2 | MND = 4
Fe         0.48819        7.34031        6.51455
Si        -1.15364        4.96784        7.91882
Si        -1.96683        9.46772        6.99595
N          2.96473        6.45877        6.20079
N          1.48588        7.62607        4.12312
C          3.13889        5.93340        7.55396
H          4.18038        5.59259        7.70446
H          2.47576        5.07401        7.67119
C          2.78934        6.98718        8.59533
H          2.90036        6.56525        9.59451
H          1.74199        7.27678        8.44865
C          3.67900        8.20932        8.41707
H          4.72267        7.94682        8.61148
H          3.39421        8.99420        9.11902
C          3.51975        8.69936        6.98420
H          2.47159        8.96919        6.83054
H          4.14853        9.57198        6.79866
C          3.87579        7.58823        5.99822
H          4.91471        7.25788        6.20867
C          3.86963        8.09181        4.54455
H          4.60629        8.90100        4.47743
C          2.52608        8.63762        4.05455
H          2.21076        9.48127        4.67172
H          2.68202        9.02024        3.03173
C          0.17089        8.12084        3.72896
H         -0.55953        7.37931        4.06038
H         -0.02476        9.04898        4.26721
C         -0.00132        8.33693        2.22178
H          0.67334        9.11969        1.86852
H         -1.02254        8.66388        2.02129
C          0.29491        7.03199        1.49134
H         -0.43969        6.27886        1.78586
H          0.22120        7.16922        0.41006
C          1.69317        6.55234        1.86820
H          1.89995        5.58929        1.39735
H          2.42736        7.26787        1.49518
C          1.81279        6.40181        3.39630
H          1.06769        5.66161        3.71171
C          3.19902        5.87312        3.79283
H          3.42644        5.01210        3.15449
C          3.24118        5.39588        5.24384
H          2.50307        4.60496        5.39305
H          4.24112        4.95934        5.43128
C          4.26905        6.94534        3.62329
H          4.33484        7.28448        2.58896
H          5.24696        6.54584        3.90272
C         -0.25251        5.47920        6.34606
H          0.56909        4.78418        6.15054
H         -0.91704        5.42371        5.47560
C         -0.68881        3.19133        8.48481
H         -1.16078        2.93800        9.42913
H          0.38414        3.08974        8.61948
H         -0.99760        2.44880        7.75539
C         -0.66482        6.14959        9.34383
H         -1.42163        6.17175       10.12113
H         -0.54743        7.16215        8.96576
H          0.26719        5.84839        9.80904
C         -3.05868        5.00662        7.74414
H         -3.54422        4.64858        8.64719
H         -3.39593        4.38173        6.92295
H         -3.41195        6.01424        7.55702
C         -0.10639        9.16844        7.08883
H          0.39285        9.87455        6.40767
H          0.25449        9.40236        8.10004
C         -2.83928        9.18366        8.67378
H         -3.87815        9.49715        8.63047
H         -2.82251        8.13621        8.95127
H         -2.36296        9.74385        9.47226
C         -2.38770       11.26391        6.45575
H         -2.02526       11.99042        7.17684
H         -1.93672       11.50347        5.49698
H         -3.45927       11.40853        6.35647
C         -2.76214        8.29618        5.70946
H         -2.66068        8.67797        4.69932
H         -2.28881        7.32045        5.75358
H         -3.82218        8.16340        5.90064
