83
CSD_code = AVUVIX | q = 0 | S = 0 | Stoichiometry = C40H35BrNO2P2ReSi | MND = 7
C          3.75252       13.64891        2.20602
H          4.46238       13.70164        3.02401
H          4.09977       13.14300        1.31229
C          2.73446       14.57984        2.11105
H          2.30453       14.79089        1.13808
H          2.64329       15.37196        2.84741
C         -0.38226        9.50965        2.43618
C         -0.19130        8.15517        2.22413
H          0.57053        7.62840        2.77726
C         -0.96752        7.49336        1.28799
H         -0.82733        6.43586        1.12201
C         -1.89934        8.19891        0.55247
H         -2.48726        7.68777       -0.19520
C         -2.10604        9.56300        0.73295
C         -1.34549       10.21166        1.69942
C         -1.67317       13.79456        1.70744
C         -2.24935       14.88884        1.08475
H         -2.01721       15.88923        1.41730
C         -3.13455       14.69837        0.03615
H         -3.58346       15.55327       -0.44698
C         -3.43368       13.41958       -0.38823
H         -4.11461       13.27437       -1.21340
C         -2.89139       12.29555        0.22730
C         -2.01251       12.49848        1.28417
C         -2.85305       10.32762       -2.19583
H         -1.81138       10.57289       -2.38262
H         -3.46403       10.96942       -2.82305
H         -3.01630        9.30341       -2.51663
C         -5.10054       10.09795        0.00338
H         -5.77508       10.72329       -0.57307
H         -5.35145       10.22233        1.05307
H         -5.30289        9.06540       -0.26366
C          2.29700        9.74059        3.58654
C          2.78905        8.49366        3.93749
H          2.14275        7.72838        4.34666
C          4.14482        8.26251        3.78108
H          4.56095        7.29979        4.04170
C          4.96982        9.26382        3.29437
H          6.02519        9.06705        3.16673
C          4.47230       10.52331        2.98768
H          5.15378       11.28497        2.63775
C          3.12131       10.78758        3.13859
C         -0.08570       10.05927        5.21077
C         -1.40494        9.64379        5.34436
H         -2.03180        9.54349        4.46888
C         -1.90840        9.35561        6.59980
H         -2.93238        9.02738        6.70384
C         -1.10382        9.48435        7.71958
H         -1.50063        9.25383        8.69739
C          0.20887        9.91165        7.58820
H          0.83468       10.01647        8.46225
C          0.71766       10.20484        6.33836
H          1.73857       10.54436        6.22162
C         -0.35730       15.64478        3.40249
C          0.12799       16.46115        2.38039
H          0.37425       16.02513        1.42174
C          0.28686       17.81881        2.57959
H          0.65838       18.44012        1.77763
C         -0.02493       18.37929        3.80798
H          0.10275       19.43965        3.96749
C         -0.49678       17.57408        4.83014
H         -0.73868       18.00575        5.79038
C         -0.66138       16.21385        4.63316
H         -1.03066       15.59928        5.44068
C         -1.50649       13.28963        4.47206
C         -0.89809       13.12550        5.71444
H          0.16046       13.30695        5.82191
C         -1.64009       12.75092        6.81850
H         -1.15554       12.64283        7.77726
C         -2.99699       12.50803        6.69025
H         -3.57724       12.20636        7.54961
C         -3.60716       12.65754        5.45685
H         -4.66673       12.47302        5.35156
C         -2.87197       13.05605        4.35441
H         -3.37016       13.18970        3.40473
N          2.20215       12.99426        4.57421
O          2.55257       13.31087        5.65852
O         -1.42753       11.52735        2.03887
P          0.63572       10.46291        3.59772
P         -0.46979       13.85268        3.07247
Br         1.33791       11.90464        0.58526
Re         1.77685       12.53753        2.94840
Si        -3.28206       10.54885       -0.35759
