93
CSD_code = AYITAD | q = 1 | S = 0 | Stoichiometry = C40H47N2OsP2Si(1+) | MND = 6
C         10.65723       12.21774       18.41874
C         11.50741       13.07332       17.71671
H         11.97377       13.90594       18.22704
C         11.78299       12.87264       16.37399
H         12.44992       13.54946       15.86142
C         11.20910       11.81383       15.69234
H         11.42103       11.65633       14.64589
C         10.36386       10.95571       16.36923
H          9.90827       10.12157       15.85505
C         10.09202       11.15801       17.71450
H          9.42109       10.45691       18.19847
C         11.05582       10.78621       20.97502
H         10.42596       10.33163       21.75017
H         11.04166       10.10591       20.11702
C         13.38176        9.09805       22.09880
H         13.37575        8.43410       21.24056
H         12.72572        8.67090       22.85125
H         14.38761        9.09607       22.50368
C         13.95144       11.55725       20.21298
H         13.94019       10.90647       19.34408
H         14.98345       11.67358       20.52649
H         13.58001       12.52941       19.90052
C         12.92358       12.00306       23.15750
H         13.92193       12.40099       23.30383
H         12.65235       11.47650       24.06792
H         12.24939       12.84824       23.03355
C          7.06939       13.55322       21.99574
H          6.48566       12.76100       21.50944
C          6.30661       14.05088       23.21973
H          6.78783       14.92942       23.64514
H          6.26397       13.27927       23.98676
H          5.28432       14.31064       22.95242
C          7.34232       14.67376       20.97742
H          8.05377       15.37998       21.44255
C          6.10424       15.46300       20.56131
H          5.31878       14.81729       20.17642
H          6.36589       16.18359       19.78822
H          5.70869       16.01899       21.40815
C          7.59347       10.06543       20.23175
C          6.95705        8.79544       20.16719
H          7.50079        8.14921       19.47658
H          5.93072        8.91155       19.81653
H          6.95580        8.34077       21.15906
C          9.32885       13.89877       23.75395
C          8.93813       13.78963       25.08670
H          8.27467       12.99634       25.40019
C          9.41339       14.69404       26.01824
H          9.11081       14.60379       27.05046
C         10.27461       15.70928       25.63297
H         10.64279       16.40981       26.36640
C         10.67441       15.81464       24.31076
H         11.35803       16.59340       24.01006
C         10.20745       14.90952       23.37512
H         10.54917       14.95839       22.34570
C          8.27886       11.28383       23.41345
C          7.05049       10.63369       23.36709
H          6.22854       11.03857       22.79350
C          6.86467        9.45725       24.07431
H          5.90282        8.96571       24.04919
C          7.90077        8.91330       24.81496
H          7.74786        7.99619       25.36252
C          9.13303        9.54851       24.85100
H          9.94389        9.12579       25.42394
C          9.32346       10.72432       24.15171
H         10.28070       11.22848       24.17091
C          8.83783       15.56573       18.72558
C          8.03280       16.22494       17.79903
H          7.09171       15.79381       17.48627
C          8.45000       17.42973       17.26313
H          7.82562       17.93716       16.54346
C          9.66180       17.98311       17.64482
H          9.98121       18.92209       17.21983
C         10.46661       17.32691       18.56229
H         11.41510       17.75135       18.85312
C         10.05817       16.12021       19.10006
H         10.69124       15.58351       19.79978
C          7.21752       13.26115       18.29724
C          7.72765       13.17806       16.99959
H          8.68303       13.63256       16.77212
C          7.01700       12.52585       16.01130
H          7.41880       12.47229       15.01129
C          5.79554       11.94007       16.30550
H          5.23770       11.43270       15.53360
C          5.29254       12.00371       17.59414
H          4.34091       11.54788       17.82611
C          6.00260       12.65013       18.59079
H          5.59709       12.67583       19.59192
N         11.37559       13.60486       20.73191
N          8.10759       11.09008       20.28461
Os        10.09209       12.60364       20.40441
P          8.70981       12.76932       22.46336
P          8.32319       14.01475       19.52308
Si        12.86365       10.87207       21.61636
