72
CSD_code = AZUNUE | q = 0 | S = 0 | Stoichiometry = C30H39NSiZr | MND = 10
Zr         3.16564        0.58094        4.54409
Si         0.59414        0.16457        3.03548
N          1.88432       -0.81306        3.63126
C          1.44120        1.81184        3.52030
C          1.49677        2.31113        4.86104
C          2.72100        3.00603        5.03927
C          3.44844        2.94379        3.81200
C          2.66762        2.20254        2.88725
C          0.36006        2.32773        5.84459
H          0.71806        2.36259        6.87331
H         -0.27808        1.45678        5.72990
H         -0.25466        3.21700        5.68059
C          3.11498        3.82457        6.23835
H          2.79394        4.86177        6.11488
H          4.19715        3.82768        6.37504
H          2.65217        3.43809        7.14584
C          4.70676        3.71896        3.52880
H          5.22599        3.32957        2.65463
H          5.39093        3.68539        4.37806
H          4.46774        4.76853        3.33990
C          3.02524        1.91741        1.45343
H          2.29587        2.37500        0.78340
H          3.03425        0.84201        1.25658
H          4.00751        2.31682        1.20292
C         -1.12935       -0.09798        3.85980
H         -1.68583       -0.85810        3.32010
H         -1.72520        0.80809        3.83708
H         -1.05238       -0.42645        4.89179
C          0.15221        0.14279        1.15967
H          1.00684       -0.05741        0.52362
H         -0.27206        1.09285        0.85158
H         -0.59082       -0.62146        0.95485
C          1.99185       -2.25627        3.48389
H          2.96755       -2.56952        3.90721
C          1.94946       -2.69189        2.01034
H          0.94442       -2.55505        1.62179
H          2.22630       -3.73950        1.91386
H          2.63055       -2.09090        1.41258
C          0.89707       -3.02712        4.23990
H          0.94092       -2.82857        5.30816
H          1.02107       -4.09681        4.08501
H         -0.07936       -2.72819        3.86959
C          3.81160        0.34590        6.69462
H          4.62010        0.99072        7.06584
C          4.26616       -0.94228        6.11247
H          3.97641       -1.87925        6.59408
C          5.04437       -0.94456        4.98736
H          5.40449       -1.88246        4.56002
C          5.40633        0.33558        4.33439
H          5.98911        1.02383        4.96288
C          2.62003        0.32104        7.51804
C          1.51432       -0.45613        7.11182
H          1.57905       -1.00363        6.16776
C          0.36300       -0.50456        7.87055
H         -0.46872       -1.11728        7.54960
C          0.25595        0.23843        9.03878
H         -0.64798        0.20237        9.62712
C          1.31917        1.03460        9.43660
H          1.24060        1.62174       10.34089
C          2.48455        1.07229        8.69741
H          3.31454        1.68098        9.03270
C          5.79818        0.30867        2.94084
C          5.18121       -0.58846        2.04544
H          4.42741       -1.27462        2.42581
C          5.51914       -0.60574        0.70758
H          5.03895       -1.30932        0.04075
C          6.46472        0.27741        0.20611
H          6.72035        0.26637       -0.84238
C          7.08152        1.17034        1.06933
H          7.82682        1.85550        0.68979
C          6.76481        1.18185        2.41211
H          7.27623        1.86550        3.07737
