94
CSD_code = BACBAJ | q = 0 | S = 0 | Stoichiometry = C26H61N4Si2Y | MND = 6
Y          0.90497        2.77733        4.12150
Si         2.81930        1.44314        1.17083
Si         2.82154        1.20707        7.16592
N          1.24531        4.95450        4.77125
N         -1.16496        3.66791        5.80013
N         -1.45164        0.87695        4.78219
N         -2.08596        3.34040        3.08602
C          2.66730        5.57139        2.87784
C          2.17550        7.27347        4.60314
C          3.68522        5.34052        5.13346
C          2.40034        5.76122        4.38082
C          0.71425        5.34331        6.06179
C         -0.19870        4.29136        6.71251
C         -1.95169        2.66086        6.51223
C         -1.54497        1.21510        6.20524
C         -0.91313       -0.49068        4.63004
C         -1.79295       -1.61255        5.20599
C         -0.58340       -0.79177        3.17016
C         -2.71543        1.07634        4.07171
C         -2.63077        2.00623        2.84928
C         -1.85778        4.04539        1.81189
C         -3.11910        4.30438        0.97073
C         -1.11148        5.35766        2.04621
C         -2.87963        4.11878        4.03597
C         -2.02732        4.67421        5.18583
C          1.24600        2.31987        1.72301
C          2.85127       -0.38372        1.75123
C          3.05231        1.37780       -0.73695
C          4.39160        2.30036        1.85363
C          2.38300        1.24020        5.33693
C          4.22496       -0.04364        7.57219
C          1.38361        0.66406        8.32480
C          3.43099        2.89284        7.83419
H          2.83842        4.51957        2.65135
H          3.55063        6.13683        2.58594
H          1.82421        5.93236        2.29317
H          1.23950        7.58329        4.14297
H          2.98698        7.83450        4.14557
H          2.14721        7.52592        5.65950
H          3.60990        5.56837        6.19366
H          4.54907        5.86944        4.73662
H          3.83886        4.26671        5.01951
H          0.14153        6.28973        5.98310
H          1.50985        5.54144        6.80492
H          0.42344        3.48779        7.12035
H         -0.72727        4.78038        7.55199
H         -3.00957        2.79889        6.28118
H         -1.85967        2.79182        7.60028
H         -0.55945        1.03012        6.63620
H         -2.27717        0.57446        6.72579
H          0.02816       -0.49905        5.19066
H         -2.77549       -1.64276        4.74049
H         -1.92189       -1.50895        6.28004
H         -1.30749       -2.56709        5.02146
H         -1.48269       -0.91098        2.57023
H         -0.01757       -1.71837        3.11246
H          0.02553        0.00777        2.75408
H         -3.47599        1.44598        4.76313
H         -3.09846        0.12566        3.68692
H         -1.99292        1.53121        2.10091
H         -3.65656        2.05571        2.44152
H         -1.20474        3.39262        1.22445
H         -3.58454        3.37511        0.65219
H         -2.83883        4.85942        0.07945
H         -3.85671        4.89235        1.51260
H         -0.69852        5.71094        1.10377
H         -0.29636        5.19640        2.75350
H         -1.77379        6.13100        2.42984
H         -3.69283        3.50469        4.43010
H         -3.35765        4.97636        3.55118
H         -1.37812        5.44679        4.78269
H         -2.69879        5.13456        5.93239
H          0.40010        1.75362        1.31013
H          1.21828        3.29144        1.21095
H          2.74112       -0.46222        2.82770
H          3.79030       -0.85811        1.48298
H          2.05464       -0.96015        1.29115
H          2.23055        0.85355       -1.21570
H          3.97044        0.87061       -1.01769
H          3.08954        2.37736       -1.15962
H          4.56310        3.25642        1.36882
H          5.27280        1.68927        1.68244
H          4.31907        2.47865        2.92374
H          2.08575        0.21564        5.06832
H          3.34441        1.38529        4.81915
H          3.91883       -1.06200        7.35012
H          4.51675       -0.01118        8.61809
H          5.11145        0.16297        6.98007
H          0.64056        1.44394        8.46513
H          1.77441        0.41898        9.30793
H          0.87809       -0.22333        7.95477
H          2.74966        3.69796        7.58052
H          4.40257        3.14471        7.42202
H          3.53087        2.87320        8.91574
