143
CSD_code = BADQUU | q = 0 | S = 0 | Stoichiometry = C45H87N6Si4Y | MND = 7
Y         18.61515       11.83641       12.45226
Si        16.63290       16.32898       10.72946
Si        14.39629       14.77639       12.33202
Si        19.52418        7.00509       14.00271
Si        16.48837        7.13693       13.07772
N         17.63021       13.87042       13.06488
N         17.08804       12.94989       11.10912
N         16.01786       15.00777       11.70680
N         18.01041       10.12149       13.91718
N         18.61745        9.55895       11.84158
N         18.08983        7.79306       13.36747
C         16.91224       13.94725       11.96009
C         17.58329       14.90410       14.08144
H         16.61251       15.42016       14.05179
C         17.76599       14.24438       15.45098
H         16.95481       13.53211       15.61781
H         18.71324       13.69294       15.43055
C         17.79380       15.27332       16.57601
H         16.83421       15.79621       16.61532
H         17.93803       14.76826       17.53432
C         18.91277       16.28244       16.34532
H         18.91937       17.02517       17.14661
H         19.87365       15.76382       16.35235
C         18.72428       16.96586       14.99589
H         19.53545       17.67618       14.82201
H         17.78505       17.52636       15.00252
C         18.70071       15.93385       13.87348
H         18.55952       16.42762       12.91343
H         19.65311       15.40186       13.84352
C         16.31625       12.83073        9.89052
H         15.66145       13.70190        9.76369
C         17.26889       12.74128        8.69144
H         17.83852       13.66923        8.61946
H         17.98010       11.92884        8.87954
C         16.51144       12.49043        7.39136
H         15.85563       13.34060        7.18602
H         17.21782       12.40838        6.56179
C         15.67056       11.22161        7.48721
H         16.32534       10.36043        7.63354
H         15.11866       11.06957        6.55657
C         14.69956       11.32412        8.65859
H         14.10954       10.40769        8.73572
H         14.00817       12.15181        8.47908
C         15.45299       11.56367        9.96296
H         14.74875       11.65851       10.79298
H         16.11047       10.71705       10.17828
C         18.45163       15.99062       10.25337
H         18.56401       15.89893        9.17670
H         18.81097       15.06958       10.70675
H         19.10705       16.79536       10.57360
C         16.48102       17.98153       11.67657
H         16.67640       17.88133       12.73801
H         15.48720       18.40143       11.56426
H         17.18165       18.70980       11.27979
C         15.62374       16.54887        9.11980
H         15.61421       15.65904        8.49847
H         16.05225       17.35321        8.52953
H         14.59405       16.81990        9.32971
C         13.82703       16.33711       13.26952
H         14.54601       16.67680       14.00733
H         12.89548       16.13468       13.78819
H         13.64479       17.15881       12.58616
C         13.11643       14.46580       10.94543
H         13.22908       13.48998       10.48464
H         13.18363       15.21011       10.15940
H         12.11200       14.51804       11.35496
C         14.39210       13.27277       13.50362
H         15.11915       12.53007       13.18188
H         13.41616       12.79694       13.53522
H         14.64692       13.56048       14.51902
C         18.23993        9.15748       13.04070
C         17.56246        9.82544       15.26496
H         17.49731        8.74017       15.41271
C         18.56208       10.40307       16.27490
H         18.69289       11.46762       16.05814
H         19.52567        9.90839       16.14215
C         18.07914       10.21934       17.70995
H         18.80311       10.65746       18.40070
H         18.00629        9.15231       17.93618
C         16.71365       10.86893       17.90472
H         16.37266       10.72393       18.93251
H         16.79526       11.94311       17.72530
C         15.70712       10.26599       16.93089
H         14.73064       10.73882       17.06056
H         15.59210        9.20071       17.14859
C         16.17663       10.44312       15.49053
H         15.46355        9.98090       14.80542
H         16.23676       11.50698       15.24375
C         19.01087        8.61058       10.81780
H         18.97110        7.58915       11.21552
C         20.44579        8.91496       10.36643
H         21.11743        8.81821       11.22141
H         20.48427        9.95426       10.02078
C         20.88788        7.97702        9.24706
H         21.90536        8.22604        8.93706
H         20.89460        6.94804        9.61571
C         19.94092        8.07540        8.05580
H         19.97594        9.08813        7.64775
H         20.25518        7.38537        7.26942
C         18.51588        7.75537        8.49422
H         18.47174        6.72344        8.85182
H         17.83508        7.84141        7.64351
C         18.07445        8.69974        9.60761
H         18.08854        9.72981        9.24236
H         17.05772        8.45849        9.92198
C         20.93184        8.28029       14.18758
H         21.22612        8.40457       15.22570
H         20.62352        9.25142       13.80814
H         21.81783        7.97330       13.63921
C         20.13017        5.60725       12.84881
H         20.58060        5.98800       11.93743
H         19.32785        4.93541       12.56538
H         20.88396        5.01618       13.35968
C         19.15911        6.21378       15.70146
H         18.65638        6.89166       16.38332
H         20.08792        5.90562       16.17114
H         18.54282        5.32696       15.59889
C         16.58129        5.65180       11.88099
H         17.16769        5.86541       10.99342
H         15.58330        5.37433       11.55640
H         17.01330        4.78231       12.36516
C         15.68830        6.51610       14.69724
H         15.52585        7.31506       15.41336
H         16.29211        5.75671       15.18088
H         14.72189        6.07153       14.48020
C         15.35946        8.48101       12.32648
H         15.84412        9.45381       12.34948
H         14.42430        8.56039       12.87358
H         15.10615        8.26190       11.29336
C         20.93127       12.25827       12.20889
H         21.43364       11.28219       12.27885
H         21.21948       12.71837       11.25234
C         21.38537       13.10852       13.32560
C         21.43841       12.60524       14.63638
H         21.13019       11.57952       14.81533
C         21.87367       13.38448       15.68767
H         21.89988       12.97164       16.68705
C         22.28359       14.69301       15.47169
H         22.63085       15.30034       16.29468
C         22.25089       15.20632       14.18576
H         22.57385       16.22197       14.00356
C         21.81138       14.42875       13.13040
H         21.79252       14.84552       12.13162
