100
CSD_code = BATDOS | q = 0 | S = 0 | Stoichiometry = C40H50N3O4Si2Y | MND = 5
Y          6.44715       12.88750       14.93391
Si         6.42220       16.03914       13.69527
Si         6.57004       15.72960       16.71302
O          0.38713       12.45119       17.43591
O         12.28546       12.25277       12.09715
O          5.64647       11.86968       16.57681
O          7.22052       11.73689       13.33011
N          6.50283       15.06731       15.11683
N          8.36140       12.22254       16.03911
N          4.54539       12.33368       13.74025
C          5.52800       11.65834       11.67576
H          5.33176       11.43856       10.63763
C          9.43408       12.27361       15.13533
C          2.59369       11.30792       14.80750
H          2.76858       10.39385       14.25870
C          6.84450       11.59566       12.11463
C          8.51234       11.84000       17.28369
C          4.41518       11.94200       12.49363
C          6.67937       14.91265       12.16721
H          7.57335       14.29883       12.25715
H          6.78452       15.50617       11.26368
H          5.82625       14.25526       12.02112
C          7.92162       11.32820       11.12228
C          9.57888       13.40051       14.32128
H          8.93615       14.26113       14.49320
C          3.20751       13.56776       15.33868
H          3.84119       14.43372       15.17197
C         11.34956       12.33929       13.08607
C         10.29340       11.19062       14.92417
H         10.18168       10.29654       15.51957
C          5.02256       11.58212       18.82275
C          6.07376       11.71408       17.77704
C          5.18747       12.07503       20.11446
H          6.11612       12.54691       20.39795
C          3.06461       11.83111       11.82738
H          2.78770       10.78461       11.70940
H          3.11214       12.27388       10.83456
H          2.29436       12.33355       12.40734
C          7.41012       11.64928       18.14592
H          7.63487       11.41839       19.17593
C         11.23537       11.22670       13.91909
H         11.88686       10.38521       13.74247
C          2.19541       13.62210       16.28088
H          2.05479       14.53319       16.83986
C          8.18396       15.21488       17.62044
H          8.07340       14.24157       18.08693
H          8.42841       15.92675       18.40305
H          9.03332       15.16671       16.94555
C          9.00573       10.54139       11.50134
H          9.00962       10.11088       12.49115
C         10.51911       13.43392       13.30734
H         10.58829       14.31705       12.69158
C          1.38541       12.51440       16.50708
C          2.76619       10.93950       19.37846
H          1.82177       10.50496       19.08654
C          1.58893       11.36139       15.74846
H          0.95363       10.50816       15.92849
C          3.43252       12.40742       14.59737
C          4.15021       11.99769       21.02615
H          4.28291       12.39042       22.02405
C          3.79856       11.02121       18.46420
H          3.67455       10.65723       17.45531
C          7.91213       11.90607        9.85602
H          7.09261       12.54545        9.56375
C         10.05208       10.31979       10.62644
H         10.88760        9.70653       10.92842
C          4.71666       16.88722       13.44596
H          3.93780       16.16165       13.22852
H          4.74515       17.59387       12.62262
H          4.41808       17.43161       14.33540
C         10.03576       10.89750        9.36747
H         10.85764       10.73419        8.68566
C          2.93993       11.42941       20.66284
H          2.13212       11.37499       21.37820
C          8.96681       11.69263        8.98672
H          8.95830       12.15278        8.00888
C          9.87312       11.65328       17.91111
H         10.09509       10.59268       18.02056
H          9.88020       12.09645       18.90468
H         10.65197       12.11525       17.30970
C          6.52221       17.63790       16.81616
H          7.46002       18.07250       16.49234
H          6.34493       17.96207       17.83646
H          5.73621       18.05305       16.19703
C          7.76937       17.39983       13.58438
H          7.44562       18.30654       14.08099
H          7.99382       17.65481       12.55334
H          8.69363       17.08211       14.05619
C          5.09902       15.13257       17.79395
H          4.20997       15.72974       17.61700
H          5.33769       15.21143       18.85029
H          4.84861       14.09592       17.59009
C         12.33311       13.27708       11.13506
H         11.36835       13.39454       10.63086
H         13.08355       12.96538       10.41010
H         12.63518       14.23283       11.57598
C          0.24687       13.52451       18.33379
H          1.17547       13.70663       18.88450
H         -0.53459       13.22558       19.03099
H         -0.06134       14.44222       17.82198
