98
CSD_code = BEVWAC | q = 0 | S = 0 | Stoichiometry = C35H53N4O3Si2Y | MND = 7
Y          2.51144       20.53296       13.28215
Si         3.72888       16.97824       14.31769
Si         3.78621       24.07230       12.10413
O          1.64451       21.44234       14.86582
O          4.89909       19.94919       12.24788
O          4.55101       21.02158       14.75414
N          2.69370       18.19662       13.68024
N          0.79186       19.07205       12.86671
N          3.10317       22.50026       11.95300
N          1.86373       20.85064       11.09561
C          1.51207       18.00358       13.09493
C          2.30930       22.07780       10.97462
C         -0.42064       19.01300       12.07909
H         -1.29101       19.06837       12.74789
H         -0.48142       18.07142       11.51332
C         -0.48436       20.19374       11.09965
H         -1.34109       20.05372       10.43630
H         -0.62872       21.11515       11.66907
C          0.80017       20.33078       10.26278
H          0.60784       20.97850        9.39518
H          1.09346       19.33899        9.89358
C          1.04669       16.64460       12.72220
C          1.65754       15.96493       11.67515
H          2.47312       16.43703       11.14633
C          1.22447       14.70028       11.31863
H          1.70179       14.17670       10.50250
C          0.18243       14.10348       12.00880
H         -0.15105       13.11345       11.73390
C         -0.43244       14.77899       13.05005
H         -1.24648       14.31466       13.58749
C         -0.00955       16.04840       13.40124
H         -0.48763       16.58532       14.20737
C          1.97988       22.94883        9.81615
C          2.89581       23.10317        8.78241
H          3.83451       22.56969        8.82142
C          2.60854       23.93005        7.71105
H          3.32835       24.04718        6.91368
C          1.40099       24.60570        7.65855
H          1.17862       25.25318        6.82310
C          0.47826       24.44517        8.67859
H         -0.46712       24.96640        8.63845
C          0.76298       23.61883        9.75095
H          0.04502       23.49537       10.54774
C          2.99497       15.25852       14.73173
H          2.06867       15.34964       15.29040
H          3.69022       14.68735       15.33994
H          2.78188       14.67463       13.84289
C          4.37018       17.65057       15.99726
H          5.45427       17.62796       16.05511
H          3.99419       17.05869       16.82557
H          4.03704       18.67091       16.14946
C          5.22024       16.66382       13.15132
H          4.93041       16.07057       12.28941
H          6.00901       16.12427       13.66626
H          5.63547       17.59630       12.78524
C          2.65457       25.56064       11.68888
H          2.50816       25.66900       10.61866
H          3.08882       26.48670       12.05366
H          1.67550       25.45593       12.14537
C          5.36032       24.32657       11.02626
H          6.00962       23.45523       11.00718
H          5.94655       25.15889       11.40240
H          5.09323       24.55646        9.99937
C          4.25584       24.19918       13.94962
H          3.55086       23.62809       14.54731
H          4.23400       25.22897       14.29029
H          5.25328       23.81715       14.14228
C          0.33505       21.29167       15.02953
C         -0.17818       20.23541       15.81753
C         -1.54584       20.09448       15.97051
H         -1.92854       19.27789       16.56876
C         -2.42950       20.97873       15.37429
H         -3.49498       20.85180       15.49890
C         -1.93513       22.03255       14.62511
H         -2.62078       22.73473       14.16901
C         -0.57336       22.20598       14.44920
C          0.78558       19.28997       16.47386
H          0.25867       18.45638       16.93382
H          1.35536       19.81038       17.24556
H          1.49545       18.90658       15.73596
C         -0.02574       23.36263       13.66227
H         -0.80454       23.82637       13.05824
H          0.79561       23.02673       13.02223
H          0.38026       24.11601       14.33969
C          5.93580       20.72445       12.82882
H          5.81758       21.77586       12.53304
H          6.91642       20.35333       12.49237
C          5.84398       20.60980       14.34654
H          6.01773       19.56920       14.65466
H          6.60953       21.25755       14.79697
C          5.02735       19.87614       10.84018
H          4.97709       20.87252       10.38873
H          4.19541       19.27473       10.47905
H          5.97765       19.40059       10.56446
C          4.50665       21.40960       16.11990
H          4.86017       20.60605       16.77475
H          3.46156       21.63251       16.33284
H          5.12066       22.30212       16.28742
