95
CSD_code = BEZMOJ | q = 0 | S = 0 | Stoichiometry = C38H52S2Si2Zr | MND = 12
Zr         6.05200       -0.07708        2.56357
Si         6.37968        0.13842       -0.53916
Si         8.97933        0.63298        1.66115
S          3.74375       -0.94082        2.02683
S          6.90194       -0.20415        4.93012
C          6.32098        1.49276        0.78326
C          7.42350        1.71058        1.67516
C          6.90682        2.31921        2.84379
H          7.50416        2.67469        3.67315
C          5.51105        2.49802        2.70038
C          5.15188        1.96485        1.43758
H          4.16294        2.00963        0.99395
C          6.92075       -1.22569        0.67143
C          8.02449       -1.00754        1.62248
C          8.25735       -2.24623        2.27042
C          7.34989       -3.18395        1.76788
H          7.29173       -4.21441        2.07077
C          6.53083       -2.57783        0.80486
C          4.63897       -0.02310       -1.31691
H          4.34742        0.92159       -1.76585
H          3.88183       -0.29563       -0.58810
H          4.63325       -0.76860       -2.10432
C          7.59225        0.45385       -1.98728
H          8.20780       -0.41708       -2.18386
H          8.25021        1.29039       -1.78788
H          7.04118        0.67646       -2.89443
C         10.22220        0.87663        0.22471
H         10.13150        1.86393       -0.21396
H         10.08132        0.14518       -0.56125
H         11.23854        0.77691        0.59029
C          9.92674        1.00059        3.28366
H         10.82330        0.39677        3.36476
H          9.31837        0.81849        4.16519
H         10.23745        2.04059        3.30352
C          4.61604        3.25922        3.64651
H          3.59906        2.85599        3.55732
C          5.07928        3.04981        5.09341
H          5.32004        1.99764        5.26114
H          4.29722        3.33118        5.79288
H          5.96721        3.63559        5.31424
C          4.51210        4.76543        3.25507
C          3.85576        4.87818        1.87529
H          3.69579        5.92383        1.62109
H          2.89125        4.37403        1.86564
H          4.48916        4.43766        1.11024
C          3.62821        5.49768        4.26917
H          3.42918        6.51041        3.92473
H          4.11134        5.56420        5.23976
H          2.67592        4.98445        4.38777
C          5.88464        5.43753        3.19444
H          6.52628        4.93380        2.47600
H          6.37472        5.42955        4.16441
H          5.77246        6.47463        2.88592
C          9.38264       -2.51043        3.23504
H          9.44135       -1.67319        3.94199
C         10.70341       -2.58501        2.45814
H         11.53898       -2.72667        3.14060
H         10.86636       -1.67521        1.88645
H         10.67579       -3.42362        1.76569
C          9.19176       -3.79993        4.03274
H          8.24064       -3.79984        4.55837
H          9.98774       -3.90219        4.76768
H          9.22649       -4.66476        3.37434
C          5.49318       -3.27602       -0.02981
H          4.80863       -2.52398       -0.43358
C          6.18106       -3.98416       -1.20249
H          6.73781       -3.26594       -1.80024
H          5.44618       -4.47317       -1.83843
H          6.87496       -4.73518       -0.83166
C          4.66895       -4.26980        0.78928
H          5.29961       -5.05473        1.19933
H          3.91126       -4.73410        0.16158
H          4.16565       -3.75415        1.60547
C          2.93574        0.11225        3.17875
C          1.84676        0.88439        2.77171
H          1.54285        0.85525        1.73521
C          1.16440        1.66124        3.68777
H          0.32478        2.25749        3.36098
C          1.54610        1.67046        5.02087
H          1.00467        2.27133        5.73571
C          2.61683        0.89386        5.43421
H          2.90812        0.88128        6.47419
C          3.31715        0.12288        4.52334
H          4.12441       -0.52318        4.86565
C          6.43341       -1.83917        5.34180
C          6.72478       -2.36208        6.60151
H          7.25603       -1.74765        7.31236
C          6.33634       -3.64776        6.92179
H          6.56871       -4.04566        7.89850
C          5.65138       -4.42672        6.00114
H          5.34769       -5.42971        6.25843
C          5.35824       -3.91248        4.74776
H          4.82529       -4.51107        4.02408
C          5.74794       -2.62801        4.41464
H          5.52543       -2.20950        3.41950
