86
CSD_code = BIJQUJ | q = 0 | S = 0 | Stoichiometry = C33H46FeN4Si2 | MND = 3
Fe         0.28519        3.58761        7.88054
Si        -0.13930        2.29658        5.26736
C         -2.32759        5.53276        9.07053
N         -1.94600        4.34688        9.74355
Si         0.18800        5.39114        5.38248
N         -0.97096        2.52481       10.35530
C         -3.00652        5.42909        7.85544
N          1.51680        2.73728        9.15293
C         -3.45555        6.58822        7.24673
H         -3.99785        6.52405        6.31464
N          0.13163        3.80712        6.06923
C         -3.22972        7.83734        7.81176
C         -2.54793        7.91202        9.01607
H         -2.36600        8.87759        9.46603
C         -2.09649        6.77092        9.66528
C         -3.22448        4.07951        7.25137
H         -3.85014        4.14483        6.36610
H         -3.69683        3.40694        7.96628
H         -2.25515        3.65626        6.97484
C         -3.70479        9.07406        7.11155
H         -4.74205        8.96470        6.80044
H         -3.10613        9.24753        6.21742
H         -3.62098        9.94574        7.75538
C         -1.39095        6.86886       10.98353
H         -0.96969        7.86203       11.11756
H         -0.59242        6.13344       11.05108
H         -2.08866        6.68243       11.80130
C         -0.88737        3.52905        9.45253
C         -2.67720        3.83436       10.77949
H         -3.56633        4.30895       11.14123
C         -2.06591        2.68478       11.16162
H         -2.31321        1.99207       11.93955
C         -0.02150        1.53114       10.50873
H         -0.27898        0.71617       11.16067
C          1.22701        1.65535        9.95491
C          2.25249        0.69839       10.23831
H          1.98274       -0.17834       10.80612
C          3.52651        0.91980        9.82327
H          4.31408        0.21300       10.04195
C          3.82370        2.10274        9.12478
H          4.83649        2.34413        8.84824
C          2.79432        2.96849        8.81449
C          3.13314        4.25445        8.15281
C          3.80746        4.26511        6.92884
C          4.31235        5.46129        6.44023
H          4.86160        5.46017        5.50790
C          4.14755        6.65442        7.12715
C          3.45443        6.63247        8.32855
H          3.31741        7.55485        8.87617
C          2.95340        5.45292        8.85521
C          3.99246        3.00853        6.13180
H          3.17712        2.31473        6.32036
H          4.92939        2.51655        6.39340
H          4.02427        3.24118        5.06940
C          4.67714        7.93834        6.56321
H          4.82014        8.67900        7.34647
H          3.97043        8.34317        5.83744
H          5.62425        7.77654        6.05283
C          2.26343        5.45742       10.18631
H          2.78549        4.80466       10.88511
H          1.24766        5.07588       10.07493
H          2.22985        6.46239       10.59925
C          0.10071        1.01271        6.66186
H         -0.23099        0.02460        6.36413
H         -0.47200        1.29939        7.54543
H          1.14208        0.93109        6.95769
C          1.04604        1.97429        3.80534
H          1.00432        0.93556        3.49296
H          2.07478        2.20486        4.05382
H          0.76730        2.58506        2.95284
C         -1.90658        2.06627        4.55923
H         -1.92270        1.25232        3.84089
H         -2.24393        2.96020        4.04701
H         -2.63174        1.83314        5.33169
C          1.65828        5.70763        4.20677
H          1.59303        6.69708        3.76424
H          1.67240        4.98542        3.39764
H          2.60314        5.63985        4.73184
C          0.29283        6.50504        6.93076
H         -0.54339        7.19025        7.00041
H          1.20504        7.08839        6.94150
H          0.28717        5.88274        7.82968
C         -1.36955        5.80975        4.35203
H         -1.41680        6.87261        4.13626
H         -2.28074        5.53650        4.86887
H         -1.35403        5.28396        3.40268
