98
CSD_code = BIXQEE | q = 0 | S = 0 | Stoichiometry = C42H45Cl2O4P2ReSi2 | MND = 6
Re        -0.01699       -6.57701       -3.13800
Cl        -1.40538       -8.42144       -3.34127
Cl         1.49847       -7.66608       -4.50154
P          1.26740       -4.54448       -3.62425
P         -2.05757       -5.55999       -2.03557
Si         4.14175       -1.16365       -4.37917
Si         4.42688       -6.61787       -1.71892
O          0.64117       -6.87780       -1.64393
O         -0.89787       -5.83692       -4.73440
O          2.88024       -2.01187       -3.72220
O          3.58930       -5.61036       -2.74881
C          0.07361       -3.70152       -4.69306
C         -0.90375       -4.60862       -5.17528
C         -1.85521       -4.14172       -6.09215
C         -1.84570       -2.81888       -6.48053
C         -0.89950       -1.93232       -5.98314
C          0.06799       -2.37653       -5.09831
C          1.77040       -3.47526       -2.24810
C          2.55944       -2.34120       -2.45817
C          2.96358       -1.59025       -1.36104
C          2.58964       -1.95776       -0.08152
C          1.82250       -3.09166        0.12716
C          1.42619       -3.85087       -0.95681
C          4.21247        0.64830       -3.76410
C          3.70913       -1.17371       -6.22425
C          5.76480       -2.07116       -3.97456
C          2.69416       -4.76463       -4.70107
C          3.77330       -5.37611       -4.05394
C          4.90961       -5.69180       -4.78200
C          4.94423       -5.42723       -6.14117
C          3.85932       -4.85475       -6.78466
C          2.72316       -4.52625       -6.06518
C          3.44159       -6.47160       -0.10984
C          6.18975       -5.91390       -1.45708
C          4.45979       -8.38601       -2.41738
C         -3.38511       -5.14244       -3.20303
C         -3.85190       -6.17721       -4.01304
C         -4.84689       -5.93303       -4.94054
C         -5.38195       -4.66072       -5.06955
C         -4.92397       -3.63426       -4.26106
C         -3.92865       -3.86880       -3.32835
C         -1.84253       -4.06464       -1.01846
C         -1.38164       -2.90049       -1.63198
C         -1.16919       -1.75490       -0.89018
C         -1.39452       -1.76422        0.47698
C         -1.83444       -2.92228        1.09544
C         -2.05837       -4.07012        0.35509
C         -2.84621       -6.73600       -0.89730
C         -4.22293       -6.72936       -0.69789
C         -4.79201       -7.62696        0.18764
C         -3.99509       -8.52697        0.87593
C         -2.62278       -8.53084        0.68191
C         -2.04643       -7.63835       -0.20264
H         -2.59064       -4.83375       -6.47254
H         -2.58962       -2.46982       -7.18177
H         -0.91147       -0.89863       -6.29419
H          0.82120       -1.70237       -4.72236
H          3.57546       -0.71821       -1.52385
H          2.91287       -1.35891        0.75711
H          1.54389       -3.38708        1.12669
H          0.86310       -4.76365       -0.81721
H          4.80988        0.76323       -2.86338
H          3.21988        1.03921       -3.55416
H          4.65712        1.28876       -4.51959
H          2.73094       -0.74304       -6.41467
H          3.70739       -2.18257       -6.62100
H          4.43693       -0.59763       -6.78558
H          5.92963       -2.13149       -2.90159
H          6.62629       -1.57823       -4.41254
H          5.73397       -3.08829       -4.35645
H          5.74545       -6.16348       -4.29188
H          5.82631       -5.68751       -6.70756
H          3.89422       -4.67798       -7.84928
H          1.86265       -4.09431       -6.55606
H          2.40665       -6.74192       -0.28996
H          3.45941       -5.46361        0.29271
H          3.83806       -7.14234        0.64483
H          6.89168       -6.23109       -2.22334
H          6.59156       -6.24180       -0.50390
H          6.17995       -4.82669       -1.45108
H          5.15750       -8.50094       -3.24306
H          3.47146       -8.63797       -2.79467
H          4.72420       -9.11679       -1.65970
H         -3.41844       -7.16408       -3.91559
H         -5.20186       -6.73700       -5.56829
H         -6.15535       -4.46916       -5.79893
H         -5.34191       -2.64261       -4.35530
H         -3.58673       -3.06123       -2.69780
H         -1.18715       -2.90055       -2.69629
H         -0.81733       -0.85768       -1.37717
H         -1.22240       -0.87141        1.05914
H         -2.00554       -2.93347        2.16184
H         -2.40218       -4.97051        0.84276
H         -4.84504       -6.02930       -1.23835
H         -5.86188       -7.62678        0.33671
H         -4.44579       -9.23103        1.55974
H         -2.00301       -9.23715        1.21330
H         -0.97737       -7.64597       -0.38028
