93
CSD_code = BOXQEL | q = 0 | S = 0 | Stoichiometry = C36H54Si2Zr | MND = 12
Zr         5.17322        2.72447        3.72515
Si         7.81453        5.28414        5.55652
C          6.47283        2.04626        1.73014
H          6.99108        2.69925        1.04101
Si         2.50886        4.40550        3.32844
C          5.22363        1.42027        1.46455
C          4.30255        1.62491        0.40915
C          3.17633        0.82353        0.35016
C          2.88525       -0.09120        1.39315
C          3.74098       -0.25817        2.47466
C          4.99752        0.39076        2.45444
C          6.21165        0.28201        3.23990
C          6.73898       -0.72166        4.07967
C          7.97473       -0.51585        4.68184
C          8.79715        0.57963        4.32781
C          8.39979        1.46903        3.34201
C          7.09559        1.34424        2.80398
C          4.60165        2.65487       -0.65089
H          3.80784        3.39951       -0.71697
H          4.70339        2.18086       -1.62732
H          5.53133        3.17412       -0.43864
C          2.19158        0.95922       -0.77829
H          2.45734        1.76656       -1.45081
H          1.19303        1.15625       -0.39053
H          2.15109        0.03868       -1.36119
C          1.58389       -0.84626        1.34921
H          1.62097       -1.73323        1.97341
H          1.35639       -1.16484        0.33547
H          0.76055       -0.21891        1.69610
C          3.24319       -0.96593        3.70906
H          2.23452       -0.61970        3.93281
H          3.87667       -0.71916        4.55626
H          3.20376       -2.04892        3.59577
C          6.07831       -2.06779        4.19714
H          6.83649       -2.84812        4.16794
H          5.41473       -2.21957        3.35318
H          5.51428       -2.18471        5.12225
C          8.49212       -1.51935        5.67723
H          7.67883       -2.07940        6.12823
H          9.03467       -1.02412        6.47827
H          9.17428       -2.22634        5.20189
C         10.15369        0.69459        4.96874
H         10.69652        1.56167        4.61090
H         10.74889       -0.19442        4.76164
H         10.05961        0.78730        6.05045
C          9.34366        2.50489        2.78503
H         10.29331        2.04863        2.50770
H          9.53942        3.29234        3.51364
H          8.93072        2.96278        1.89131
C          5.45513        1.83345        5.73951
H          4.91148        0.87147        5.82134
H          6.52911        1.57149        5.79770
C          5.12830        2.60841        7.02621
H          5.66087        3.57045        7.02170
C          3.62556        2.87318        7.14220
H          3.26971        3.44611        6.28565
H          3.40102        3.42519        8.05420
H          3.08323        1.92852        7.17832
C          5.59722        1.83164        8.26642
H          6.66870        1.64726        8.21959
H          5.08928        0.87022        8.32389
H          5.38511        2.38489        9.18001
C          5.02701        5.02558        4.64753
H          4.60863        5.25061        5.61970
C          6.41531        4.90062        4.36963
C          6.52659        4.81862        2.95289
H          7.46132        4.87437        2.40923
C          5.24340        4.87072        2.39331
H          5.00632        4.91592        1.33597
C          4.29527        5.02783        3.43825
C          7.16751        6.39118        6.97515
H          7.98095        6.69958        7.62439
H          6.43805        5.87473        7.59116
H          6.69474        7.28898        6.59036
C          9.17825        6.26441        4.63557
H          9.95965        6.57617        5.32181
H          8.77191        7.15817        4.17287
H          9.64942        5.67848        3.85250
C          8.61680        3.72000        6.32616
H          9.69419        3.83141        6.40605
H          8.41722        2.83215        5.73160
H          8.23868        3.53613        7.32692
C          1.79653        4.73602        1.58033
H          0.72449        4.57273        1.56639
H          2.23869        4.06293        0.85325
H          1.97939        5.75381        1.25227
C          1.38750        5.31735        4.58667
H          1.29194        6.36932        4.33979
H          1.77854        5.25077        5.59606
H          0.39153        4.88797        4.59134
C          2.91821        2.58580        3.63711
H          2.58524        1.97869        2.78826
H          2.44389        2.17016        4.53404
