93
CSD_code = BUCFIP | q = 0 | S = 0 | Stoichiometry = C31H56N3OSiY | MND = 5
Y          2.41844        2.63630       14.92994
Si         0.45361        0.51158       17.17180
O          5.12754        2.19971       15.60478
N          2.71258        1.89953       12.62251
N          0.63503        3.50841       13.76310
N          2.31486        4.69220       15.73892
C          1.99072        0.84216       10.51072
H          1.41176        1.28284        9.70140
H          1.68861       -0.20039       10.60961
H          3.04541        0.87822       10.24847
C          1.72072        1.57728       11.80806
C          0.38303        1.90232       12.03446
H         -0.32375        1.46730       11.34168
C         -0.13114        2.86924       12.91311
C         -1.59401        3.22118       12.75917
H         -2.06693        3.31866       13.73513
H         -2.11659        2.45974       12.18697
H         -1.69890        4.17339       12.23798
C          0.15361        4.68301       14.45777
H         -0.47456        4.40398       15.31812
H         -0.44327        5.32887       13.79734
C          1.37660        5.48783       14.95851
H          1.88452        5.88348       14.06174
H          0.99173        6.34739       15.51826
C          4.05127        1.75916       12.20815
C          4.73952        0.53646       12.29730
C          6.07669        0.48639       11.93114
H          6.61167       -0.45019       11.99554
C          6.73717        1.61004       11.47084
H          7.77687        1.55116       11.18325
C          6.05671        2.81057       11.37622
H          6.57712        3.68516       11.01462
C          4.71898        2.90338       11.73063
C          4.05245       -0.70980       12.80756
H          2.99540       -0.47645       12.97138
C          4.14366       -1.86188       11.80419
H          5.17109       -2.19978       11.68916
H          3.77585       -1.55653       10.82765
H          3.54756       -2.70412       12.14998
C          4.65764       -1.12477       14.15054
H          5.69896       -1.41814       14.02905
H          4.10980       -1.96675       14.56897
H          4.60393       -0.29101       14.84633
C          3.98977        4.22564       11.63115
H          2.92039        4.04277       11.78735
C          4.46925        5.17360       12.73617
H          4.21421        4.76757       13.72119
H          3.98679        6.14355       12.63056
H          5.54724        5.32088       12.67871
C          4.16362        4.86537       10.25213
H          3.52162        5.73931       10.16408
H          3.89277        4.15960        9.46988
H          5.19057        5.18334       10.08805
C          2.50828        5.17103       17.09922
C          1.21445        5.11880       17.94325
H          0.46269        5.80114       17.55405
H          1.42103        5.39650       18.97494
H          0.80742        4.10854       17.92286
C          3.55568        4.27602       17.77925
H          3.22307        3.23474       17.77648
H          3.71602        4.59119       18.80906
H          4.49783        4.35360       17.23970
C          3.06994        6.61206       17.11902
H          3.93286        6.67328       16.45962
H          3.37495        6.88294       18.12741
H          2.33317        7.33659       16.78443
C          1.91977        0.58763       15.99318
H          1.70551       -0.11093       15.17211
H          2.78710        0.16301       16.51311
C         -0.27828       -1.24859       17.41118
H         -0.66190       -1.64158       16.47452
H         -1.09436       -1.25569       18.12755
H          0.47661       -1.94155       17.76997
C          0.93975        1.10956       18.92861
H          1.61097        0.40234       19.40605
H          0.06647        1.21002       19.56537
H          1.44127        2.07183       18.90516
C         -0.97236        1.60283       16.50485
H         -0.78817        2.65502       16.70542
H         -1.92624        1.34584       16.95630
H         -1.07144        1.47988       15.42884
C          5.63719        1.56948       16.77614
H          5.79392        2.32300       17.56004
H          4.90030        0.84526       17.12371
C          6.97949        0.93968       16.37234
H          7.70772        1.02725       17.17597
H          6.85591       -0.11502       16.13501
C          7.38790        1.73928       15.12437
H          7.40872        1.10102       14.24310
H          8.36013        2.21446       15.23302
C          6.26894        2.77931       14.98458
H          6.53758        3.70858       15.50848
H          6.02001        2.99926       13.94802
