77
CSD_code = BUPBIY | q = 0 | S = 0 | Stoichiometry = C32H35Cl3N4OSiZr | MND = 7
Zr        -1.17991        2.13611       10.17631
Cl         0.26623        4.02886       10.30813
Cl        -2.46058        0.13503       10.06230
Cl        -3.18641        3.50008       10.31962
Si         0.84609        0.64552       12.59459
N          0.33413        1.19773        8.78699
N          0.44741        0.97702       10.97650
N         -0.79573        0.30627       13.25323
N         -1.50088        2.30345       12.37827
H         -2.24663        2.99886       12.49532
C          0.83056        1.44685        7.50714
C          0.27842        0.76205        6.42283
H         -0.47517        0.00953        6.61353
C          0.70309        1.04031        5.13790
H          0.27784        0.50104        4.30336
C          1.67119        2.00739        4.91542
H          1.99840        2.22473        3.90956
C          2.21294        2.69847        5.98794
H          2.96058        3.45922        5.81688
C          1.80127        2.42515        7.27843
H          2.19875        2.97870        8.11827
C          1.09943        0.95800        9.82730
C          2.54794        0.67439        9.72833
C          3.02135       -0.31767        8.87693
H          2.32242       -0.89425        8.28899
C          4.37961       -0.56834        8.79883
H          4.74471       -1.34465        8.14302
C          5.26970        0.17733        9.55401
H          6.32989       -0.01659        9.48562
C          4.80055        1.17657       10.39159
H          5.49493        1.76674       10.97110
C          3.44320        1.42377       10.48412
H          3.06287        2.21236       11.11535
C          1.89570       -0.92300       12.83684
H          1.35821       -1.81465       12.52987
H          2.19906       -1.05590       13.86819
H          2.79626       -0.85483       12.23579
C          1.49710        2.15919       13.56814
H          1.19890        3.08055       13.07010
H          2.58059        2.15256       13.63935
H          1.10256        2.19038       14.57977
C         -1.14103       -0.95002       13.79857
C         -0.49566       -1.41115       14.93833
H          0.25327       -0.79226       15.40900
C         -0.82820       -2.64501       15.46737
H         -0.32775       -2.99868       16.35678
C         -1.80354       -3.42105       14.86383
H         -2.06374       -4.38202       15.28151
C         -2.44051       -2.96316       13.72218
H         -3.19505       -3.56855       13.24326
C         -2.11182       -1.73243       13.18393
H         -2.58712       -1.37574       12.28176
C         -1.74726        1.23059       13.07802
C         -3.05464        1.07061       13.76139
C         -3.13441        0.81566       15.12705
H         -2.23022        0.71178       15.70793
C         -4.36996        0.71548       15.73894
H         -4.42740        0.52375       16.80006
C         -5.52924        0.85926       14.99423
H         -6.49218        0.77325       15.47530
C         -5.45288        1.11679       13.63539
H         -6.35436        1.23210       13.05351
C         -4.22122        1.23326       13.01711
H         -4.15827        1.42312       11.95218
C         -2.87576        2.11577        7.42513
H         -3.77549        2.51117        7.92075
H         -2.85753        1.02555        7.51912
C         -2.77920        2.61616        5.97502
H         -2.39004        1.83883        5.32015
H         -3.75577        2.92131        5.60542
C         -1.79709        3.79829        6.05528
H         -0.86498        3.55596        5.54577
H         -2.20492        4.70879        5.62294
C         -1.54824        3.95324        7.55820
H         -0.53861        4.29513        7.80548
H         -2.29226        4.62232        8.01756
O         -1.71328        2.63237        8.08048
