53
CSD_code = BUTZRB | q = 0 | S = 0 | Stoichiometry = C18H32Si2Zr | MND = 12
Zr        -0.73500        1.46995        4.60649
Si        -2.44765        2.57097        1.63922
Si        -0.02920        2.51094        7.98148
C         -1.68782        3.02956        3.30253
C         -4.33378        2.22264        1.76810
C         -1.67916        1.01289        0.80260
C         -2.26713        3.96924        0.33265
C         -0.57483        2.99752        6.24343
C         -1.51651        2.16989        9.15051
C          1.07910        0.93523        8.07447
C          0.99954        3.89015        8.83888
C          1.55550        2.31630        3.75036
C          1.01069        1.51716        2.72754
C          0.93115        0.19193        3.20481
C          1.43111        0.17548        4.52610
C          1.81743        1.49063        4.86002
C         -3.13494        0.66436        4.76318
C         -2.63060        0.64540        6.07720
C         -1.62946       -0.34821        6.14725
C         -1.52738       -0.95112        4.87686
C         -2.44729       -0.31762        4.01653
H         -2.46916        3.51744        3.90882
H         -0.91224        3.79531        3.13591
H         -1.56227        3.48226        6.32185
H          0.11271        3.77118        5.86322
H          1.83223        3.35891        3.65865
H          0.82018        1.84392        1.71561
H          0.69804       -0.68408        2.60927
H          1.64293       -0.71518        5.10767
H          2.34727        1.79363        5.75134
H         -3.98574        1.23881        4.42601
H         -3.03205        1.20320        6.91104
H         -1.16420       -0.70622        7.05592
H         -0.95406       -1.84127        4.64389
H         -2.71293       -0.64857        3.02146
H         -4.80769        2.33266        0.79773
H         -4.82169        2.91740        2.44422
H         -4.54355        1.21697        2.11664
H         -2.43056        0.48926        0.21836
H         -1.26994        0.30853        1.52372
H         -0.88305        1.28432        0.11591
H         -2.64780        3.66311       -0.63685
H         -2.81047        4.86026        0.63093
H         -1.22709        4.25252        0.19992
H         -1.20416        2.22707       10.18877
H         -2.30911        2.89893        9.01234
H         -1.94159        1.18341        8.99626
H          2.13410        1.19201        8.07470
H          0.88881        0.39453        8.99744
H          0.90411        0.25034        7.24740
H          1.36409        3.57367        9.81103
H          0.40770        4.78770        8.98774
H          1.86292        4.16652        8.24075
