75
CSD_code = CALPOX | q = 0 | S = 0 | Stoichiometry = C25H44N3Si2Y | MND = 8
Y          1.19895        3.32507        3.28743
C          0.28499        4.38890        1.35214
N          1.91626        4.05621        5.23411
C          1.44679        3.89391        0.66518
C          2.52552        4.83058        0.90405
N          2.00827        0.88167        3.50351
C          0.68416        5.60039        1.99949
H         -0.00152        6.28532        2.48712
N         -0.46987        2.14268        2.94013
C          2.02741        5.86688        1.72461
H          2.57819        6.73638        2.04173
C          2.91082        2.61732       -0.74776
H          3.08580        1.78050       -1.41005
C          3.96114        3.51327       -0.49343
H          4.92135        3.33912       -0.95828
C          3.77689        4.61062        0.31088
H          4.58236        5.31375        0.47580
C          1.66709        2.79843       -0.19188
H          0.85776        2.12285       -0.43951
Si         0.73426        4.25653        6.47262
C         -1.13094        3.86358        1.27096
H         -1.77118        4.49042        1.90097
H         -1.50388        3.92760        0.24241
C         -1.24623        2.39839        1.73791
H         -2.31407        2.17062        1.90619
H         -0.91205        1.73277        0.91658
C          0.76171        0.33501        4.10388
H          0.67958        0.82648        5.08303
C          4.40244        3.97089        3.72792
H          3.69288        3.44392        3.06726
H          5.23727        3.30464        3.92296
H          4.79086        4.81536        3.16962
C         -0.48817        0.73874        3.28723
H         -0.52198        0.11858        2.36788
C         -0.93934        4.55889        5.57846
H         -0.94126        5.52660        5.08087
H         -1.77105        4.55362        6.27672
H         -1.13244        3.78501        4.82814
C          1.02693        5.69764        7.68732
H          1.95087        5.55167        8.23516
H          0.22262        5.77904        8.41097
H          1.10004        6.64461        7.16500
C         -1.72986        0.36596        4.12859
H         -1.70579        0.94429        5.05479
H         -2.62741        0.65385        3.58021
C          4.49847        3.78510        6.82705
H          4.00186        4.03291        7.75843
H          5.51507        4.15962        6.88676
H          4.54996        2.70259        6.76278
C          2.38040        0.21133        2.25172
H          3.20593        0.75149        1.78279
H          1.53849        0.21576        1.56227
H          2.69805       -0.82477        2.42198
C          0.73931       -1.18359        4.32310
H          0.69653       -1.70251        3.36355
H          1.63569       -1.51342        4.85104
C         -0.48990       -1.56089        5.14707
H         -0.43490       -1.07310        6.12267
H         -0.50452       -2.64017        5.31314
C         -1.76485       -1.12686        4.43262
H         -2.63415       -1.35992        5.05052
H         -1.86235       -1.68366        3.49750
C          3.12395        0.76658        4.44991
H          3.34217       -0.27869        4.70268
H          2.89103        1.31794        5.36178
H          4.02163        1.19375        4.00415
C          0.55379        2.66634        7.54006
H          0.08131        1.85914        6.98761
H         -0.05144        2.85297        8.42111
H          1.52363        2.31559        7.87824
C          3.80569        6.45568        5.45650
H          3.17104        6.97371        4.74427
H          4.83431        6.73515        5.24980
H          3.55776        6.82494        6.44513
Si         3.55347        4.56256        5.35385
