75
CSD_code = CAMLOS | q = 0 | S = 0 | Stoichiometry = C30H38CrO5Si | MND = 9
Cr         1.98116        6.88540        0.53029
C          2.23826        7.75137        2.64098
C          3.36913        6.96996        2.31173
C          3.21007        5.63233        1.93785
C          1.91931        5.06570        1.86591
C          0.78908        5.85070        2.14712
C          0.94912        7.19258        2.59100
C          4.76825        7.51148        2.33381
C          5.54447        6.98816        1.14430
C          6.37550        8.01145        0.43858
C          5.40759        5.70704        0.80992
C          4.45144        4.85166        1.61424
C          6.09284        5.00211       -0.31748
C         -0.21781        7.92430        3.14190
C         -0.76766        9.06630        2.55179
C         -1.86170        9.66508        3.16638
C         -2.40631        9.16218        4.33361
C         -1.85517        8.03501        4.91750
C         -0.76882        7.42569        4.32083
C         -0.22575        9.63086        1.27916
C          4.04189        8.93180        5.43721
C          1.16557       10.01719        5.48879
C          3.33149       11.56112        3.77472
C          4.44973       11.41924        2.73807
C          3.86322       12.36846        4.96045
C          2.18105       12.34110        3.13327
C         -0.58251        5.24607        2.03752
C          1.78705        2.81971        2.54554
C          2.51979        8.42095       -0.27547
C          2.75114        6.19132       -0.95585
C          0.61630        6.93710       -0.66893
O          2.89850        9.36349       -0.83128
O         -0.19193        6.94571       -1.49977
O          3.20093        5.79698       -1.94647
O          1.77090        3.74060        1.47315
O          2.40340        9.04863        3.00428
Si         2.72178        9.84950        4.40237
H          5.26949        7.18662        3.25609
H          4.74790        8.59999        2.32620
H          7.04451        7.56648       -0.29001
H          6.96613        8.58109        1.15552
H          5.71809        8.70580       -0.08472
H          4.94170        4.54303        2.54888
H          4.18800        3.95353        1.05328
H          6.96422        5.54585       -0.66803
H          5.40316        4.88784       -1.15304
H          6.40885        4.00861       -0.00153
H         -2.29518       10.54626        2.71538
H         -3.25614        9.64923        4.78806
H         -2.26573        7.63555        5.83291
H         -0.32453        6.55279        4.78106
H         -0.75939       10.53742        1.00660
H         -0.32140        8.91025        0.46615
H          0.83140        9.86420        1.37990
H          3.81735        7.86944        5.49355
H          4.07151        9.30901        6.45410
H          5.04113        9.03407        5.02498
H          0.88268        9.06820        5.93521
H          0.31222       10.36884        4.91741
H          1.33158       10.71879        6.29975
H          4.78325       12.40248        2.40770
H          4.09676       10.87412        1.86561
H          5.30845       10.89831        3.15774
H          4.20101       13.35004        4.63028
H          4.70162       11.86229        5.43264
H          3.08767       12.51243        5.70869
H          2.52930       13.31787        2.79861
H          1.37100       12.49361        3.84236
H          1.78963       11.80769        2.27137
H         -0.93069        4.86932        3.00086
H         -0.56056        4.41911        1.33022
H         -1.29861        5.98878        1.69140
H          1.67445        1.83361        2.09969
H          0.96092        2.99988        3.24217
H          2.73265        2.86383        3.09794
