67
CSD_code = CAQYUQ | q = 0 | S = 0 | Stoichiometry = C20H41NO2PReSi | MND = 8
C          7.08980       -0.37850        4.22627
H          6.67603       -0.49571        3.23760
C          6.41834        0.14306        5.35375
H          5.39840        0.49935        5.36904
C          7.25882       -0.02282        6.48737
H          6.97037        0.11991        7.51806
C          8.45191       -0.67167        6.04997
H          9.21327       -1.09693        6.68775
C          8.32020       -0.92136        4.66624
C          7.87202       -3.05714        1.70625
H          6.85444       -2.92317        2.06399
H          7.90020       -3.98866        1.15076
H          8.07973       -2.25641        1.00168
C         10.90788       -3.18341        2.44895
H         11.07526       -2.46552        1.65235
H         11.08718       -4.16973        2.03680
H         11.65276       -3.00371        3.21734
C          8.73015       -4.49332        4.36607
C          7.35308       -4.27039        4.99996
H          7.12815       -5.06305        5.71370
H          6.57047       -4.26630        4.24363
H          7.31845       -3.32107        5.53173
C          8.72604       -5.84667        3.65302
H          8.51744       -6.64825        4.36117
H          9.69188       -6.04344        3.19308
H          7.96543       -5.87518        2.87640
C          9.77671       -4.53640        5.48352
H          9.82117       -3.58518        6.00955
H         10.76428       -4.74900        5.07991
H          9.53024       -5.31251        6.20820
C         11.44176        0.79792        3.71059
H         10.95510       -0.13466        3.39855
C         11.91147        0.60182        5.15039
H         12.41550       -0.35846        5.24668
H         11.06280        0.61992        5.83308
H         12.60424        1.38064        5.45386
C         12.62068        1.07020        2.78230
H         13.18368        1.93806        3.11609
H         12.30145        1.23182        1.75565
H         13.29305        0.21308        2.79451
C         10.66127        3.79341        3.76240
H          9.72418        4.34086        3.93528
C         11.50304        3.94217        5.02636
H         12.50533        3.55066        4.87772
H         11.02010        3.41991        5.84885
H         11.58774        4.99375        5.28994
C         11.37881        4.40068        2.55967
H         11.71475        5.40113        2.82713
H         10.72148        4.49621        1.70064
H         12.25219        3.82232        2.27329
C          9.54520        1.95406        1.79569
H         10.36233        2.38873        1.21174
C          9.29702        0.52963        1.31484
H          8.60988        0.01743        1.98072
H         10.21561       -0.04921        1.26242
H          8.85327        0.55000        0.31995
C          8.28631        2.79668        1.60906
H          8.02417        2.85977        0.55421
H          8.41705        3.80484        1.99465
H          7.45245        2.34369        2.14162
N          7.44034        3.04920        4.71187
O          6.83652        4.01868        4.39633
O          9.21406       -1.63360        3.91658
Si         9.13935       -3.06855        3.13322
P         10.04437        2.02818        3.59566
Re         8.23939        1.56106        5.15748
H          8.98977        2.31466        6.34078
