104
CSD_code = CAQYOL | q = 1 | S = 0 | Stoichiometry = C55H43IrOP3Si(1+) | MND = 6
Ir        13.55549        4.68070       13.01615
P         13.71291        2.73702       11.67060
P         13.04383        3.62355       15.08987
P         14.34867        6.71080       13.96170
Si        15.75116        4.07072       13.63167
O         10.82001        5.64728       12.04572
C         11.78824        5.23654       12.49675
C         16.32824        2.57934       12.58879
C         17.60059        2.03172       12.62477
H         18.31749        2.40205       13.34116
C         17.96109        1.01760       11.75396
H         18.95544        0.59930       11.79408
C         17.05591        0.55737       10.80995
H         17.34935       -0.20500       10.10435
C         15.77484        1.07807       10.76919
H         15.07373        0.74214       10.01662
C         15.40349        2.06283       11.68024
C         13.48149        3.07907        9.89343
C         12.35457        2.68791        9.18080
H         11.56295        2.13548        9.66634
C         12.24807        3.00104        7.83583
H         11.37197        2.69299        7.28535
C         13.25736        3.70201        7.19892
H         13.16951        3.94150        6.15033
C         14.38162        4.09656        7.90903
H         15.17021        4.64333        7.41457
C         14.49354        3.79085        9.25079
H         15.36585        4.09928        9.81272
C         12.56923        1.34292       11.91986
C         11.22930        1.67293       12.11333
H         10.94521        2.71622       12.18277
C         10.27165        0.68247       12.21147
H          9.23471        0.94618       12.35562
C         10.64591       -0.64846       12.11817
H          9.89898       -1.42430       12.18450
C         11.97875       -0.98153       11.94800
H         12.27196       -2.01862       11.88672
C         12.94314        0.00686       11.85519
H         13.98155       -0.26599       11.74449
C         15.78030        3.52847       15.46877
C         16.93737        3.28201       16.19507
H         17.89799        3.48067       15.74325
C         16.86807        2.78935       17.48602
H         17.77333        2.61269       18.04710
C         15.63649        2.48798       18.04824
H         15.58363        2.05922       19.03766
C         14.47304        2.72632       17.34005
H         13.51599        2.44968       17.76141
C         14.54396        3.29354       16.07058
C         12.35513        1.93235       15.17121
C         13.23471        0.88905       14.88695
H         14.24842        1.11258       14.57421
C         12.82437       -0.42220       15.01985
H         13.51771       -1.22464       14.81804
C         11.52749       -0.70603       15.41756
H         11.20907       -1.73088       15.52976
C         10.64264        0.32665       15.67246
H          9.63038        0.10947       15.97845
C         11.05128        1.64384       15.55361
H         10.35532        2.43968       15.77544
C         11.89294        4.51830       16.18273
C         12.14699        4.83855       17.50951
H         13.11084        4.63373       17.94955
C         11.16575        5.45026       18.27149
H         11.36685        5.68206       19.30648
C          9.93807        5.76593       17.71628
H          9.17712        6.23977       18.31717
C          9.69038        5.48099       16.38260
H          8.74018        5.73783       15.93867
C         10.66214        4.85988       15.62278
H         10.46965        4.62927       14.58210
C         16.85485        5.62023       13.54408
C         18.22694        5.66260       13.36871
H         18.77236        4.74411       13.21488
C         18.90054        6.87344       13.37057
H         19.96974        6.89668       13.22352
C         18.20228        8.05510       13.55588
H         18.72565        8.99911       13.55482
C         16.82868        8.03223       13.73303
H         16.28830        8.95858       13.86323
C         16.15741        6.81740       13.72284
C         13.74608        8.27162       13.23662
C         13.26929        8.28708       11.92974
H         13.21174        7.36549       11.36784
C         12.87101        9.47509       11.34319
H         12.49886        9.47308       10.32996
C         12.94888       10.66121       12.05323
H         12.63510       11.58762       11.59749
C         13.43158       10.65578       13.35205
H         13.49850       11.57833       13.90890
C         13.83075        9.47165       13.94385
H         14.19836        9.48187       14.96058
C         14.17069        7.00908       15.74388
C         15.18990        6.67584       16.62962
H         16.09664        6.21670       16.26099
C         15.04785        6.95526       17.97714
H         15.84289        6.70126       18.66208
C         13.89997        7.57586       18.44236
H         13.80433        7.81637       19.49013
C         12.87286        7.88735       17.56436
H         11.97593        8.36640       17.92648
C         12.99702        7.58876       16.22129
H         12.19506        7.82023       15.53225
H         14.09944        5.34119       11.72877
