117
CSD_code = CESTAX | q = 0 | S = 0 | Stoichiometry = C45H61N7SSi2Zr | MND = 6
C          1.68212        2.59007        1.08999
H          1.11683        1.78555        0.59938
H          2.73277        2.25042        1.14148
C          1.66420        3.80042        0.07899
C          2.93462        4.70704        0.24855
H          3.79952        4.01458        0.28076
H          3.02108        5.27715       -0.68629
C          1.75053        3.18672       -1.32578
H          0.88185        2.56770       -1.54003
H          2.63558        2.55592       -1.38545
H          1.83715        3.95293       -2.09328
C          0.44395        4.64847        0.27786
C         -0.45558        4.93757       -0.74992
H         -0.29713        4.55281       -1.74309
C         -1.56098        5.72674       -0.49808
H         -2.25697        5.96206       -1.28935
C         -1.76110        6.19942        0.79209
H         -2.61821        6.80412        1.04056
C         -0.82470        5.88188        1.75683
H         -0.94237        6.24137        2.77505
C         -0.97662        3.38098        4.24977
H         -0.29387        4.23242        4.37107
H         -1.02865        2.85449        5.19521
H         -1.96951        3.77593        4.05727
C         -1.76127        2.48047        1.43546
H         -2.08527        3.51269        1.34513
H         -2.64355        1.88936        1.65954
H         -1.39964        2.16598        0.46079
C         -0.42273        0.35613        3.18163
C          0.88327       -0.10851        3.83023
H          1.05890        0.39601        4.77544
H          1.72292        0.08795        3.16582
H          0.84858       -1.18163        4.02266
C         -1.58468        0.01831        4.11561
H         -2.53172        0.33226        3.68440
H         -1.47037        0.51647        5.07401
H         -1.63211       -1.05579        4.29540
C         -0.59952       -0.45027        1.89155
H         -0.58406       -1.51850        2.10976
H          0.20548       -0.24081        1.19002
H         -1.54411       -0.22122        1.40784
C          3.80537        7.75392        3.00602
H          3.33454        7.14115        3.77479
H          3.59606        8.79093        3.24336
H          4.88109        7.61410        3.06379
C          1.39169        8.21921        1.11482
H          0.80246        7.85603        0.27585
H          1.53621        9.28571        0.97462
H          0.80266        8.09021        2.02048
C          4.26098        7.96470       -0.06838
C          4.67068        9.39922        0.27054
H          5.33230        9.79760       -0.49926
H          5.19399        9.43867        1.22124
H          3.79997       10.04605        0.33440
C          5.53016        7.11589       -0.15421
H          5.29623        6.08413       -0.40496
H          6.06020        7.12462        0.79564
H          6.20199        7.50801       -0.91875
C          3.58381        7.98544       -1.43843
H          2.68800        8.60006       -1.41447
H          3.29894        6.98490       -1.75701
H          4.25753        8.39573       -2.19179
C          1.89843        5.66270        5.60480
C          2.78946        3.21990        6.73286
C          3.14896        3.13972        8.07767
H          4.00463        3.69029        8.43595
C          2.38521        2.39353        8.95224
H          2.66401        2.34694        9.99469
C          1.25355        1.72745        8.50971
H          0.65494        1.15328        9.20047
C          0.88554        1.81878        7.17799
H         -0.00209        1.30700        6.83356
C          1.64667        2.55435        6.28977
H          1.37048        2.64395        5.24119
C          4.85039        4.26755        5.96395
C          5.39022        5.47402        5.51018
H          4.72433        6.23257        5.13012
C          6.74882        5.70662        5.58139
H          7.14399        6.65207        5.23844
C          7.60316        4.74709        6.09916
H          8.66482        4.93348        6.15801
C          7.07698        3.54762        6.55317
H          7.73267        2.79269        6.96338
C          5.72164        3.30015        6.48224
H          5.32575        2.35603        6.82591
C          1.01933        6.51253        7.62877
C         -0.35949        6.34467        7.47920
H         -0.72868        5.70468        6.69003
C         -1.23368        6.98384        8.33435
H         -2.29935        6.84812        8.20793
C         -0.75720        7.79531        9.35089
H         -1.44617        8.29562       10.01640
C          0.60994        7.95704        9.51142
H          0.98839        8.58628       10.30557
C          1.49328        7.31877        8.66581
H          2.56027        7.43900        8.78314
C          5.20065        4.10945        2.75321
H          5.11156        5.09445        2.30355
C          6.43689        3.53841        3.02048
H          7.34387        4.07408        2.79133
C          6.47866        2.28108        3.60055
H          7.42247        1.81039        3.82975
C          5.28065        1.64123        3.88069
H          5.26649        0.66406        4.33694
C          4.09171        2.27952        3.56172
H          3.13057        1.80601        3.74189
N          1.16873        2.83802        2.40857
N          2.95331        5.57524        1.38599
N          0.26309        5.14443        1.51449
N          2.72640        4.80631        4.94400
N          3.50641        3.97997        5.80194
N          1.92559        5.82247        6.86538
N          4.04825        3.48693        2.99569
S          0.87373        6.52472        4.41486
Si        -0.40226        2.27428        2.79411
Si         3.06447        7.27886        1.30783
Zr         1.96224        4.69343        2.98540
