87
CSD_code = CIKYOM | q = 0 | S = 0 | Stoichiometry = C27H53Cl2FeP3Si | MND = 4
C          5.36259        1.29813       11.37466
C          5.09725        1.89122       12.60777
H          4.92076        2.95646       12.65261
C          5.04273        1.14695       13.77097
H          4.83990        1.63261       14.71464
C          5.24599       -0.22222       13.72629
H          5.20776       -0.80761       14.63320
C          5.48726       -0.83534       12.50960
H          5.63261       -1.90515       12.46276
C          5.53963       -0.08120       11.35042
H          5.71796       -0.57684       10.41002
C          6.65067        3.82333       10.08457
H          6.45694        4.58816        9.33190
H          6.51322        4.28158       11.06525
C          5.61621        1.44438        8.19104
H          5.09383        0.48823        8.21048
H          5.14858        2.05875        7.42065
C          3.63684        3.19394        9.80360
H          2.98107        2.52997       10.36668
H          3.62549        4.15965       10.30963
C          9.18421        5.01645       10.41767
H          8.62313        5.35670       11.29905
C         10.66609        4.90066       10.76333
H         11.20381        4.39976        9.96150
H         10.82671        4.35069       11.68671
H         11.09257        5.89556       10.88874
C          9.00515        6.02650        9.28574
H          9.38741        7.00187        9.58341
H          7.96095        6.14007        9.00391
H          9.55790        5.69906        8.40542
C          8.67990        2.22304       11.31488
H          7.90347        1.46473       11.14034
C         10.04026        1.53426       11.23085
H         10.82827        2.16643       11.62956
H         10.28652        1.30628       10.19563
H         10.03204        0.60618       11.80040
C          8.44511        2.81546       12.69965
H          8.51450        2.02269       13.44359
H          7.45548        3.25571       12.78065
H          9.18746        3.57080       12.94234
C          7.88576       -0.35199        8.47882
H          7.79061       -0.09314        9.54156
C          7.05464       -1.60055        8.19514
H          7.28516       -2.00832        7.21334
H          5.98518       -1.40734        8.23828
H          7.29029       -2.36756        8.93204
C          9.36037       -0.62705        8.19056
H          9.77716       -1.30103        8.93686
H          9.93522        0.30076        8.20549
H          9.48319       -1.09249        7.21483
C          7.16220        0.69280        5.83108
H          6.98033       -0.38803        5.80857
C          8.49669        0.99836        5.14608
H          8.49756        0.63346        4.11995
H          9.33360        0.54122        5.67296
H          8.65641        2.07991        5.11753
C          6.03010        1.40702        5.09945
H          6.11006        2.48361        5.23970
H          5.05490        1.07158        5.44485
H          6.09825        1.19597        4.03284
C          1.30999        4.29766        8.63579
H          1.59160        5.15829        9.25349
C          0.55492        4.77376        7.39841
H          0.35696        3.93451        6.73346
H          1.12159        5.51937        6.84795
H         -0.39889        5.21714        7.68390
C          0.40985        3.37085        9.45013
H         -0.53382        3.86695        9.67479
H          0.87275        3.08680       10.39208
H          0.19322        2.46490        8.88621
C          3.97475        4.70594        7.41553
H          4.98385        4.30969        7.58012
C          3.79640        4.80310        5.90110
H          2.90390        5.36277        5.63209
H          3.71943        3.80922        5.46352
H          4.65970        5.30106        5.46470
C          3.90098        6.08100        8.06719
H          4.70653        6.69969        7.67430
H          4.02015        6.02102        9.14732
H          2.95882        6.57876        7.84819
Si         5.38933        2.41027        9.82520
P          8.42648        3.39026        9.87267
P          7.34252        1.22846        7.62460
P          2.86321        3.36031        8.11830
Cl        10.80380        3.03862        7.78132
Cl         7.48842        4.13540        6.78614
Fe         8.81494        2.80100        7.79405
