57
CSD_code = CILYII | q = 0 | S = 0 | Stoichiometry = C25H24O4P2SiW | MND = 6
W          2.89305        0.26281        7.86673
P          0.80851        0.51771        6.53653
P          1.08877        1.40559        9.15845
Si         0.48319       -0.38253        3.64794
O          5.12957        0.28110       10.03497
O          4.71343       -1.31292        5.87583
O          1.80903       -2.39508        9.13652
O          4.07516        2.94586        6.74794
C         -0.09066        1.36652        7.76056
C         -1.35792        1.90122        7.58895
C         -2.01851        1.73955        6.37014
H         -3.00942        2.16608        6.28433
C         -1.50206        1.08389        5.26286
H         -2.13171        1.03859        4.38262
C         -0.25198        0.49002        5.17233
C         -2.02256        2.67241        8.68935
H         -3.09959        2.51647        8.67522
H         -1.83349        3.73876        8.55653
H         -1.63151        2.38101        9.66219
C          1.00062        3.12371        9.75497
C          0.69251        3.49066       11.05933
H          0.45663        2.73449       11.79534
C          0.68215        4.82904       11.41191
H          0.44156        5.11245       12.42618
C          0.97879        5.80244       10.47279
H          0.97004        6.84475       10.75483
C          1.29042        5.43951        9.17137
H          1.52500        6.19732        8.43842
C          1.30677        4.10554        8.81515
H          1.55421        3.81002        7.80208
C          0.35006        0.41828       10.49092
C          1.14294        0.22762       11.62190
H          2.10833        0.71754       11.67618
C          0.70597       -0.58884       12.64624
H          1.32025       -0.73205       13.52293
C         -0.51532       -1.23710       12.53864
H         -0.85500       -1.88162       13.33567
C         -1.29065       -1.07488       11.40316
H         -2.23232       -1.59648       11.31269
C         -0.86074       -0.25287       10.37566
H         -1.45846       -0.14450        9.48070
C          0.92523       -2.14287        4.22695
H          1.54623       -2.09514        5.12001
H          1.47917       -2.68832        3.46963
H          0.04072       -2.72435        4.47141
C         -0.76093       -0.38709        2.20851
H         -1.67731       -0.90523        2.47246
H         -0.33741       -0.89131        1.34680
H         -1.02252        0.62042        1.90140
C          2.07420        0.57753        3.22710
H          1.86154        1.58923        2.89317
H          2.64596        0.08636        2.44622
H          2.71039        0.64744        4.10802
C          4.32352        0.26848        9.21978
C          4.05453       -0.73291        6.61397
C          2.19926       -1.43802        8.64390
C          3.61756        1.97519        7.14881
