73
CSD_code = CISREC | q = 0 | S = 0 | Stoichiometry = C21H40N3O5PSi2W | MND = 6
W          8.77317        8.42151       12.41093
C          9.67474        9.25026       10.84851
O         10.18731        9.71206        9.93478
C         10.54417        8.42740       13.32874
O         11.62214        8.35139       13.70381
C          7.14456        8.30353       11.26401
O          6.32566        8.18938       10.46962
C          9.21416        6.57181       11.80925
O          9.44620        5.48736       11.52608
C          8.26857       10.21130       13.13593
O          7.94051       11.21361       13.58555
P          7.67452        7.27126       14.31960
H          6.91292        6.16965       13.89065
N          6.71309        8.00136       15.43909
C          5.60837        8.66834       15.38811
N          4.66835        8.67185       14.33720
C          4.51423        7.43232       13.61125
H          5.31395        7.25567       12.87832
H          3.56567        7.47296       13.07223
H          4.48491        6.60112       14.31485
C          4.83589        9.80343       13.44138
H          5.03781       10.70491       14.01228
H          3.92316        9.93627       12.85925
H          5.67036        9.64253       12.74405
N          5.24188        9.43140       16.44527
C          6.26194        9.82654       17.41456
H          7.18398        9.36029       17.06528
C          5.98878        9.31916       18.83129
H          5.67478        8.27899       18.80978
H          5.22615        9.90439       19.34051
H          6.90240        9.39056       19.41448
C          6.43731       11.34508       17.39537
H          6.68269       11.68214       16.39115
H          7.24990       11.62726       18.05935
H          5.53351       11.85275       17.72496
C          3.84744        9.70880       16.79238
H          3.88864       10.10539       17.80871
C          3.14943       10.76769       15.93771
H          3.78822       11.63456       15.79305
H          2.24844       11.09306       16.45369
H          2.86183       10.36762       14.97304
C          3.02208        8.42180       16.83056
H          3.52686        7.66330       17.42423
H          2.86754        8.03611       15.82849
H          2.05276        8.62411       17.27939
C          8.85762        6.33366       15.35527
H          9.64327        6.06213       14.64000
Si         9.71676        7.41666       16.68811
C          9.75114        9.28364       16.28001
H          8.99054        9.53733       15.54723
H         10.71152        9.58460       15.87373
H          9.57649        9.88820       17.16534
C          8.85636        7.18595       18.37599
H          7.77938        7.23665       18.28250
H          9.17202        7.95190       19.07728
H          9.10525        6.22624       18.81463
C         11.52019        6.80947       16.84170
H         12.08341        6.98522       15.93078
H         11.56807        5.74761       17.05773
H         12.02986        7.33102       17.64512
Si         8.06681        4.67482       15.91038
C          7.67333        3.62934       14.35347
H          6.67745        3.82535       13.96614
H          7.72797        2.56809       14.57686
H          8.37866        3.82904       13.55163
C          6.45256        4.95680       16.89076
H          5.96114        5.86781       16.56350
H          6.64099        5.04530       17.95514
H          5.76091        4.13159       16.74888
C          9.30632        3.66162       16.94503
H          9.61057        4.17714       17.84818
H         10.20162        3.43556       16.37565
H          8.86084        2.71756       17.23980
