81
CSD_code = CUHWEI | q = 0 | S = 0 | Stoichiometry = C27H45N7SiTi | MND = 10
C          0.97453        3.93630        1.23085
H          1.41530        4.93627        1.26864
H          0.09808        3.93503        1.89631
C          0.58225        3.51852       -0.20364
H          1.15900        4.09681       -0.92671
H         -0.47490        3.68773       -0.39874
C          0.96812        2.03644       -0.28903
H          0.10884        1.37141       -0.17046
H          1.44690        1.79890       -1.23599
C          1.89245        1.87775        0.90768
C          2.74499       -0.38009        0.76835
C          2.89206       -1.48896        1.61411
H          2.85984       -1.31925        2.68320
C          3.09882       -2.75804        1.10796
C          3.17166       -2.93431       -0.26948
H          3.33335       -3.92286       -0.67507
C          3.05756       -1.85176       -1.13025
C          2.84526       -0.58406       -0.61110
H          2.79258        0.25376       -1.28913
C          3.26042       -3.93101        2.02890
H          2.61053       -4.75001        1.72465
H          3.02406       -3.65364        3.05281
H          4.28775       -4.29391        1.99768
C          3.15461       -2.06090       -2.61321
H          4.01720       -2.67833       -2.85773
H          3.24322       -1.11290       -3.13851
H          2.26456       -2.57351       -2.97875
C          0.25561        1.80287        4.81098
H         -0.36223        1.07019        5.34165
H         -0.39726        2.53287        4.32764
H          0.89158        2.31302        5.53167
C          0.21544        0.24285        3.03684
H          0.80166       -0.38220        2.36871
H         -0.49066        0.83763        2.45324
H         -0.34939       -0.40874        3.71341
C          3.74147       -1.67805        5.58503
H          4.29768       -1.59209        4.65960
H          3.36173       -2.69278        5.64783
H          4.43800       -1.54722        6.40501
C          0.75995       -1.53326        5.96039
H         -0.15111       -0.97795        6.16289
H          0.93406       -2.17439        6.81976
H          0.57354       -2.18243        5.10928
C          2.46846        0.67341        7.27118
H          2.86424        1.65596        7.01919
H          3.13211        0.22524        8.00419
H          1.50949        0.82387        7.75934
C          4.97312        3.07431        3.88720
C          4.79139        3.37543        2.51537
C          4.96031        2.17520        1.78049
C          5.21116        1.11982        2.69828
C          5.19817        1.67452        4.00978
C          5.14950        4.05851        5.00686
H          6.21656        4.20246        5.19954
H          4.68690        3.69770        5.92566
H          4.72053        5.02740        4.75899
C          4.65816        4.74887        1.92299
H          4.06637        5.40388        2.56131
H          4.18426        4.70546        0.94353
H          5.64565        5.20227        1.79977
C          5.09183        2.11112        0.28657
H          4.30571        2.68400       -0.20839
H          5.04953        1.08523       -0.07334
H          6.05270        2.53669       -0.01578
C          5.76574       -0.22684        2.33064
H          6.85760       -0.16769        2.28846
H          5.41063       -0.55744        1.35747
H          5.50102       -0.98787        3.06088
C          5.73827        1.04285        5.26146
H          6.63685        1.58046        5.57531
H          6.01037        0.00604        5.09056
H          5.02016        1.08430        6.07848
N          1.91988        2.93752        1.67965
N          2.56348        0.84672        1.37703
N          1.08521        1.14724        3.79452
N          2.27307        0.56477        4.26497
N          2.44288        3.37045        4.32799
N          2.04675        4.45467        4.14690
N          1.66014        5.52000        4.05712
Si         2.30561       -0.41481        5.68818
Ti         2.99768        1.93190        3.16300
