118
CSD_code = DANXEY | q = 0 | S = 0 | Stoichiometry = C45H67N2OSi2Y | MND = 5
C          1.48069        5.46366       15.89909
H          1.29789        4.40163       16.00849
C          0.48282        6.30099       15.44046
H         -0.48819        5.90966       15.18220
C          0.77300        7.65169       15.32861
H          0.03058        8.35424       14.97916
C          2.03297        8.08775       15.68347
H          2.25643        9.13868       15.60778
C          2.99385        7.17585       16.14213
C          4.34334        7.67582       16.61004
C          4.15642        8.28609       18.02652
H          3.94258        7.45280       18.69468
H          5.11071        8.72203       18.33048
C          3.07303        9.31257       18.13492
C          1.77316        8.93406       18.45668
H          1.55776        7.89371       18.65550
C          0.75980        9.87252       18.52842
H         -0.24383        9.56210       18.78079
C          1.02937       11.20759       18.27895
H          0.23839       11.94104       18.33236
C          2.32124       11.59883       17.97147
H          2.54144       12.64034       17.78650
C          3.33402       10.65842       17.90344
H          4.34153       10.97429       17.67283
C          4.91826        8.73793       15.63622
H          4.18566        9.52102       15.44213
H          5.77299        9.21176       16.12418
C          5.37792        8.14265       14.33233
C          4.46979        7.71426       13.37074
H          3.41003        7.82925       13.54421
C          4.90648        7.14113       12.18960
H          4.18523        6.80963       11.45693
C          6.26045        6.99497       11.94339
H          6.59982        6.55332       11.01821
C          7.17540        7.42836       12.88696
H          8.23456        7.32275       12.70201
C          6.73581        7.99722       14.06847
H          7.45910        8.33174       14.79859
C          5.46790        6.59093       16.73705
H          5.60824        6.15724       15.73615
H          6.34857        7.18929       16.97677
C          5.91823        5.68227       18.93778
C          5.18345        5.43759       20.13522
C          5.78227        5.56452       21.37473
H          5.20327        5.37756       22.26763
C          7.09968        5.95866       21.50440
H          7.54667        6.08587       22.47914
C          7.83638        6.17030       20.35750
H          8.87489        6.45141       20.45670
C          7.29908        6.01167       19.08899
C          3.71964        5.04108       20.10919
H          3.36048        5.08197       19.06840
C          2.85213        5.98775       20.94739
H          3.05419        5.86734       22.00902
H          1.79760        5.77279       20.78101
H          3.03821        7.02774       20.68829
C          3.55390        3.60586       20.62007
H          4.15390        2.92287       20.02042
H          2.51064        3.29899       20.56641
H          3.87913        3.53145       21.65631
C          8.28143        6.13443       17.93411
H          7.79364        5.82132       17.01083
C          8.78485        7.57482       17.77752
H          7.96096        8.28101       17.68915
H          9.41282        7.66228       16.89221
H          9.37426        7.86591       18.64396
C          9.49361        5.21008       18.11077
H         10.10806        5.50868       18.95574
H         10.11083        5.24839       17.21486
H          9.18229        4.18030       18.26607
C          2.47545        2.30162       17.49939
H          2.83344        1.69164       18.33903
H          1.68457        2.93758       17.92321
C          0.90182        2.01815       14.76926
H          0.02215        2.58211       15.06584
H          0.58323        1.30405       14.01578
H          1.59718        2.70500       14.29426
C          0.30917        0.00197       16.98892
H          0.68008       -0.59480       17.81671
H         -0.09196       -0.68228       16.24739
H         -0.51732        0.59786       17.36427
C          3.03049       -0.07561       15.57316
H          3.90581        0.47101       15.23368
H          2.65154       -0.64601       14.73083
H          3.34804       -0.79054       16.32689
C          4.75932        3.50036       14.46081
H          4.01721        2.84577       13.98879
H          4.60701        4.49461       14.01627
C          7.77164        3.84190       15.05804
H          7.80183        4.89030       14.77551
H          8.77372        3.44310       14.93103
H          7.51899        3.78169       16.11675
C          6.99397        3.09913       12.17327
H          6.33096        2.54449       11.51672
H          8.00549        2.74862       11.99097
H          6.94809        4.14281       11.87891
C          6.68326        1.03854       14.44111
H          6.42467        0.85203       15.47934
H          7.70567        0.70630       14.28815
H          6.04449        0.41649       13.82274
C          5.80878        0.58010       18.35890
H          5.21778        0.24174       17.50752
H          5.31725        0.25598       19.28697
C          7.27320        0.10012       18.33124
H          7.52881       -0.33894       17.36930
H          7.44739       -0.64608       19.10428
C          8.07855        1.38326       18.59049
H          8.87182        1.24474       19.32059
H          8.51223        1.75234       17.66129
C          7.00317        2.35243       19.08160
H          6.80366        2.19847       20.15174
H          7.21951        3.40633       18.91141
N          2.70164        5.87910       16.24154
N          5.26106        5.55034       17.72455
O          5.84884        2.00503       18.32446
Si         1.69775        1.11445       16.26318
Si         6.47774        2.89569       14.00875
Y          4.29709        3.71099       16.79654
