175
CSD_code = DAQQET | q = 0 | S = 0 | Stoichiometry = C82H82O4P4RuSi2 | MND = 6
Ru         5.52501       12.40549        6.16157
P          3.50840       13.29409        6.83413
Si        -1.25702        6.70120       -1.79495
O          2.23304        6.76227        1.80940
C          4.32827       11.44332        4.84236
P          5.46578       14.16076        4.70157
O          1.83468       12.24982        2.51783
C          3.61210       10.86461        4.04726
C          2.81354       10.18223        3.10636
C          1.89561       10.88923        2.30431
C          1.12955       10.20607        1.38362
H          0.41546       10.71359        0.75348
C          1.25602        8.82209        1.23277
C          2.17230        8.11131        2.02771
C          2.93611        8.80017        2.95296
H          3.64576        8.28844        3.58544
C          0.46416        8.14724        0.28140
C         -0.22725        7.59082       -0.54223
C          3.12931        6.00420        2.57613
H          2.99977        4.97391        2.24753
H          2.90882        6.07578        3.64615
H          4.16902        6.30722        2.40706
C          0.97406       13.00735        1.71082
H          1.10613       14.04259        2.02497
H         -0.07345       12.71877        1.85305
H          1.23204       12.91813        0.65031
C         -3.09960        6.90283       -1.33834
H         -3.30564        6.49352       -0.35386
H         -3.74535        6.39389       -2.04863
H         -3.38782        7.94983       -1.32369
C         -0.77703        4.85600       -1.79231
H          0.27349        4.72747       -2.03481
H         -1.35562        4.28895       -2.51642
H         -0.94277        4.41169       -0.81558
C         -0.93290        7.46172       -3.51546
H          0.11547        7.38112       -3.78672
H         -1.19529        8.51539       -3.53498
H         -1.51246        6.96397       -4.28804
C          2.91570       14.54774        5.58495
H          1.83611       14.44188        5.43925
H          3.10180       15.52387        6.04858
C          3.69105       14.43524        4.28099
H          3.57253       15.31856        3.64405
H          3.37846       13.55197        3.71289
C          3.24347       14.36178        8.30270
C          2.02822       14.47539        8.96934
H          1.17937       13.88131        8.66294
C          1.90017       15.35386       10.03056
H          0.95482       15.43106       10.54853
C          2.97318       16.13317       10.42987
H          2.86940       16.80835       11.26691
C          4.17438       16.05044        9.74583
H          5.01250       16.66289       10.04592
C          4.30485       15.17733        8.68254
H          5.24024       15.10483        8.14202
C          2.09851       12.14858        6.96518
C          1.33738       11.80783        5.85048
H          1.52835       12.27938        4.89899
C          0.35363       10.83973        5.95067
H         -0.22427       10.57336        5.07706
C          0.11611       10.20556        7.15885
H         -0.65125        9.44861        7.23227
C          0.86712       10.54307        8.27351
H          0.68879       10.05248        9.21958
C          1.85714       11.50326        8.17707
H          2.44800       11.76031        9.04506
C          6.04605       15.81711        5.21785
C          7.36274       15.87635        5.67032
H          7.93879       14.96557        5.71917
C          7.92839       17.07818        6.05025
H          8.95539       17.10279        6.38557
C          7.17688       18.24140        5.99854
H          7.61144       19.18807        6.28726
C          5.86228       18.19057        5.56687
H          5.27285       19.09574        5.52705
C          5.29812       16.98943        5.17264
H          4.27828       16.98825        4.81788
C          6.17182       14.05809        3.02361
C          6.82736       15.11345        2.39868
H          6.93373       16.06352        2.90250
C          7.35852       14.94125        1.13223
H          7.87077       15.76252        0.65141
C          7.24260       13.72310        0.48305
H          7.66882       13.59319       -0.50113
C          6.58110       12.67204        1.09857
H          6.48860       11.71877        0.59847
C          6.04737       12.83895        2.36224
H          5.53330       12.02364        2.85454
P          7.54216       11.51840        5.48952
Si        12.30788       18.10536       14.12106
O          8.82487       18.04697       10.51145
C          6.72180       13.36722        7.48127
P          5.58327       10.65014        7.62142
O          9.20731       12.55703        9.81303
C          7.43766       13.94524        8.27724
C          8.23618       14.62666        9.21894
C          9.15016       13.91814       10.02417
C          9.91642       14.60045       10.94538
H         10.62759       14.09168       11.57782
C          9.79400       15.98505       11.09363
C          8.88173       16.69738       10.29546
C          8.11771       16.00939        9.36975
H          7.41092       16.52228        8.73500
C         10.58592       16.65922       12.04543
C         11.27806       17.21554       12.86850
C          7.93355       18.80690        9.74081
H          8.06563       19.83725       10.06822
H          8.15713       18.73292        8.67160
H          6.89227       18.50775        9.90710
C         10.06169       11.79776       10.62501
H          9.92597       10.76229       10.31319
H         11.11100       12.08114       10.48560
H          9.80052       11.89103       11.68439
C         14.15024       17.90300       13.66390
H         14.35599       18.31191       12.67919
H         14.79649       18.41197       14.37372
H         14.43813       16.85590       13.64944
C         11.82815       19.95063       14.11761
H         10.77770       20.07926       14.36036
H         12.40696       20.51807       14.84125
H         11.99358       20.39437       13.14057
C         11.98431       17.34557       15.84202
H         10.93601       17.42631       16.11343
H         12.24671       16.29191       15.86202
H         12.56398       17.84368       16.61428
C          8.13264       10.26154        6.73630
H          9.21254       10.36491        6.88158
H          7.94422        9.28661        6.27107
C          7.35798       10.37364        8.04070
H          7.47595        9.48966        8.67683
H          7.67145       11.25619        8.60945
C          7.80870       10.45478        4.01828
C          9.02388       10.34468        3.35097
H          9.87212       10.93883        3.65890
C          9.15277        9.46949        2.28713
H         10.09805        9.39512        1.76863
C          8.08067        8.68994        1.88587
H          8.18505        8.01743        1.04675
C          6.87958        8.76905        2.57057
H          6.04220        8.15636        2.26889
C          6.74826        9.63894        3.63639
H          5.81290        9.70875        4.17737
C          8.95229       12.66416        5.36355
C          9.71266       13.00102        6.47991
H          9.52117       12.52618        7.42966
C         10.69648       13.96944        6.38372
H         11.27376       14.23282        7.25864
C         10.93486       14.60771        5.17787
H         11.70237       15.36482        5.10757
C         10.18466       14.27402        4.06152
H         10.36368       14.76780        3.11723
C          9.19446       13.31364        4.15406
H          8.60397       13.05973        3.28488
C          5.00104        8.99469        7.10433
C          3.68356        8.93671        6.65397
H          3.10791        9.84783        6.60734
C          3.11662        7.73569        6.27339
H          2.08920        7.71204        5.93934
C          3.86747        6.57195        6.32271
H          3.43179        5.62586        6.03374
C          5.18277        6.62148        6.75238
H          5.77172        5.71591        6.79026
C          5.74834        7.82187        7.14693
H          6.76875        7.82198        7.50005
C          4.87855       10.75265        9.29991
C          4.22507        9.69659        9.92577
H          4.11911        8.74638        9.42213
C          3.69558        9.86825       11.19298
H          3.18497        9.04642       11.67459
C          3.81121       11.08651       11.84200
H          3.38640       11.21594       12.82684
C          4.47059       12.13830       11.22545
H          4.56281       13.09170       11.72538
C          5.00257       11.97197        9.96098
H          5.51491       12.78787        9.46785
