77
CSD_code = DARXUR | q = 0 | S = 0 | Stoichiometry = C30H42NOScSi2 | MND = 8
C          2.32431        2.15374        1.34922
C          1.61210        3.40832        1.40989
C          0.23931        3.71049        1.55072
H         -0.51176        2.92108        1.61749
C         -0.17516        5.02615        1.42436
H         -1.22838        5.25957        1.50738
C          0.72886        6.05489        1.15477
H          0.36935        7.07012        1.06614
C          2.06665        5.77435        0.94713
H          2.75315        6.56361        0.67240
C          2.51423        4.46559        1.05835
C          3.79813        3.87885        0.80540
C          5.02040        4.45429        0.48073
H          5.10741        5.52592        0.36350
C          6.11961        3.63956        0.30835
H          7.07686        4.06893        0.05031
C          6.00839        2.25863        0.47180
H          6.88662        1.64125        0.34489
C          4.80594        1.66711        0.79456
H          4.75720        0.59703        0.93737
C          3.67066        2.46633        0.95346
C          1.71611        0.86793        1.45356
C          2.10797       -0.22665        0.64966
H          2.91789       -0.09503       -0.04923
C          1.42115       -1.40940        0.71713
H          1.70000       -2.24462        0.09120
C          0.33320       -1.51507        1.59028
H         -0.23935       -2.42518        1.66056
C          0.01214       -0.42287        2.36241
H         -0.82330       -0.46380        3.05191
C          2.00834        1.23212        5.52932
H          2.37341        1.99900        6.23497
H          1.20615        0.70666        6.07616
C         -0.87279        3.29833        4.69461
H         -0.66116        3.52843        5.75218
H         -1.02127        4.27430        4.20225
C          4.84731        0.77322        4.27965
H          4.48904        1.23642        3.36313
H          5.58011        0.02314        3.99869
H          5.36903        1.53197        4.85534
C          2.78954       -1.53961        4.29082
H          1.79694       -1.84370        4.60983
H          3.45159       -2.38917        4.42619
H          2.74225       -1.33068        3.22684
C          4.16060       -0.66943        6.91050
H          4.52342        0.14435        7.53163
H          4.99692       -1.33784        6.72853
H          3.42408       -1.21728        7.49063
C         -3.04575        2.01408        2.83415
H         -3.18276        2.94182        2.28651
H         -3.98987        1.47890        2.80136
H         -2.31342        1.41597        2.29795
C         -2.25170        0.66661        5.53339
H         -1.28832        0.22960        5.27283
H         -3.02760       -0.04783        5.27664
H         -2.27006        0.79183        6.61126
C         -3.98290        3.22160        5.49830
H         -3.76018        3.44106        6.53823
H         -4.87826        2.60742        5.47879
H         -4.22145        4.16233        5.01106
C          1.90727        5.55846        4.53372
H          1.24401        5.50418        5.40230
H          1.34425        5.93187        3.67107
C          3.14501        6.41588        4.79695
H          3.00354        7.44180        4.46676
H          3.39201        6.41858        5.85922
C          4.21994        5.67748        4.00539
H          5.22770        5.87593        4.36072
H          4.15540        5.92709        2.94718
C          3.80522        4.22899        4.22042
H          4.15251        3.56407        3.42750
H          4.16056        3.85892        5.19156
N          0.67029        0.74041        2.32725
O          2.36811        4.22849        4.21815
Sc         0.98838        2.34955        3.86276
Si         3.40540       -0.01278        5.27010
Si        -2.50137        2.34770        4.64416
