143
CSD_code = DEGWIW | q = 0 | S = 0 | Stoichiometry = C45H85Cl3N2OSi6Zr | MND = 6
Zr        14.50694       14.72592       22.04652
N         15.62661       13.82244       20.57726
N         14.53529       12.88146       23.10588
C         15.58505       12.52283       20.31697
C         15.00369       11.57289       21.16316
H         14.97979       10.56205       20.78303
C         14.56857       11.72120       22.48424
C         16.26971       11.99880       19.08010
H         15.96034       12.56567       18.20565
H         16.05070       10.94653       18.92914
H         17.34590       12.12237       19.18971
C         14.17598       10.45303       23.20331
H         13.15466       10.19473       22.92434
H         14.21636       10.58690       24.28168
H         14.82449        9.62916       22.91699
Cl        16.14909       15.48762       23.60402
Cl        12.42184       13.94449       21.10124
Cl        14.36544       16.96069       21.33096
C         16.34474       14.62250       19.62607
C         15.68795       15.13639       18.49222
C         16.46825       15.60554       17.44138
H         15.97371       15.95831       16.55205
C         17.85627       15.61393       17.50111
C         18.45731       15.25517       18.69881
H         19.52618       15.33497       18.79894
C         17.73027       14.76410       19.77483
C         14.19873       15.25092       18.45626
H         13.84508       15.04556       19.47239
C         18.70520       15.99606       16.33147
H         19.74390       15.83647       16.64163
C         18.40230       14.47401       21.08064
H         17.61771       14.21760       21.80425
Si        13.22864       13.96767       17.38857
Si        13.67149       17.09555       18.13942
Si        18.63065       17.88472       15.95930
Si        18.44671       14.77144       14.86917
Si        19.12090       16.15944       21.72308
Si        19.57682       12.95435       21.03936
C         13.93082       13.88238       15.61380
H         13.79786       14.81711       15.08302
H         13.41721       13.11203       15.04754
H         14.98943       13.64445       15.60264
C         13.19545       12.16823       18.04590
H         13.29416       12.13676       19.12585
H         13.96317       11.53590       17.61355
H         12.23672       11.71835       17.80388
C         11.37990       14.44371       17.38413
H         10.97831       14.34732       18.38806
H         10.81493       13.77513       16.74085
H         11.19142       15.45673       17.05225
C         15.01916       18.39736       18.53005
H         14.96466       18.73638       19.55707
H         14.90713       19.26753       17.88961
H         16.01558       17.99633       18.37286
C         12.05712       17.41997       19.11399
H         11.79525       16.56626       19.73267
H         11.22038       17.62236       18.45341
H         12.17152       18.27438       19.77233
C         13.28309       17.40512       16.28693
H         14.14929       17.25915       15.65170
H         12.96210       18.43393       16.15686
H         12.49163       16.76992       15.90919
C         19.97521       18.29114       14.66373
H         19.69407       17.94050       13.67625
H         20.92927       17.83954       14.91498
H         20.13039       19.36317       14.59454
C         19.05481       18.80184       17.57934
H         18.45334       18.44123       18.40723
H         18.88098       19.86970       17.48924
H         20.09733       18.66418       17.85094
C         16.97206       18.53298       15.28440
H         16.16863       18.40397       15.99904
H         16.68518       18.03682       14.36399
H         17.04834       19.59515       15.06935
C         20.08263       14.62743       13.89389
H         20.90235       14.31731       14.53421
H         20.36242       15.57059       13.43854
H         19.99591       13.89409       13.09828
C         18.05563       13.04516       15.58946
H         18.89569       12.65882       16.15836
H         17.83250       12.32618       14.80720
H         17.20249       13.08420       16.25807
C         17.06927       15.26624       13.64671
H         16.13803       15.50008       14.14981
H         16.86742       14.45586       12.95244
H         17.35858       16.13166       13.05926
C         20.74332       16.61753       20.80987
H         21.34243       15.74869       20.56011
H         21.34930       17.25896       21.44162
H         20.54794       17.16214       19.89292
C         19.53859       16.07727       23.58108
H         20.42570       15.48727       23.78075
H         18.71502       15.66454       24.15061
H         19.72217       17.07915       23.95683
C         17.85763       17.54028       21.37093
H         17.41383       17.42957       20.38515
H         18.31385       18.52469       21.42206
H         17.04748       17.51663       22.09284
C         20.33781       12.66509       19.30734
H         21.11318       13.39247       19.08972
H         19.59967       12.73282       18.51425
H         20.79535       11.68143       19.25188
C         21.01948       13.09348       22.28065
H         21.63282       13.97034       22.10875
H         21.66407       12.22256       22.20492
H         20.65447       13.14042       23.30103
C         18.62467       11.36601       21.55194
H         18.70945       10.58060       20.80678
H         17.56668       11.55359       21.70712
H         19.02096       10.96959       22.48173
C         14.38149       12.94805       24.51573
C         15.54124       12.91490       25.31045
C         15.43118       13.12725       26.67443
H         16.32762       13.12353       27.27727
C         14.20100       13.33309       27.28506
C         13.06189       13.26488       26.50025
H         12.08898       13.35248       26.96481
C         13.12636       13.06405       25.12630
C         16.87586       12.58092       24.71114
H         16.93770       12.90890       23.67459
H         17.02835       11.50030       24.73766
H         17.67378       13.05511       25.27576
C         14.11878       13.60097       28.75736
H         14.74061       12.90000       29.31081
H         13.09475       13.51815       29.11290
H         14.47826       14.60700       28.97401
C         11.84767       12.89104       24.35868
H         11.09316       13.59503       24.70322
H         11.46019       11.88505       24.53046
H         11.99469       13.01742       23.28851
O         13.01443       15.60595       23.61823
C         13.46338       16.39372       24.72562
H         13.92082       17.32085       24.34906
H         14.20286       15.81757       25.28548
C         12.20126       16.69134       25.53512
H         12.29580       17.61567       26.09931
H         12.01235       15.87617       26.23249
C         11.10554       16.76020       24.46210
H         10.25364       16.13594       24.72621
H         10.74626       17.77690       24.31686
C         11.80196       16.24806       23.19052
H         11.20832       15.51405       22.64198
H         12.05740       17.08453       22.52490
