59
CSD_code = DETTAX | q = 0 | S = 0 | Stoichiometry = C20H33O3PRuSi | MND = 8
Ru        -2.37157        5.77802       12.09107
P         -1.11750        3.82969       14.53250
Si         0.34143        2.65390       13.24382
O         -3.19762        3.23536       12.89926
O          0.12858        6.97435       13.23237
O         -3.87791        6.54793       14.56518
C         -2.31857        4.02835       13.14748
C         -0.79976        6.43689       12.81849
C         -3.29532        6.26692       13.61563
C          1.19425        3.99264       12.18566
C          1.66733        1.86023       14.36990
C         -0.40047        1.32567       12.07106
C         -1.95426        2.55705       15.66848
C         -3.29527        3.16728       16.08092
C         -1.05221        2.43805       16.89802
C         -2.17680        1.18860       15.03694
C         -4.02738        5.40093       10.64016
C         -2.91211        4.65686       10.15858
C         -1.84207        5.57344        9.91448
C         -2.36186        6.91103       10.09707
C         -3.69840        6.80483       10.54834
C         -5.40749        4.83300       10.81348
C         -2.94957        3.20028        9.81151
C         -0.60307        5.26666        9.11605
C         -1.66769        8.16817        9.66174
C         -4.67437        7.93671       10.67964
H          0.45408        4.56169       11.62625
H          1.89515        3.55796       11.47994
H          1.74106        4.69238       12.80938
H          1.30496        0.97452       14.88076
H          2.01198        2.56361       15.12071
H          2.52474        1.56555       13.77481
H         -0.31762        0.32544       12.48529
H          0.10856        1.32559       11.11113
H         -1.45290        1.51815       11.88907
H         -3.97043        3.22094       15.22937
H         -3.15332        4.17445       16.47232
H         -3.76543        2.55963       16.85321
H         -0.08400        2.02048       16.63152
H         -1.51500        1.79172       17.64289
H         -0.89185        3.41860       17.34348
H         -2.75285        1.28120       14.12052
H         -2.73478        0.55599       15.72748
H         -1.23044        0.70123       14.81568
H         -6.04523        5.50714       11.38182
H         -5.36667        3.87887       11.33659
H         -5.86664        4.66850        9.83565
H         -1.95261        2.81116        9.61754
H         -3.55821        3.05907        8.91563
H         -3.40028        2.62102       10.61701
H         -0.27097        4.24249        9.27319
H          0.21593        5.93487        9.37691
H         -0.81823        5.39564        8.05248
H         -0.59219        8.10060        9.81517
H         -2.03685        9.03389       10.20796
H         -1.84823        8.33490        8.59699
H         -4.17824        8.85426       10.99070
H         -5.45371        7.70800       11.40393
H         -5.15157        8.11840        9.71369
