74
CSD_code = DIHTOE | q = 0 | S = 0 | Stoichiometry = C34H36FeP2Si | MND = 8
Fe         6.96505        5.34038       17.55288
P          5.78540        7.07141       17.78905
P          8.58361        6.65238       17.25562
Si         6.45052        3.64274       15.37657
C          6.67301        3.30270       17.21341
C          5.75136        3.79395       18.17450
H          4.68078        3.69167       18.12952
C          6.47516        4.25322       19.30427
H          6.04987        4.59182       20.23460
C          7.84241        4.09155       19.03536
H          8.65161        4.26702       19.72410
C          7.96586        3.53986       17.73797
H          8.88781        3.24675       17.26683
C          6.57765        5.50223       15.55799
H          5.67732        6.05251       15.30051
H          7.40347        5.92445       14.99305
C          7.92541        2.93294       14.40782
H          7.78429        3.06570       13.34134
H          8.05946        1.87317       14.59520
H          8.84143        3.44263       14.68621
C          4.81019        2.95394       14.69728
H          3.97148        3.19361       15.34024
H          4.85195        1.87507       14.59662
H          4.60490        3.37054       13.71805
C          6.50350        8.46086       16.77302
H          6.01224        8.38103       15.79948
H          6.22863        9.42801       17.20267
C          8.01899        8.31690       16.61340
H          8.55395        9.09083       17.17222
H          8.30207        8.41544       15.56421
C          4.02968        7.18980       17.30143
C          3.42067        6.07685       16.73939
H          4.01322        5.18498       16.60179
C          2.09047        6.12443       16.36215
H          1.62056        5.25654       15.92222
C          1.36163        7.28700       16.54984
H          0.32267        7.32764       16.25666
C          1.96301        8.39936       17.11828
H          1.39082        9.30369       17.26856
C          3.29187        8.35307       17.49637
H          3.76062        9.21494       17.95201
C          5.64149        7.78703       19.46021
C          4.74034        7.16231       20.31972
H          4.11919        6.36583       19.93009
C          4.63862        7.55615       21.63918
H          3.93300        7.07015       22.29778
C          5.44780        8.57468       22.11962
H          5.37175        8.88387       23.15186
C          6.35661        9.19076       21.27617
H          6.99385        9.97891       21.65127
C          6.45922        8.79658       19.95375
H          7.18524        9.27120       19.30968
C          9.52022        7.21208       18.72303
C          8.94616        7.01655       19.97159
H          7.99777        6.50005       20.02521
C          9.57920        7.47636       21.11221
H          9.12500        7.32283       22.08047
C         10.79289        8.13538       21.00858
H         11.29217        8.49356       21.89718
C         11.36951        8.33728       19.76386
H         12.31591        8.85299       19.68504
C         10.73551        7.88221       18.62254
H         11.18190        8.03795       17.64897
C          9.94723        6.12442       16.17700
C         10.04123        6.38321       14.81482
H          9.35595        7.06793       14.33643
C         11.01916        5.76730       14.05276
H         11.08564        5.97823       12.99509
C         11.90400        4.87756       14.63643
H         12.66160        4.39508       14.03677
C         11.80973        4.60126       15.99225
H         12.49383        3.90143       16.45042
C         10.83416        5.21400       16.75182
H         10.74393        4.99883       17.80881
