67
CSD_code = DIRQED | q = 0 | S = 0 | Stoichiometry = C27H36NScSi2 | MND = 8
Sc         1.47059        3.32208        3.72114
N         -0.01658        1.91854        2.44782
Si        -1.58039        4.86606        4.61699
Si         3.08206        2.41358        6.72728
C          1.84053        3.56119        1.30258
C          1.97860        4.89450        1.78273
C          3.18331        4.97837        2.58098
C          3.79954        3.68202        2.56922
C          2.96246        2.81716        1.76606
C          0.76218        3.01844        0.41128
H          1.19534        2.52539       -0.46796
H          0.13560        3.83749        0.04133
C         -0.12380        2.02258        1.11801
C         -1.02067        1.24197        0.38964
H         -1.07697        1.35751       -0.68234
C         -1.82573        0.33449        1.04787
H         -2.52951       -0.27647        0.50258
C         -1.70573        0.22351        2.42694
H         -2.30764       -0.47484        2.98558
C         -0.79270        1.03179        3.07533
H         -0.66775        0.97592        4.14945
C          0.29089        4.84764        4.82841
H          0.50841        4.78969        5.90441
H          0.68416        5.82428        4.49782
C         -2.02264        4.94504        2.75009
H         -1.83676        5.93637        2.34986
H         -3.06889        4.71333        2.57490
H         -1.42585        4.23688        2.17781
C         -2.32504        3.24867        5.34104
H         -2.71117        2.59975        4.56071
H         -3.14345        3.46039        6.02095
H         -1.57451        2.69205        5.89626
C         -2.48975        6.33285        5.45530
H         -2.35067        6.31221        6.53198
H         -3.55842        6.31068        5.26164
H         -2.11128        7.28521        5.09651
C          2.32383        1.80972        5.10636
H          1.58483        1.02813        5.33963
H          3.10903        1.31361        4.51030
C          1.71790        2.53612        8.06824
H          0.85872        3.09041        7.70161
H          2.07981        3.03681        8.96020
H          1.37107        1.55172        8.36590
C          3.83460        4.15783        6.45237
H          4.81651        4.08890        5.99564
H          3.95003        4.70002        7.38561
H          3.20002        4.75516        5.79326
C          4.48038        1.29928        7.42454
H          4.11263        0.30753        7.66938
H          4.91582        1.71949        8.32606
H          5.27906        1.18174        6.69829
C          1.24595        6.07304        1.53270
H          0.36652        6.04882        0.90194
C          1.67819        7.26065        2.06999
H          1.12263        8.16742        1.87620
C          2.83701        7.33250        2.85534
H          3.14598        8.28816        3.25202
C          3.59138        6.20791        3.10500
H          4.50341        6.27526        3.68220
C          5.01905        3.20962        3.06238
H          5.66729        3.86589        3.62643
C          5.39994        1.91372        2.79387
H          6.34269        1.54066        3.16583
C          4.58681        1.06710        2.02704
H          4.92323        0.05898        1.82849
C          3.38614        1.49531        1.51385
H          2.78599        0.83689        0.89633
