81
CSD_code = DISTEG | q = 0 | S = 0 | Stoichiometry = C26H48N3Si3Y | MND = 8
C          6.63978        8.22480        5.71303
H          7.12786        9.04605        6.26403
C          5.89260        7.35459        6.73412
H          5.30339        6.59072        6.22307
H          6.58954        6.85770        7.41036
C          4.96087        8.24119        7.55932
H          5.55762        8.96914        8.11337
H          4.42300        7.62972        8.28709
C          3.96721        8.97496        6.66498
H          3.30267        8.24759        6.19237
H          3.35166        9.64410        7.26921
C          4.69082        9.76849        5.58175
H          5.29041       10.56569        6.02501
H          3.96650       10.22792        4.90983
C          5.60076        8.84714        4.75265
H          4.95651        8.03474        4.38013
C          7.25890        6.49758        4.06978
H          6.78057        5.68516        4.63054
H          8.10975        6.08196        3.52717
H          6.55421        6.90514        3.34770
C          8.73733        7.00040        5.86468
H          9.08621        7.76770        6.55526
H          9.58712        6.63644        5.28677
H          8.34022        6.15165        6.43565
C          3.83723        8.67118        1.96522
H          4.18972        7.64492        1.92253
H          3.33123        8.88049        1.02906
H          3.09638        8.73331        2.75508
C          4.45174       11.65510        2.27541
H          3.72847       11.76696        3.07744
H          3.92856       11.83564        1.34116
H          5.19078       12.44164        2.39390
C          6.43221        9.85119        0.72935
H          6.22979        8.95526        0.14307
H          6.22121       10.70810        0.09180
C          7.86312        9.86193        1.13800
C          8.67581        8.73144        1.34145
H          8.40242        7.72120        1.06032
C          9.96663        9.12795        1.78067
H         10.84052        8.49062        1.80786
C          9.97728       10.55161        1.84098
C         10.98619       11.49679        2.10518
H         11.98996       11.16500        2.33683
C         10.68951       12.83454        2.02731
H         11.46002       13.56849        2.21705
C          9.40279       13.28046        1.67881
H          9.21992       14.34410        1.61560
C          8.39073       12.39488        1.39718
H          7.41668       12.75082        1.08504
C          8.64495       11.01141        1.46827
C          7.19264       12.76678        4.75254
H          7.65744       13.29297        3.92208
H          6.44567       13.42912        5.17997
H          6.66831       11.89178        4.35618
C          7.63116       11.86919        7.70933
H          6.90695       11.06614        7.61263
H          7.10458       12.73880        8.08953
H          8.35207       11.56850        8.46177
C          9.58179       13.81258        6.38840
H         10.24674       13.64514        7.22799
H          8.96488       14.67372        6.62407
H         10.19048       14.06585        5.52800
C         10.97435       10.03686        7.79826
H         10.83753       10.93361        8.39240
H         11.92963        9.60352        8.07626
H         10.19670        9.33604        8.08646
C         12.28694       11.77649        5.64523
H         12.15752       12.27674        4.69171
H         13.27307       11.32174        5.65240
H         12.27283       12.53625        6.41800
C         11.44302        8.90899        4.94693
H         10.60612        8.50169        4.36899
H         11.81196        8.12682        5.60262
H         12.23937        9.14716        4.25009
N          7.73830        7.56628        4.95411
N          6.23267        9.51861        3.63208
N          9.33674       10.89835        5.38911
Si         5.26806        9.91186        2.27258
Si         8.51401       12.26841        6.04813
Si        10.91616       10.47441        5.93174
Y          8.35895        9.84411        3.72982
