60
CSD_code = DIZJUR | q = 0 | S = 0 | Stoichiometry = C28H29ClSiZr | MND = 12
Zr        12.73897        4.88749        5.72712
Cl        12.98612        3.86437        7.86571
C         14.49669        3.93817        3.99643
C         14.47027        5.34128        3.90726
C         14.92852        5.86570        5.14565
C         15.23216        4.76894        5.98638
C         11.99860        6.70080        6.80606
Si        13.17339        8.05330        7.45981
C         13.80147        9.34854        6.19070
C         12.22238        9.08972        8.76540
C         14.62837        7.17889        8.34766
C         10.78052        7.31266        6.24546
C         10.83753        7.95078        4.97813
C         11.96119        7.80101        4.12815
C         12.03054        8.41668        2.91243
C         10.97124        9.23131        2.46648
C         14.93973        3.58458        5.28356
C         10.60908        4.81437        4.41654
C         10.29887        4.22624        5.66818
C         10.99507        3.00520        5.75652
C         11.75021        2.84084        4.58023
C         11.50400        3.95495        3.74423
C          9.85485        9.36784        3.23218
C          9.73837        8.72041        4.48938
C          8.57678        8.80807        5.24708
C          8.45273        8.11579        6.44826
C          7.23921        8.17123        7.18069
C          7.09189        7.50806        8.35878
C          8.16156        6.74709        8.86445
C          9.34523        6.67733        8.19051
C          9.55210        7.35488        6.96099
H         14.32212        3.25276        3.17800
H         14.29905        5.90947        3.00074
H         15.21574        6.89257        5.32810
H         15.71130        4.81886        6.95448
H         15.13092        2.57940        5.63858
H         10.10275        5.66209        3.97424
H          9.54831        4.57811        6.36491
H         10.89933        2.27925        6.55365
H         12.30316        1.94816        4.31179
H         11.81705        4.06322        2.71265
H         11.72794        6.16061        7.72556
H         14.38661        8.93752        5.37516
H         12.96892        9.88859        5.75187
H         14.42567       10.07501        6.70174
H         11.33174        9.53546        8.33202
H         11.90250        8.47616        9.60224
H         12.83196        9.89474        9.16364
H         14.38941        6.13835        8.55732
H         15.54938        7.21019        7.77549
H         14.83013        7.66241        9.29757
H         12.77278        7.15736        4.46735
H         12.89565        8.28299        2.27875
H         11.04705        9.72437        1.50877
H          9.02130        9.96425        2.88990
H          7.75222        9.40946        4.89274
H          6.42653        8.75294        6.76916
H          6.16290        7.55404        8.90771
H          8.03788        6.21317        9.79521
H         10.13289        6.06917        8.61251
