94
CSD_code = DIZPEK | q = 0 | S = 0 | Stoichiometry = C44H45P3RuSi | MND = 7
Ru        11.32015        8.70357        8.64587
P          9.37569        9.24968        9.65927
P         10.27444        7.98260        6.77673
P         11.35778        6.63872        9.56386
Si         8.44347        6.51538        8.70986
C         12.96214        9.94470        8.61114
C         11.95103       10.73049        7.98270
H         12.07912       10.94529        6.92109
H         11.57694       11.59576        8.53379
C         13.39831        8.81165        7.86233
H         14.18415        8.19804        8.30443
H         13.54033        8.94838        6.78825
C         12.76534        9.70855       10.00411
H         12.44829       10.55751       10.61103
H         13.50901        9.09390       10.51566
C          6.93270        5.36404        8.74247
H          7.21196        4.34899        8.49285
H          6.18307        5.68564        8.03168
H          6.47520        5.35011        9.72282
C          7.90792        8.31297        9.05729
H          7.61671        8.76796        8.10756
H          7.07993        8.39469        9.76163
C          9.28354        6.44567        6.99851
H          9.99419        5.61577        7.00420
H          8.58408        6.31120        6.17329
C          9.70378        5.98159       10.03876
H          9.43257        6.47084       10.97734
H          9.74424        4.90368       10.19623
C          8.73151       10.96931        9.68180
C          7.56938       11.41828        9.06704
H          6.93793       10.73855        8.51436
C          7.20816       12.75230        9.15223
H          6.30085       13.08997        8.67100
C          7.99771       13.65177        9.84678
H          7.71216       14.69198        9.90585
C          9.15459       13.21130       10.47011
H          9.77283       13.90676       11.01988
C          9.51377       11.88094       10.38776
H         10.40886       11.52384       10.88168
C          9.19827        9.03883       11.47649
C          7.99420        9.30167       12.12537
H          7.12797        9.61493       11.55840
C          7.90580        9.18625       13.49925
H          6.96691        9.38699       13.99552
C          9.01870        8.82596       14.24420
H          8.94438        8.74118       15.31868
C         10.22497        8.58970       13.60885
H         11.10134        8.32188       14.18169
C         10.31113        8.69912       12.23190
H         11.25018        8.52254       11.72290
C          9.05101        9.06770        5.93726
C          8.32785        8.63067        4.83007
H          8.45716        7.62299        4.45885
C          7.45851        9.48910        4.18499
H          6.89696        9.14142        3.32945
C          7.31333       10.79708        4.62234
H          6.63566       11.46508        4.11071
C          8.04878       11.24610        5.70495
H          7.95304       12.26738        6.04515
C          8.91394       10.38353        6.35515
H          9.49884       10.72367        7.20019
C         11.18205        7.61638        5.22285
C         11.78553        8.71827        4.62032
H         11.66441        9.69189        5.07857
C         12.51415        8.58085        3.45593
H         12.97744        9.44496        3.00118
C         12.64803        7.33145        2.87110
H         13.21868        7.21704        1.96099
C         12.04392        6.23244        3.45597
H         12.13939        5.25727        2.99907
C         11.31472        6.36933        4.62511
H         10.85751        5.49470        5.06351
C         12.03012        5.22219        8.60477
C         12.65863        5.46215        7.39149
H         12.69735        6.47775        7.01846
C         13.22715        4.42569        6.67186
H         13.71086        4.63038        5.72739
C         13.17505        3.13445        7.16641
H         13.61591        2.32062        6.60915
C         12.56685        2.88792        8.38813
H         12.53954        1.88236        8.78335
C         12.00546        3.92417        9.10913
H         11.56281        3.72455       10.07565
C         12.35322        6.24821       11.05682
C         13.73306        6.33629       10.88398
H         14.11838        6.59476        9.90553
C         14.59763        6.08844       11.93119
H         15.66547        6.16236       11.78162
C         14.09175        5.74312       13.17450
H         14.76301        5.55039       13.99870
C         12.72336        5.64236       13.35388
H         12.32469        5.36566       14.31997
C         11.85557        5.89297       12.30432
H         10.79193        5.81191       12.47271
