85
CSD_code = DOGGIQ | q = 0 | S = 0 | Stoichiometry = C27H49AsN4Si3Zr | MND = 5
Zr         8.53173       12.39194        4.48822
As         7.30093       10.27369        3.51417
N          9.11563       11.37904        6.20455
N         10.13863       13.03850        3.30315
N          7.00264       13.71745        4.92866
N          9.67979       14.08929        5.88180
Si         9.86257        9.85025        6.17121
Si         9.78054       13.94753        1.90410
Si         5.68838       13.32352        5.94884
C          9.12938       12.22927        7.36942
H          9.46513       11.69927        8.27151
H          8.11765       12.62002        7.57164
C         11.25489       13.41730        4.14075
H         12.11794       13.76569        3.55224
H         11.58947       12.54992        4.73817
C          7.58535       15.03783        4.99014
H          6.83284       15.81565        5.19363
H          8.05317       15.28444        4.02171
C         10.08373       13.41201        7.11495
H         10.10522       14.10470        7.97152
H         11.08789       12.99699        6.98110
C         10.82609       14.54873        5.09829
H         11.66125       14.86151        5.74555
H         10.52760       15.40345        4.48736
C          8.66188       15.11867        6.09828
H          9.10661       16.12589        6.13415
H          8.16223       14.93205        7.05195
C         11.35462        9.68501        7.37372
H         11.03515        9.80433        8.40372
H         12.12090       10.42960        7.17878
H         11.81713        8.70809        7.29152
C          8.67432        8.39209        6.57116
H          7.83245        8.38500        5.87724
H          8.27551        8.46348        7.57865
H          9.17924        7.43550        6.48702
C         10.52064        9.63247        4.38121
H          9.86142        8.97856        3.80946
H         11.51182        9.19124        4.35515
H         10.56820       10.60504        3.88211
C          7.91107       13.61458        1.61790
H          7.39409       13.42696        2.57322
H          7.77547       12.75505        0.96598
H          7.43138       14.46110        1.13420
C         10.83486       13.44101        0.37645
H         10.21003       13.07413       -0.43038
H         11.54288       12.65646        0.62417
H         11.40302       14.28225       -0.00707
C         10.00847       15.86903        1.93482
H          9.34744       16.38450        2.62748
H          9.81978       16.28319        0.94877
H         11.03082       16.12945        2.19696
C          3.99275       13.64871        5.11104
H          3.80278       14.71220        5.00016
H          3.18550       13.23263        5.70432
H          3.93782       13.19900        4.12579
C          5.56991       14.33698        7.59145
H          5.66170       15.40249        7.40023
H          6.32693       14.06525        8.32290
H          4.60318       14.18101        8.05897
C          5.81161       11.48348        6.47612
H          6.80408       11.06041        6.29107
H          5.08249       10.89325        5.93190
H          5.58795       11.36650        7.53225
C          5.38208       10.63223        3.15950
C          4.92149       11.59151        2.25903
H          5.62991       12.21812        1.73239
C          3.57037       11.75219        2.00752
H          3.24043       12.50163        1.30064
C          2.63718       10.96323        2.65989
H          1.58252       11.09474        2.46688
C          3.07110        9.99605        3.55086
H          2.35182        9.36337        4.05204
C          4.42396        9.82634        3.78220
H          4.76841        9.04249        4.45317
C          7.80643       10.15881        1.61692
C          9.10098       10.47267        1.19422
H          9.79324       10.92876        1.89720
C          9.50678       10.24569       -0.10848
H         10.51745       10.48604       -0.40683
C          8.62447        9.71948       -1.03710
H          8.93866        9.55510       -2.05755
C          7.33530        9.40094       -0.64049
H          6.63932        8.98266       -1.35445
C          6.94199        9.59645        0.66898
H          5.93984        9.31603        0.97702
