133
CSD_code = DOQXIR | q = 0 | S = 0 | Stoichiometry = C53H76CrN2Si | MND = 3
Cr         4.10648        9.57676       10.06029
H          2.89516        7.22163       13.24629
N          3.27674        9.99916        8.43473
C          3.57010        9.51807        7.22557
C          4.63836        8.62842        7.07128
C          5.51573        8.08890        8.01394
N          5.38564        8.41265        9.30526
C          2.52404       11.13587        8.72278
C          3.03932       12.41486        8.39448
C          2.33624       13.53124        8.81019
C          1.14780       13.41485        9.51409
C          0.61943       12.16685        9.77831
C          1.28179       11.01626        9.37980
C          0.64703        9.65797        9.59765
C          0.53342        9.32703       11.08713
C         -0.73953        9.57800        8.94943
C          4.31007       12.52928        7.57127
C          4.41871       13.85395        6.81534
H          2.83696       12.13829       11.50596
C          5.57996       12.30420        8.39941
C          2.68677        9.69524        5.97076
C          3.53405        9.94577        4.70968
C          1.91423        8.37381        5.80085
C          1.65100       10.82229        6.03170
C          6.62245        7.19073        7.41896
C          6.03436        6.18549        6.40856
C          7.60890        8.11634        6.68600
C          7.42298        6.35863        8.42452
C          5.94093        7.76804       10.40927
C          5.36361        6.56095       10.87635
C          5.79385        6.04737       12.08756
C          6.79307        6.67330       12.81577
C          7.42525        7.79217       12.30584
C          7.03560        8.34418       11.09411
C          7.84591        9.45569       10.45610
C          9.32329        9.05827       10.33753
C          7.75785       10.77547       11.21899
C          4.32680        5.84599       10.02962
C          2.89957        6.29954       10.34834
C          4.42125        4.32336       10.14835
Si         3.86996       11.12997       11.96638
C          5.18627       12.28263       12.78651
C          5.34790       13.62268       12.41717
C          6.28668       14.42464       13.05507
C          7.09096       13.94054       14.07058
C          6.93601       12.61204       14.43400
C          6.00991       11.79244       13.80885
C          4.50623       14.28006       11.36365
C          8.08888       14.81576       14.76779
C          5.91972       10.36790       14.26531
C          2.85135       10.56694       13.54715
C          2.75451        9.23219       13.94954
C          1.97329        8.85757       15.03885
C          1.26481        9.78800       15.77292
C          1.37128       11.11708       15.39242
C          2.14384       11.51283       14.31151
C          3.51118        8.11804       13.28567
C          0.41767        9.39198       16.94474
C          2.19672       12.98029       14.01126
H          4.79577        8.28877        6.06571
H          2.71101       14.51777        8.59002
H          0.62708       14.30344        9.83802
H         -0.32358       12.08853       10.29805
H          1.28520        8.90218        9.11953
H          1.51121        9.35134       11.56568
H          0.10117        8.33737       11.22181
H         -0.10241       10.04899       11.59311
H         -0.69477        9.81313        7.88837
H         -1.14202        8.57281        9.05949
H         -1.42895       10.27284        9.42150
H          4.28261       11.72689        6.82796
H          4.62087       14.67799        7.49511
H          3.50481       14.06880        6.26526
H          5.24084       13.80070        6.10422
H          6.44325       12.28216        7.73736
H          5.52138       11.35084        8.93251
H          5.72487       13.10109        9.12185
H          4.26755       10.73087        4.87956
H          2.88605       10.26003        3.89394
H          4.05774        9.05333        4.37944
H          1.31858        8.40020        4.89012
H          2.59406        7.52740        5.74400
H          1.24429        8.21735        6.64402
H          1.03027       10.77177        5.13742
H          0.99852       10.73086        6.89197
H          2.11861       11.80172        6.05694
H          5.15510        5.69088        6.81617
H          5.75977        6.65468        5.46830
H          6.77645        5.42236        6.18251
H          7.09193        8.74488        5.96536
H          8.35515        7.52575        6.15754
H          8.12255        8.76196        7.39451
H          8.23237        5.85710        7.89462
H          6.80845        5.59517        8.89130
H          7.86427        6.96808        9.20176
H          5.35181        5.14320       12.47557
H          7.10247        6.26375       13.76570
H          8.24401        8.23371       12.85309
H          7.44806        9.62305        9.44834
H          9.45087        8.09927        9.84121
H          9.78371        8.99351       11.31996
H          9.85876        9.81182        9.76365
H          8.38061       11.52409       10.73455
H          8.10318       10.65817       12.24218
H          6.73623       11.14284       11.23908
H          4.51776        6.11347        8.98500
H          2.19897        5.81963        9.66778
H          2.62748        6.03132       11.36583
H          2.81320        7.38625       10.22785
H          4.04666        3.97917       11.10929
H          3.82041        3.85609        9.37049
H          5.44911        3.98442       10.03778
H          6.38696       15.45857       12.75081
H          7.55476       12.20791       15.22490
H          4.25128       13.59432       10.56607
H          5.02628       15.14181       10.94793
H          3.57256       14.63373       11.80121
H          7.74185       15.05414       15.77380
H          8.23414       15.74784       14.22654
H          9.04834       14.30867       14.85832
H          6.77290       10.11200       14.89116
H          5.01421       10.21963       14.85091
H          5.89372        9.68740       13.41679
H          1.92826        7.81244       15.31722
H          0.83585       11.86576       15.96163
H          4.40270        7.87499       13.86406
H          3.83168        8.37668       12.27013
H          0.45318        8.31690       17.10525
H         -0.61897        9.68530       16.78070
H          0.76448        9.89023       17.84965
H          1.72349       13.19300       13.05428
H          1.68034       13.54548       14.78448
H          3.22747       13.32055       13.95915
