63
CSD_code = DOSXAM | q = 0 | S = 0 | Stoichiometry = C25H35NSiTi | MND = 8
Ti         2.99610        8.75778        5.61935
Si         5.16842        9.08708        7.51643
N          3.43466        9.08438        7.43195
C          1.69105       10.25951        5.04981
C          1.54273        7.28443        5.51398
C          5.28235        8.70783        5.65778
C          4.84217        7.44984        5.15082
C          4.22401        7.65419        3.89550
C          4.27264        9.05077        3.60963
C          4.91864        9.69030        4.69068
C          5.09429        6.11893        5.80363
C          3.77984        6.59328        2.92749
C          3.87615        9.68272        2.30491
C          5.28298       11.14740        4.75891
C          5.98054       10.73613        8.07920
C          6.01131        7.77972        8.64109
C          2.52905        9.44102        8.51069
C          2.32869       10.96375        8.55467
C          3.02635        8.85894        9.82137
C          3.48129        9.64882       10.84663
C          3.96543        9.09768       12.04239
C          3.99347        7.74568       12.21943
C          3.58041        5.48712       11.35115
C          3.16661        4.65604       10.34971
C          2.70111        5.19874        9.14339
C          2.64850        6.55362        8.96214
C          3.06132        7.44343        9.97820
C          3.54425        6.88852       11.19390
H          0.77448       10.30771        5.65713
H          1.36980       10.09968        4.01038
H          2.16360       11.25076        5.09017
H          1.95028        6.28343        5.71298
H          1.12444        7.25969        4.49630
H          0.69140        7.43291        6.19642
H          6.10519        6.09206        6.20871
H          4.99834        5.30950        5.08062
H          4.39906        5.93271        6.62719
H          3.46727        5.68764        3.44606
H          4.59835        6.33240        2.25084
H          2.94512        6.94179        2.31886
H          3.00800        9.18368        1.87365
H          4.69450        9.60833        1.58328
H          3.63377       10.73689        2.43522
H          5.34297       11.57621        3.75902
H          6.25480       11.26121        5.23585
H          4.55396       11.72399        5.33543
H          5.51495       11.61315        7.64274
H          7.03504       10.75723        7.82416
H          5.90897       10.82283        9.15867
H          6.02178        8.12752        9.66880
H          7.04171        7.61774        8.34145
H          5.50409        6.82218        8.62959
H          1.53570        8.99877        8.29938
H          3.28054       11.46617        8.70375
H          1.63712       11.24068        9.34765
H          1.91667       11.28513        7.59887
H          3.47343       10.72283       10.75744
H          4.31387        9.75981       12.82215
H          4.36239        7.31284       13.13837
H          3.94929        5.08291       12.28344
H          3.19991        3.58369       10.47637
H          2.38222        4.53379        8.35294
H          2.30908        6.95636        8.01708
