64
CSD_code = DUHFUH | q = 0 | S = 0 | Stoichiometry = C23H28F6FeNO2PSi2 | MND = 8
Fe        -0.57920        9.46325       16.51815
C         -1.65050       10.01167       17.76614
O         -2.36694       10.27200       18.62608
C          0.36534        8.96523       18.04725
O          0.65239        7.79825       18.17105
P          0.65927       11.20873       16.68335
Si         3.50538       10.35100       16.47017
C          3.18253        8.61262       15.76659
C          5.09100       11.20067       15.83491
C          3.85435       10.12630       18.32773
N          2.14814       11.40987       15.96332
Si         2.15037       12.09684       14.31078
C          2.92416       10.90284       13.03320
C          3.17240       13.71019       14.37461
C          0.38678       12.42075       13.66844
C         -0.17282        7.69747       15.08333
C         -1.38218        7.48127       15.75294
C         -2.26807        8.54635       15.42394
C         -1.59815        9.41981       14.54955
C         -0.27914        8.92024       14.38063
C         -0.15279       12.84229       16.57365
C         -1.54157       12.85328       16.50503
C         -2.23054       14.05036       16.44686
C         -1.53440       15.24808       16.44998
C         -0.14996       15.24209       16.49541
C          0.54229       14.04587       16.55211
C          1.46258       12.42855       19.25193
C          1.02739       11.21261       18.50630
C          0.73121       10.02280       19.04215
C          0.68701        9.67409       20.50693
F          0.45010       13.27955       19.48201
F          2.02883       12.17704       20.43833
F          2.38814       13.12287       18.56387
F          1.90314        9.45593       21.02840
F          0.11548       10.64393       21.24020
F         -0.03075        8.57250       20.73591
H          2.84392        8.62238       14.73719
H          2.42453        8.11008       16.36183
H          4.08278        8.00820       15.81480
H          5.91131       10.49266       15.88689
H          5.35344       12.03883       16.47315
H          5.03478       11.56759       14.81908
H          3.76753       11.03387       18.91257
H          4.88111        9.78746       18.43087
H          3.22644        9.36809       18.78019
H          3.83460       10.42882       13.37739
H          3.16706       11.46897       12.13934
H          2.24143       10.11629       12.72774
H          3.90260       13.72970       13.57268
H          3.71064       13.81688       15.31030
H          2.54117       14.58455       14.25187
H          0.06200       13.43851       13.85460
H         -0.32998       11.75797       14.14283
H          0.33853       12.25617       12.59615
H          0.66935        7.02952       15.07264
H         -1.63177        6.62051       16.34819
H         -3.30923        8.59826       15.69723
H         -2.04127       10.24559       14.01871
H          0.44425        9.30886       13.68400
H         -2.07000       11.90930       16.48376
H         -3.30909       14.04972       16.39862
H         -2.07022       16.18460       16.41108
H          0.39522       16.17424       16.48982
H          1.61879       14.04541       16.57842
