70
CSD_code = DULMEC | q = 0 | S = 0 | Stoichiometry = C17H47NOsSi4 | MND = 5
Os         7.28929        0.40204       13.86778
N          7.60302        1.81893       12.96278
C          7.35377        3.00214       12.23652
C          9.21760       -0.36289       14.28047
Si        10.68023        0.64634       13.59363
C         10.62439        0.71534       11.68511
C         10.70323        2.40664       14.33598
C         12.29785       -0.24350       14.10912
C          5.47976       -0.49447       14.50171
Si         5.54698       -2.11189       15.51783
C          7.29400       -2.81239       15.88217
C          4.69292       -1.83252       17.20908
C          4.57920       -3.48007       14.59079
C          7.14988       -1.09318       12.33733
Si         6.09846       -0.61604       10.82771
C          5.31628       -2.18692       10.06097
C          7.21276        0.18944        9.49490
C          4.65363        0.59423       11.19065
C          7.28055        1.13740       15.88220
Si         6.26429        2.71845       16.16753
C          4.82130        2.98807       14.93085
C          7.41800        4.24323       16.06040
C          5.49125        2.69086       17.91905
H          6.66822        2.81832       11.39824
H          8.29403        3.39570       11.83078
H          6.91043        3.77255       12.88151
H          9.32639       -0.44175       15.36548
H          9.27410       -1.37804       13.87862
H          9.63017        0.98222       11.34300
H         11.32565        1.44491       11.29162
H         10.87591       -0.24543       11.24681
H         10.98365        2.39180       15.38462
H         11.41017        3.04849       13.81929
H          9.72002        2.86004       14.26523
H         12.34334       -1.25167       13.70943
H         13.16787        0.29159       13.74277
H         12.38976       -0.31496       15.18833
H          4.92247        0.23424       15.09638
H          4.86766       -0.69731       13.61894
H          7.22081       -3.72972       16.46035
H          7.83374       -3.04716       14.96943
H          7.89848       -2.11570       16.45557
H          5.19924       -1.07082       17.79439
H          3.66291       -1.51384       17.08173
H          4.68207       -2.74397       17.79872
H          3.54860       -3.18510       14.41817
H          5.02148       -3.69916       13.62347
H          4.56348       -4.40442       15.15997
H          8.15861       -1.30901       11.97176
H          6.76873       -2.02661       12.75668
H          4.65702       -2.68530       10.76537
H          4.73078       -1.94606        9.17938
H          6.07674       -2.90154        9.76304
H          7.99772       -0.49108        9.18063
H          6.64025        0.45624        8.61151
H          7.69253        1.09094        9.86214
H          4.90846        1.28637       11.98989
H          4.39622        1.17851       10.31139
H          3.75754        0.06277       11.49619
H          6.93166        0.35933       16.56442
H          8.31285        1.35914       16.17018
H          4.61173        4.04458       14.78855
H          5.05285        2.55855       13.95881
H          3.90489        2.52283       15.28091
H          8.18710        4.20366       16.82512
H          7.91987        4.30151       15.09990
H          6.86586        5.16759       16.20194
H          6.25398        2.60045       18.68595
H          4.93345        3.60031       18.11859
H          4.80796        1.85527       18.03732
