148
CSD_code = DURPAH | q = 0 | S = 0 | Stoichiometry = C52H76O12Si7Zr | MND = 8
C         -1.68636        3.57456       14.38151
C         -1.96500        3.21440       12.91845
C         -2.19065        4.46836       12.07617
C         -0.97686        5.38855       12.14765
C         -0.67815        5.75258       13.59823
C         -0.45821        4.49157       14.42957
C         -4.06722       -1.84813       20.54210
C         -4.46802       -1.09735       21.81442
C         -5.21376       -2.01666       22.77902
C         -4.35625       -3.22547       23.14011
C         -3.94723       -3.98055       21.87944
C         -3.19966       -3.05316       20.92500
C         -4.76057        3.26531       20.46158
C         -4.92266        4.75206       20.13037
C         -5.65654        5.48343       21.25160
C         -4.90590        5.32688       22.57001
C         -4.74319        3.84947       22.91264
C         -4.01229        3.11814       21.78948
C         -5.63273       -2.72725       16.92364
C         -6.40075       -3.07534       15.64182
C         -7.38657       -4.21606       15.88419
C         -6.65711       -5.45305       16.39482
C         -5.90173       -5.11957       17.67623
C         -4.91161       -3.98642       17.42229
C         -2.17100       -1.78270       13.08644
C         -2.75721       -2.96633       13.50288
C         -2.32510       -3.51272       14.96922
C          0.13345       -1.62886       14.07544
C         -0.73075       -1.46824       13.00471
C         -2.27689       -0.42990       12.74938
C         -3.38954       -3.98923       14.00449
C         -1.59881       -3.25106       15.95063
C          0.60968       -1.79975       15.21273
C         -1.15578       -0.76419       11.87228
C          0.08776        4.37193       18.97426
C         -0.70711        5.60995       18.55561
C          0.00066        6.89212       18.98612
C          1.40373        6.95000       18.39085
C          2.20860        5.72901       18.82408
C          1.50362        4.44424       18.39605
C         -5.37298        2.49040       14.89528
C         -5.13746        1.38300       14.14235
C         -6.15890        0.36129       13.83701
C         -7.46371        0.59517       14.59185
C         -7.81888        2.07810       14.55447
C         -6.76587        2.88285       15.31397
C          1.06898       -1.17524       19.10129
C          2.20068       -0.76927       18.15118
C          3.35144       -1.77085       18.19580
C          2.84471       -3.16221       17.83277
C          1.76329       -3.59114       18.81759
C          0.60219       -2.60122       18.77876
O         -0.87874       -0.13623       17.31340
O         -1.65624       -0.52036       19.79928
O         -3.19074       -1.31608       17.79541
H         -2.53453        4.15630       14.76279
H         -2.83606        2.56432       12.83896
H         -1.11196        2.65934       12.52757
H         -3.07103        5.00268       12.44368
H         -2.38080        4.18481       11.03934
H         -1.15647        6.29314       11.56237
H         -0.11307        4.87681       11.72009
H         -1.51624        6.32015       14.01033
H          0.20964        6.38640       13.64681
H          0.40218        3.94412       14.04354
H         -0.24034        4.75760       15.46299
H         -4.98692       -2.22811       20.08557
H         -5.09199       -0.24287       21.55126
H         -3.56643       -0.71478       22.29404
H         -6.13919       -2.35870       22.31032
H         -5.48010       -1.46655       23.68402
H         -4.90786       -3.88736       23.81133
H         -3.45993       -2.88691       23.66284
H         -4.83890       -4.37107       21.38389
H         -3.31326       -4.82886       22.14391
H         -2.29194       -2.68703       21.40509
H         -2.89956       -3.59911       20.02894
O         -3.58471       -1.15134       15.30659
O         -0.11062        1.53440       19.21576
O         -2.36349        2.92380       18.93835
O         -4.62880        2.58879       17.65156
O         -2.88193        1.31226       16.03668
O         -0.79009        0.77667       14.78753
O         -0.75173        2.69018       16.84965
O         -5.20763        0.15892       16.85955
O         -3.92010        0.74223       19.34879
Si        -0.41249       -0.03336       18.80785
Si        -3.16872       -0.71047       19.31852
Si        -4.38194       -1.32488       16.64370
Si        -0.79407        2.77679       18.46505
Si        -3.84054        2.33310       19.10248
Si        -4.34436        1.44914       16.57690
Si        -1.37011        2.04747       15.48723
Zr        -1.57692       -0.95206       15.71987
H         -5.76175        2.84295       20.59515
H         -5.46626        4.86095       19.19125
H         -3.93415        5.19262       19.99669
H         -6.66217        5.07080       21.35744
H         -5.75294        6.54214       21.00232
H         -5.44460        5.83952       23.36969
H         -3.91988        5.78632       22.47981
H         -5.72852        3.40104       23.05685
H         -4.18743        3.74342       23.84602
H         -3.00949        3.53030       21.67318
H         -3.90684        2.06110       22.03344
H         -6.36647       -2.43377       17.68306
H         -5.68232       -3.37489       14.87622
H         -6.94087       -2.19974       15.28079
H         -7.90956       -4.44952       14.95500
H         -8.13175       -3.90317       16.61963
H         -5.94645       -5.78738       15.63824
H         -7.36978       -6.26044       16.57545
H         -5.36485       -6.00007       18.03234
H         -6.61229       -4.82184       18.45147
H         -4.35758       -3.76121       18.33208
H         -4.18748       -4.30060       16.67050
H          0.17646        4.39099       20.06432
H         -1.70417        5.56508       18.99507
H         -0.82431        5.61069       17.47117
H          0.07050        6.91926       20.07573
H         -0.57660        7.76236       18.66527
H          1.90824        7.86451       18.71067
H          1.33350        6.96819       17.30126
H          2.31885        5.73749       19.91054
H          3.20762        5.76753       18.38519
H          1.44769        4.40388       17.30745
H          2.07241        3.57621       18.72929
H         -4.64297        3.28946       14.88450
H         -4.15787        1.20044       13.71365
H         -5.73573       -0.62131       14.06056
H         -6.32663        0.38554       12.75389
H         -7.33532        0.28599       15.62889
H         -8.26294        0.00044       14.14778
H         -8.80041        2.24615       14.99810
H         -7.85537        2.41487       13.51619
H         -6.90175        3.95042       15.12994
H         -6.87922        2.72512       16.38745
H          1.45210       -1.15845       20.12500
H          2.55642        0.22714       18.41908
H          1.80136       -0.72440       17.13329
H          3.78552       -1.78981       19.19913
H          4.13263       -1.46461       17.49748
H          3.66990       -3.87808       17.84283
H          2.41896       -3.13537       16.82838
H          2.18266       -3.62970       19.82671
H          1.40168       -4.58893       18.56315
H          0.15443       -2.60905       17.77409
H         -0.16800       -2.89839       19.49309
