62
CSD_code = EDOXEC | q = 0 | S = 0 | Stoichiometry = C18H37ClFeN4Si | MND = 4
Fe        12.03664        5.89103        4.97836
Si         9.33372        4.94300        5.85176
Cl        13.25143        7.42139        5.50432
N         10.90278        4.53785        5.20512
N          8.00442        3.99390        5.28200
N         11.78002        6.66659        2.47683
N         13.91016        4.82844        3.51958
C         11.41825        3.26098        5.31765
C         12.48913        3.03844        6.19242
H         12.84808        3.87760        6.77803
C         13.06057        1.78701        6.30437
H         13.88702        1.63039        6.98360
C         12.57136        0.72633        5.55638
H         13.01424       -0.25415        5.64883
C         11.50670        0.93262        4.69361
H         11.12100        0.10815        4.11050
C         10.93326        2.18352        4.57274
H         10.10684        2.34944        3.89864
C          9.43479        4.78877        7.75125
H          9.60788        3.76360        8.06050
H          8.53586        5.14266        8.24385
H         10.26639        5.38461        8.11505
C          9.13967        6.78479        5.38960
H          8.60164        6.92447        4.46023
H         10.12100        7.24955        5.28378
H          8.60311        7.32689        6.15929
C          7.28122        3.05357        6.10781
H          7.26202        3.43188        7.12948
H          6.24711        2.99027        5.75512
C          7.90023        1.65494        6.10929
H          7.33591        0.99650        6.76520
H          8.92960        1.70541        6.45480
H          7.89836        1.22878        5.10912
C          7.63730        3.99432        3.88419
H          7.47383        2.96574        3.54100
H          8.46890        4.41132        3.31352
C          6.37971        4.82027        3.60634
H          6.16799        4.83478        2.53980
H          6.52171        5.83941        3.95440
H          5.51981        4.40166        4.12277
C         10.49603        6.24036        1.93703
H         10.35776        6.56352        0.89389
H          9.69680        6.66397        2.53962
H         10.42525        5.15516        1.98678
C         11.83367        8.12374        2.52000
H         11.71628        8.56489        1.51832
H         12.78391        8.44372        2.94003
H         11.03776        8.49474        3.16257
C         12.87901        6.13527        1.66642
H         13.14562        6.83774        0.86141
H         12.54996        5.20864        1.19456
C         14.12801        5.85342        2.50058
H         14.42593        6.76831        3.01580
H         14.94415        5.55824        1.81607
C         15.07503        4.76091        4.39463
H         15.98931        4.50486        3.83898
H         14.90145        4.00253        5.15383
H         15.21504        5.72084        4.88607
C         13.69547        3.52214        2.91485
H         14.49140        3.26941        2.19717
H         12.73556        3.49293        2.40677
H         13.67746        2.76572        3.69418
