73
CSD_code = EFEHON | q = 0 | S = 0 | Stoichiometry = C19H47N4Si2Y | MND = 6
Y          2.41432       14.44682        4.72475
Si         2.77647       16.94863        7.18503
Si         2.36701       16.79570        1.87842
N          2.40233       12.82948        6.27911
N          4.60834       12.68176        4.40853
N          2.02902       12.24324        2.94877
N         -0.08378       13.12837        4.98411
C          5.82821       13.28066        3.86925
H          6.03608       14.21700        4.38667
H          5.70228       13.49818        2.80880
H          6.69839       12.61733        3.99048
C          2.46628       12.50712        1.58065
H          3.49783       12.84899        1.57962
H          1.85791       13.29681        1.14406
H          2.38599       11.60825        0.94899
C         -1.26049       13.90057        4.60472
H         -1.22290       14.88674        5.06651
H         -2.19159       13.40275        4.91978
H         -1.28649       14.03133        3.52481
C          3.74157       16.17177        5.77689
H          4.67968       15.75946        6.16578
H          4.02200       16.93419        5.04321
C          2.66099       15.70667        8.63926
H          1.87050       15.96618        9.33695
H          3.58995       15.66966        9.19921
H          2.46294       14.70781        8.26063
C          3.43909       18.60473        7.90152
H          2.82708       18.96787        8.72180
H          3.45558       19.37685        7.13860
H          4.45282       18.49350        8.27387
C          0.98278       17.30910        6.59227
H          0.39350       17.80625        7.35764
H          0.47158       16.38234        6.32500
H          0.98618       17.95001        5.71551
C          1.30602       15.69242        2.96638
H          0.74131       15.00903        2.32095
H          0.54671       16.33090        3.43673
C          4.12592       16.04634        1.66292
H          4.81630       16.76823        1.23653
H          4.11180       15.18644        0.99870
H          4.52943       15.72735        2.62354
C          2.57042       18.54107        2.63597
H          3.33842       19.11620        2.12798
H          2.84162       18.47873        3.68477
H          1.64416       19.10303        2.57089
C          1.71795       17.05453        0.08591
H          2.38120       17.68343       -0.50008
H          0.73918       17.52395        0.08771
H          1.62271       16.10700       -0.43689
C          3.54552       12.02604        6.60516
H          3.35103       10.94296        6.41293
H          3.79202       12.08078        7.69048
C          4.80630       12.45369        5.84793
H          5.59231       11.69468        6.00979
H          5.14819       13.39730        6.28053
C          4.30515       11.44084        3.68694
H          4.75702       10.57580        4.19736
H          4.75894       11.49574        2.69421
C          2.80686       11.14770        3.52894
H          2.71367       10.23709        2.90718
H          2.39526       10.93783        4.51138
C          0.60346       11.89540        2.92059
H          0.45867       10.91502        2.43136
H          0.09801       12.64784        2.31113
C         -0.08349       11.83982        4.28995
H         -1.11449       11.48213        4.13183
H          0.41851       11.10437        4.91498
C         -0.05411       12.96362        6.44247
H         -0.91772       12.37003        6.79041
H         -0.12833       13.96319        6.88233
C          1.24189       12.31119        6.94243
H          1.28212       12.46157        8.04604
H          1.17088       11.20301        6.81644
