104
CSD_code = EFEMOS | q = 0 | S = 0 | Stoichiometry = C32H62BN6Si2Y | MND = 5
Y          1.30377       -3.00600       19.91041
Si        -0.95811       -5.50564       18.16079
Si         4.55101       -4.97266       19.65455
N          1.72859       -0.08611       21.57862
N          0.64497       -0.67986       21.03359
N          3.25090       -1.99469       22.13303
N          2.17326       -2.80943       22.24315
N          3.52628       -0.62970       19.92311
N          2.77458       -1.23974       18.98059
C         -0.68751       -3.72374       18.72993
H         -1.56557       -3.47554       19.33913
H         -0.78827       -3.10500       17.82696
C          2.66536       -4.94763       19.64825
H          2.34552       -5.63821       20.43994
H          2.34488       -5.42489       18.71480
C         -2.75727       -5.80487       17.55749
H         -3.47280       -5.61586       18.35182
H         -2.90655       -6.82608       17.22062
H         -3.00877       -5.14824       16.73043
C          0.16208       -5.95910       16.67449
H          0.00012       -5.27790       15.84495
H         -0.05301       -6.96191       16.31887
H          1.21660       -5.92250       16.92665
C         -0.68161       -6.75438       19.58676
H         -1.29639       -6.50724       20.44750
H          0.35342       -6.77610       19.91086
H         -0.94682       -7.76072       19.27745
C          5.40809       -3.27851       19.40381
H          5.12461       -2.81412       18.46464
H          6.48876       -3.39081       19.39615
H          5.15616       -2.59006       20.20295
C          5.23320       -6.09309       18.25300
H          4.89239       -7.11687       18.36909
H          6.31846       -6.10820       18.23720
H          4.89647       -5.74780       17.28011
C          5.23984       -5.66685       21.30277
H          4.93390       -6.69728       21.45460
H          4.87986       -5.08887       22.14756
H          6.32506       -5.64080       21.32514
C         -0.41876        0.05499       21.37168
C         -0.00873        1.14020       22.14927
H         -0.61114        1.91389       22.57780
C          1.36165        1.01566       22.25988
C          2.28908        1.91576       22.99628
H          2.83258        1.36832       23.76420
H          1.71598        2.70869       23.47016
H          3.01419        2.36561       22.32029
C         -1.82582       -0.28350       20.95551
C         -1.89604       -0.33930       19.42558
H         -1.15885       -1.03991       19.03975
H         -1.68885        0.64360       19.00664
H         -2.88640       -0.65195       19.10123
C         -2.81059        0.77897       21.45387
H         -2.56162        1.75758       21.05053
H         -2.80508        0.83638       22.53972
H         -3.81779        0.52315       21.13144
C         -2.21188       -1.63618       21.56712
H         -1.48654       -2.40158       21.28765
H         -3.19896       -1.94017       21.22416
H         -2.23325       -1.56062       22.65311
C          2.42297       -3.68007       23.22036
C          3.69998       -3.43968       23.73918
H          4.20145       -3.96701       24.52561
C          4.19128       -2.36347       23.02740
C          5.52201       -1.71680       23.16724
H          5.42314       -0.68338       23.49619
H          6.04999       -1.72222       22.21526
H          6.11366       -2.26224       23.89767
C          1.43618       -4.69864       23.72847
C          0.09579       -4.59954       22.99656
H         -0.31531       -3.59707       23.10514
H         -0.60954       -5.30962       23.42542
H          0.20969       -4.82995       21.93259
C          1.19923       -4.42333       25.22187
H          0.80898       -3.41783       25.36404
H          2.12413       -4.51422       25.78486
H          0.48107       -5.13436       25.62461
C          2.01760       -6.10712       23.55855
H          2.21302       -6.31442       22.50931
H          1.31818       -6.85003       23.93631
H          2.95305       -6.20564       24.10316
C          3.25853       -0.88554       17.78532
C          4.34951       -0.03372       17.96590
H          4.96502        0.42220       17.21859
C          4.48764        0.10633       19.33414
C          5.51296        0.91160       20.04907
H          6.21104        1.32443       19.32534
H          6.06398        0.29872       20.75882
H          5.05220        1.73250       20.59598
C          2.63891       -1.33079       16.48497
C          1.18204       -0.85032       16.44953
H          0.63565       -1.23919       17.30898
H          0.69454       -1.18943       15.53790
H          1.14249        0.23685       16.47971
C          3.39377       -0.72117       15.29914
H          4.42929       -1.05249       15.28954
H          3.37376        0.36511       15.34265
H          2.92737       -1.03335       14.36729
C          2.68705       -2.85927       16.36603
H          2.11672       -3.32997       17.17117
H          3.71537       -3.21191       16.41718
H          2.26419       -3.17051       15.41270
B          3.16581       -0.61496       21.42744
H          3.90809        0.11934       21.97625
