77
CSD_code = EFIPUE | q = 0 | S = 0 | Stoichiometry = C28H44O2Si2Zr | MND = 12
Zr        -1.24591       10.26233        4.21157
Si        -0.66280       14.89326        3.17687
O          0.33967       11.99829        1.85490
C         -0.51231       11.89934        2.96769
C         -0.84175       13.04613        3.59366
C          0.29837       10.92117        0.95474
C         -1.66340       15.16456        1.54454
C          1.15220       15.52129        3.00150
C         -2.99356       14.42116        1.62343
C         -1.89991       16.63327        1.21177
C          1.73202       15.19783        1.62848
C          1.27813       17.01057        3.30108
C         -2.27413        8.70134        2.55906
C         -2.76969        8.27825        3.81259
C         -3.60009        9.29717        4.32113
C         -3.63532       10.34686        3.37709
C         -2.82078        9.97888        2.28638
H          0.16764        9.95692        1.48068
H         -0.51974       11.04661        0.23147
H          1.24570       10.91629        0.41149
H         -3.63126       14.86503        2.38398
H         -3.52005       14.46426        0.66999
H         -2.83123       13.37699        1.88800
H         -2.45191       17.12417        2.01036
H         -0.95842       17.15927        1.07606
H         -2.47671       16.73362        0.29203
H          1.62488       14.13692        1.41890
H          1.21710       15.75934        0.85221
H          2.79008       15.45734        1.58576
H          0.89831       17.23808        4.29431
H          2.31977       17.32826        3.25191
H          0.71417       17.59897        2.58165
H         -1.08938       14.72253        0.72393
H          1.74920       14.98183        3.74326
H         -2.64919        7.28952        4.24135
H         -4.23313        9.22152        5.19711
H         -4.25644       11.23199        3.43479
H         -2.75024       10.51634        1.34850
H         -1.72177        8.08420        1.85702
Si        -1.82905       14.89324        5.24628
C         -1.65010       13.04613        4.82949
C         -1.97953       11.89933        5.45545
C         -0.21765        8.70140        5.86415
C          0.27780        8.27829        4.61058
C          1.10826        9.29715        4.10202
H          0.15726        7.28954        4.18187
C          1.14354       10.34687        5.04602
C          0.32897        9.97898        6.13675
H         -0.77000        8.08430        6.56623
H          1.76469       11.23197        4.98828
H          0.25845       10.51648        7.07460
H          1.74127        9.22145        3.22603
O         -2.83154       11.99825        6.56825
C         -2.79019       10.92114        7.46840
H         -2.65947        9.95689        6.94245
H         -1.97205       11.04658        8.19163
H         -3.73750       10.91624        8.01168
C         -0.82845       15.16454        6.87861
C          0.50171       14.42114        6.79970
H          1.13941       14.86504        6.03916
H          1.02820       14.46421        7.75314
H          0.33939       13.37698        6.53509
C         -0.59195       16.63325        7.21141
H         -0.03996       17.12416        6.41282
H         -1.53344       17.15924        7.34714
H         -0.01513       16.73359        8.13114
H         -1.40246       14.72249        7.69921
C         -3.64405       15.52128        5.42164
C         -4.22390       15.19780        6.79464
H         -4.11677       14.13688        7.00419
H         -3.70898       15.75928        7.57094
H         -5.28195       15.45732        6.83736
C         -3.76998       17.01057        5.12210
H         -3.39015       17.23810        4.12888
H         -4.81162       17.32827        5.17126
H         -3.20603       17.59896        5.84155
H         -4.24104       14.98184        4.67986
