57
CSD_code = EGACEU | q = 0 | S = 0 | Stoichiometry = C16H32BClFeO2Si4 | MND = 8
Fe         5.44102        7.58239        5.21661
C          6.09525        7.72931        3.62278
O          6.64985        7.92248        2.63133
C          6.54742        8.88225        5.48099
O          7.29619        9.75111        5.57508
C          3.74929        6.65459        6.28462
H          2.72940        6.99265        6.35869
C          4.25815        5.74508        5.32710
H          3.68100        5.24830        4.56711
C          5.58748        5.41592        5.69216
H          6.20538        4.67693        5.21145
C          5.91782        6.15026        6.84262
H          6.82951        6.06823        7.41037
C          4.79014        6.93447        7.19884
H          4.69503        7.51862        8.09875
B          4.14483        8.99650        4.88742
Cl         3.96243       10.07109        6.18994
Si         2.93956        9.22784        3.34635
Si         2.50633        7.27259        2.07678
C          4.03608        6.20713        1.65209
H          4.61683        5.97347        2.53866
H          4.69319        6.74197        0.97482
H          3.76717        5.26962        1.17213
C          1.70687        7.74310        0.40231
H          0.81186        8.33795        0.55041
H          1.42468        6.86859       -0.17752
H          2.38815        8.32934       -0.20558
C          1.23349        6.13797        2.95843
H          1.51121        5.94254        3.98899
H          1.12351        5.17744        2.46196
H          0.25461        6.60639        2.97458
Si         0.87442       10.06280        4.20896
C          0.28688        9.00124        5.69275
H         -0.67942        9.32470        6.07010
H          0.99248        9.06572        6.51542
H          0.19331        7.95575        5.41554
C         -0.51602       10.02045        2.89607
H         -0.71669        9.00567        2.56901
H         -0.24115       10.59830        2.02002
H         -1.44677       10.42996        3.27829
C          0.99986       11.86357        4.84443
H          1.74496       11.94568        5.62874
H          0.05705       12.22004        5.25122
H          1.28860       12.54332        4.04904
Si         3.97849       10.88443        1.98074
C          5.11708       10.15220        0.63315
H          5.90555        9.54930        1.06909
H          5.59118       10.93019        0.04045
H          4.56032        9.51784       -0.04898
C          2.66504       11.93742        1.06904
H          2.04439       11.31197        0.43540
H          3.12119       12.69230        0.43453
H          2.00867       12.44955        1.76449
C          5.03643       12.04221        3.07350
H          5.84061       11.48750        3.54918
H          4.43847       12.48894        3.86189
H          5.48839       12.85242        2.50791
