79
CSD_code = EGUPOM | q = 0 | S = 0 | Stoichiometry = C39H34FeO3Si2 | MND = 8
C          2.04860       12.96284       11.25386
C          1.54729       13.73153       10.19670
H          2.02494       14.66464        9.93740
C          0.43268       13.28523        9.52470
H          0.02157       13.87694        8.72008
C         -0.19078       12.08073        9.86690
H         -1.06756       11.76891        9.31947
C          0.28927       11.29632       10.89324
H         -0.20275       10.37145       11.15717
C          1.41364       11.72347       11.59903
C          2.07587       11.19320       12.77727
C          1.77882       10.11410       13.61461
H          0.98195        9.42973       13.36185
C          2.51031        9.94848       14.76921
H          2.28843        9.12302       15.42901
C          3.53388       10.83841       15.11696
H          4.07868       10.67606       16.03502
C          3.84607       11.91649       14.32151
H          4.61595       12.61839       14.60952
C          3.11179       12.11930       13.14150
C          3.19081       13.13730       12.11936
C          4.22803       14.16705       12.14976
C          5.56883       13.62302       11.94637
C          5.67818       12.19029       11.66694
O          6.62728       11.47428       11.85210
C          6.49138       14.61497       11.93427
Si         8.34592       14.42598       11.61476
C          9.19351       16.12838       11.49274
H          9.08062       16.70131       12.40746
H          8.79288       16.72336       10.67829
H         10.25719       16.00435       11.31460
C          8.55501       13.49490        9.96599
H          9.60200       13.42212        9.68864
H          8.03218       13.99428        9.15520
H          8.16337       12.48585       10.04084
C          9.07125       13.45699       13.08761
H          8.60066       12.48245       13.16835
H          8.92132       13.98347       14.02627
H         10.13838       13.30051       12.96396
C          5.74610       15.90571       12.16727
C          6.28311       16.68686       13.33720
C          6.42802       16.27460       14.64281
H          6.14555       15.27559       14.94000
C          6.94561       17.17268       15.56675
H          7.06840       16.86932       16.59602
C          7.30708       18.45531       15.18398
H          7.70620       19.13745       15.92029
C          7.16642       18.87227       13.86963
H          7.45370       19.87101       13.57607
C          6.65371       17.98066       12.94243
C          6.41638       18.10991       11.51452
C          6.62160       19.16639       10.64307
H          7.00571       20.11063       10.99936
C          6.32865       18.98509        9.30049
H          6.48376       19.79814        8.60639
C          5.84401       17.77223        8.83377
H          5.62987       17.65324        7.78208
C          5.63015       16.71038        9.70245
H          5.25268       15.76498        9.34158
C          5.91486       16.89068       11.03778
C          4.28838       15.50145       12.31736
Si         2.88183       16.71432       12.64197
C          1.33023       15.73779       13.16624
H          1.56429       14.99252       13.92012
H          0.87130       15.22296       12.32914
H          0.58451       16.40537       13.58693
C          3.33314       17.91792       14.05218
H          3.67164       17.39242       14.93980
H          2.47061       18.51520       14.33297
H          4.12257       18.60186       13.75854
C          2.52866       17.73482       11.06578
H          1.64224       18.34874       11.19439
H          2.36436       17.10216       10.19902
H          3.35697       18.39669       10.83130
Fe         3.99456       11.43032       11.08723
C          4.60206        9.85653       10.52459
O          5.09608        8.91580       10.09772
C          4.62210       12.13238        9.61689
O          5.10415       12.56261        8.66536
