104
CSD_code = EHULEA | q = 0 | S = 0 | Stoichiometry = C34H49F6FeN5O6S2Si | MND = 6
Fe         4.63477        9.86018       10.50624
S          5.78951       12.91465       10.88187
Si         4.26853        8.69551       16.02946
N          5.53085        9.75016        8.76987
O          5.67226       11.47247       11.02090
C          6.40303       10.49095        8.01270
F          6.37007       12.77125       13.48700
S          7.52340        8.74716       10.79865
N          6.76570        8.33010        7.58636
C          6.55989       11.86451        7.89132
H          5.95805       12.53988        8.47137
F          5.73014       14.73806       12.87870
O          7.06252       13.44572       10.52941
N          3.88102        8.07638        9.88482
C          7.54489       12.31172        7.03538
H          7.71123       13.37253        6.93514
F          4.29507       13.14594       13.06287
O          4.64004       13.50915       10.22641
O          6.15919        8.84573       11.31886
N          2.96338       10.69996        9.78869
F          8.35693        9.94817       13.03002
C          8.34381       11.42775        6.30769
H          9.10858       11.82430        5.65681
N          3.78033        9.96301       12.12510
O          8.04991        9.82463       10.03394
C          8.18696       10.05954        6.40405
H          8.81473        9.38540        5.84151
F          7.94244        7.84857       13.25506
O          7.78034        7.41808       10.28208
C          7.20452        9.59944        7.26596
F          9.76068        8.48577       12.29429
C          7.39242        7.08187        7.24819
H          6.65524        6.38084        6.85151
H          7.85257        6.66497        8.14755
H          8.15710        7.26102        6.49717
C          5.78234        8.49064        8.49896
C          4.98261        7.42601        9.16007
H          5.63785        6.92442        9.87693
H          4.61723        6.69101        8.43046
C          3.30400        7.17639       10.87965
H          2.73324        7.77167       11.59112
H          4.08974        6.66102       11.42484
C          2.37344        6.24540       10.09460
H          2.92235        5.38298        9.71869
H          1.55813        5.87725       10.71312
C          1.87312        7.12557        8.93841
H          0.82773        7.39723        9.07501
H          1.95501        6.60823        7.98372
C          2.76616        8.38746        8.97600
H          3.17374        8.63558        7.99538
C          2.00991        9.61270        9.50437
H          1.51189        9.33471       10.43552
C          1.00980       10.16703        8.46371
H          0.91470        9.47850        7.62524
H          0.01883       10.29781        8.89573
C          1.60514       11.50857        8.01098
H          1.06054       12.34374        8.44862
H          1.58133       11.62481        6.93009
C          3.03863       11.46462        8.54518
H          3.68844       10.92999        7.85564
H          3.47187       12.44202        8.73886
C          2.47889       11.53170       10.89524
H          1.41538       11.77723       10.79820
H          3.06199       12.45858       10.87091
C          2.76650       10.83577       12.18521
C          2.09128       11.08522       13.36739
H          1.28166       11.79813       13.38322
C          2.49591       10.43742       14.52316
H          1.99473       10.63803       15.45616
C          3.56185        9.54003       14.47587
C          4.15936        9.35099       13.24112
H          4.99794        8.69308       13.10618
C          5.50861        9.94453       16.80355
H          5.86718        9.55925       17.76424
C          4.85523       11.30101       17.06580
H          5.57519       11.98503       17.51145
H          4.01003       11.21033       17.74430
H          4.50830       11.74002       16.13364
C          6.72053       10.13284       15.89179
H          7.41318       10.85116       16.32640
H          6.41991       10.51157       14.91866
H          7.25318        9.19794       15.74468
C          5.18956        7.10410       15.46488
H          5.90651        7.42568       14.70468
C          5.99888        6.44236       16.57921
H          6.59646        5.62605       16.17650
H          5.34769        6.03564       17.34857
H          6.67236        7.15508       17.04586
C          4.27453        6.07237       14.80699
H          4.86636        5.29489       14.32609
H          3.63950        6.53700       14.05637
H          3.63943        5.59457       15.54918
C          2.76994        8.43544       17.22752
H          2.41294        9.43312       17.50518
C          1.59393        7.70603       16.57833
H          0.73337        7.70417       17.24639
H          1.85307        6.67335       16.36493
H          1.30408        8.18370       15.64599
C          3.15808        7.73035       18.52575
H          2.32135        7.72452       19.22332
H          3.99662        8.22923       19.00320
H          3.43752        6.69851       18.33182
C          5.55205       13.43189       12.67172
C          8.46162        8.76917       12.42372
