93
CSD_code = ELIZUW | q = 0 | S = 0 | Stoichiometry = C32H55N2OSi2Y | MND = 9
Y          3.98210        6.48088        7.63696
Si         0.51465        7.74478       11.54304
Si         3.17530        4.71180        4.96381
C          4.05618        7.46558        4.72888
N          3.23607        8.24840        8.99964
O          6.35954        7.61151        8.16465
C          1.86754        7.32663        5.46758
C          2.94059        7.48444       10.04014
N          3.13150        6.18960        9.80090
C          2.41829        7.99510       11.35099
H          2.64878        9.05499       11.44384
H          2.93693        7.48664       12.16298
C          0.58291        6.79603        6.03523
H         -0.02894        7.60332        6.43611
H          0.77685        6.08432        6.84115
H         -0.00373        6.28965        5.26530
C          4.76393        4.03872        5.79750
C          3.01983        9.67562        8.93474
H          3.19750       10.16564        9.90881
C          2.07234        8.57496        4.92555
C          5.43816        7.08141        4.28080
H          5.42792        6.79770        3.22609
H          5.82442        6.23680        4.85139
H          6.13208        7.91640        4.38437
C         -0.25527        6.99630        9.96431
H          0.52308        6.67378        9.27635
H         -0.88160        7.71074        9.43814
H         -0.87281        6.13281       10.19473
C          1.58839        9.97852        8.47974
H          1.42072        9.50946        7.51377
H          1.43328       11.05181        8.38821
H          0.87267        9.57577        9.19058
C          3.42520        8.66033        4.46994
C          1.76668        3.67652        5.76003
H          1.72769        3.82711        6.83766
H          1.94552        2.62016        5.58472
H          0.79468        3.91594        5.34485
C          3.99914        9.87342        3.80836
H          5.07121        9.76847        3.65784
H          3.81945       10.76792        4.40706
H          3.53467       10.03216        2.83373
C          3.10556        6.56326        5.38299
C          4.01346       10.25064        7.92067
H          5.03585       10.09931        8.26212
H          3.84613       11.31763        7.78553
H          3.88396        9.74459        6.96179
C          5.16648        4.64173        7.01491
C          1.08625        9.68898        4.76686
H          0.90049        9.87836        3.70821
H          1.46591       10.61457        5.20274
H          0.13504        9.44925        5.23659
C          7.01175        3.03485        7.08213
H          7.88844        2.65124        7.58894
C          6.30359        4.09822        7.62647
H          6.66476        4.51393        8.56745
C          6.59694        2.46757        5.89184
H          7.14397        1.63941        5.46137
C          3.00552        5.16297       10.81118
H          2.28980        5.45080       11.59379
C          5.47284        2.97092        5.26140
H          5.14164        2.52843        4.33135
C         -0.26537        9.44088       11.95507
H         -1.34689        9.36126       12.00455
H         -0.02744       10.20395       11.22063
H          0.07690        9.80116       12.92095
C          7.45448        7.93954        7.29627
H          7.12020        8.73986        6.62542
H          7.70914        7.05768        6.69988
C          6.74751        7.85798        9.51867
H          7.09749        6.92105        9.97555
H          5.86736        8.21350       10.05924
C          0.15390        6.60335       13.03607
H          0.74724        6.87600       13.90431
H          0.34999        5.55770       12.81868
H         -0.89083        6.68220       13.32104
C          2.48943        3.88806       10.13724
H          1.50245        4.06382        9.71275
H          2.41925        3.07604       10.85778
H          3.17055        3.59458        9.33494
C          4.37117        4.89464       11.46098
H          5.08229        4.59664       10.69102
H          4.29604        4.10071       12.20075
H          4.74457        5.79353       11.94876
C          3.14244        4.37421        3.07978
H          2.32503        4.91321        2.61197
H          3.00803        3.31859        2.86670
H          4.06186        4.69609        2.60307
C          8.61054        8.40206        8.18604
H          9.26699        7.56469        8.42364
H          9.19925        9.18623        7.71642
C          7.88275        8.87219        9.44359
H          7.48500        9.87756        9.30029
H          8.51095        8.86165       10.33077
