36
CSD_code = ENEBUU | q = 0 | S = 0 | Stoichiometry = C11H16NO5PSiW | MND = 6
W          4.95948        0.81460        7.63399
P          3.42901        2.84269        7.99896
Si         1.30232        2.77619        7.24816
N          4.84648        5.19441        8.31284
O          6.68483       -1.73229        7.10666
O          3.12275       -0.92814        9.49700
O          3.31242        0.08072        5.06349
O          6.86353        2.34316        5.65839
O          6.74921        1.36144       10.15826
C          6.05047       -0.79906        7.30213
C          3.76098       -0.25992        8.82454
C          3.87597        0.36980        6.01717
C          6.16723        1.82419        6.40538
C          6.08440        1.19800        9.24089
C          0.67662        1.01911        7.64052
H         -0.32494        0.85677        7.25486
H          0.65246        0.84155        8.71202
H          1.32648        0.26828        7.19871
C          1.25614        3.13189        5.36815
H          0.23750        3.13876        4.99196
H          1.80679        2.37593        4.81619
H          1.70205        4.09551        5.13679
C          0.23894        4.06839        8.17732
H          0.39594        5.07255        7.79629
H          0.46151        4.07519        9.23982
H         -0.81584        3.84197        8.06185
C          3.71871        4.51837        8.03454
H          2.86399        5.16215        7.86698
C          4.82312        6.61480        8.54553
H          5.63957        7.09301        7.99925
H          4.94599        6.83849        9.61071
H          3.88066        7.03941        8.20666
C          6.06021        4.52513        8.69038
H          6.10150        4.35611        9.77224
H          6.91822        5.13102        8.39764
H          6.11501        3.55913        8.18654
