76
CSD_code = ENUYET | q = 0 | S = 0 | Stoichiometry = C34H37BrFeP2Si | MND = 8
Br         8.76832        7.54977        3.93744
Fe         9.67358        5.44348        4.27842
C         11.38891        7.57891        6.04624
H         12.32388        7.72829        6.59457
H         11.18674        8.49240        5.47607
C         10.20909        7.25681        6.97150
H          9.50944        8.09562        6.98923
H         10.54564        7.08166        7.99742
P         11.59088        6.25128        4.76936
C         12.61588        7.09416        3.52520
C         13.94455        7.41982        3.78243
H         14.38753        7.15635        4.73390
C         14.69162        8.06921        2.81837
H         15.72331        8.32150        3.01708
C         14.11997        8.39637        1.59816
H         14.70911        8.90271        0.84766
C         12.79760        8.07592        1.34131
H         12.35118        8.33458        0.39273
C         12.04595        7.42375        2.30219
H         11.01199        7.17474        2.11482
C         12.80531        5.11075        5.50136
C         13.01266        4.98932        6.87020
H         12.49912        5.64140        7.56109
C         13.87916        4.02883        7.36117
H         14.03479        3.94502        8.42705
C         14.53686        3.17375        6.49409
H         15.20920        2.42221        6.88085
C         14.33185        3.28430        5.12733
H         14.84441        2.61926        4.44718
C         13.46935        4.24412        4.63610
H         13.30857        4.33999        3.57062
P          9.28063        5.73566        6.38612
C          7.60165        6.00846        7.04331
C          6.95512        7.23796        6.96425
H          7.44351        8.08609        6.50858
C          5.66313        7.37490        7.44024
H          5.17269        8.33497        7.37862
C          4.99758        6.28912        7.98286
H          3.99068        6.40091        8.35681
C          5.62108        5.05260        8.02929
H          5.09921        4.19620        8.43186
C          6.91009        4.91061        7.55291
H          7.39241        3.94198        7.57972
C          9.86195        4.53055        7.63735
C          9.70363        4.79462        8.99652
H          9.19565        5.69663        9.31290
C         10.17672        3.90145        9.93758
H         10.05214        4.11317       10.98985
C         10.80764        2.73345        9.53536
H         11.17719        2.03815       10.27474
C         10.95667        2.45943        8.18779
H         11.44391        1.54963        7.86829
C         10.48567        3.35715        7.24544
H         10.60137        3.15893        6.19350
C          8.20199        4.38747        3.15816
C          8.83881        3.52573        4.08425
H          8.33913        2.95967        4.85337
C         10.22247        3.48363        3.79731
H         10.95968        2.83020        4.23360
C         10.45408        4.30438        2.66166
H         11.39195        4.41837        2.14274
C          9.22762        4.86002        2.28248
H          9.05957        5.50078        1.43289
Si         6.36461        4.65340        2.85241
C          6.15817        5.88303        1.41423
H          6.62541        6.83409        1.65086
H          5.10739        6.07390        1.21995
H          6.59742        5.51025        0.49340
C          5.46668        5.30899        4.39173
H          5.59290        4.64807        5.24323
H          4.40206        5.40830        4.20625
H          5.84449        6.28599        4.67279
C          5.66428        2.93969        2.37802
H          6.16426        2.52733        1.50703
H          4.60688        3.01325        2.14670
H          5.77418        2.22614        3.18884
