55
CSD_code = EROLOO | q = 0 | S = 0 | Stoichiometry = C21H29N3SiTi | MND = 8
Ti         5.86446        9.91375        8.26532
Si         5.94669       12.55036        6.98482
N          5.53029        8.41051        7.27201
N          7.18043        9.42244        9.43321
N          6.79231       11.02920        6.96010
C          4.75712       11.92054        8.30808
C          3.79981       10.92986        7.98219
H          3.23630       10.90300        7.05447
C          3.60615       10.05363        9.06376
H          2.83753        9.29043        9.13699
C          4.39206       10.53850       10.14996
C          4.46122       10.17930       11.50578
H          3.86589        9.35623       11.88375
C          5.26179       10.91112       12.34965
H          5.31108       10.65751       13.39946
C          6.01385       11.99750       11.87629
H          6.63070       12.54767       12.57348
C          5.96103       12.38364       10.55742
H          6.50967       13.25189       10.21656
C          5.13447       11.67849        9.66768
C          4.98932       12.99659        5.37916
H          4.64565       12.10877        4.85525
H          5.61434       13.55681        4.69208
H          4.12114       13.60943        5.59984
C          7.03170       14.05026        7.48048
H          7.50883       14.48301        6.60741
H          7.81744       13.76301        8.17301
H          6.43767       14.82958        7.94619
C          4.89107        8.58873        5.98983
H          4.93789        9.63936        5.68602
H          3.83480        8.26258        6.01343
H          5.40108        7.99119        5.21651
C          5.68300        7.01043        7.57666
H          6.28548        6.87704        8.47651
H          6.18065        6.47999        6.74800
H          4.70108        6.52664        7.73101
C          8.39490       10.18148        9.61238
H          8.37717       10.72927       10.57069
H          8.51204       10.89971        8.79562
H          9.27638        9.51928        9.62550
C          7.01521        8.45715       10.49176
H          6.02104        7.99858       10.43704
H          7.12311        8.93334       11.48038
H          7.77774        7.66065       10.42947
C          7.79980       10.61352        6.13410
C          8.39011        9.34751        6.30773
H          8.03142        8.71808        7.11956
C          9.40083        8.91658        5.47231
H          9.83677        7.93870        5.62533
C          9.86712        9.72166        4.44404
H         10.65849        9.37917        3.79460
C          9.30476       10.97483        4.26595
H          9.65973       11.61706        3.47198
C          8.29192       11.41557        5.09255
H          7.86156       12.39515        4.94487
