39
CSD_code = ESITIJ | q = 0 | S = 0 | Stoichiometry = C15H20Cl2SiZr | MND = 12
Zr         2.33159        0.77529        2.80240
Cl         1.06432       -0.88422        3.84932
Cl         2.24124       -0.11569        0.64323
Si         3.89609        3.70452        2.92495
C          2.07316        3.21097        2.78853
C          1.43888        2.74325        1.60696
H          1.73631        2.98619        0.59277
C          0.27197        2.03564        1.96862
H         -0.47025        1.64016        1.28469
C          0.17994        2.03918        3.37668
H         -0.65117        1.65786        3.95778
C          1.29907        2.72950        3.88528
H          1.45048        2.99345        4.92658
C          4.43314        1.93559        3.33896
C          4.03156        1.26204        4.52606
H          3.83709        1.73538        5.48220
C          4.11801       -0.12933        4.31161
H          3.99177       -0.89216        5.07079
C          4.53802       -0.34479        2.97184
C          4.71589        0.92772        2.37522
H          5.11328        1.09854        1.37984
C          4.84673       -1.67850        2.33943
H          4.99009       -1.52585        1.26157
C          3.68936       -2.66199        2.54110
H          3.50563       -2.83495        3.60091
H          3.92696       -3.61684        2.07614
H          2.77434       -2.27618        2.08471
C          6.14424       -2.24282        2.93121
H          6.02700       -2.41955        3.99798
H          6.96341       -1.54194        2.78700
H          6.40241       -3.18329        2.45049
C          4.24780        4.94647        4.32510
H          5.31493        5.10026        4.44226
H          3.85648        4.60679        5.27824
H          3.79705        5.90841        4.10713
C          4.59685        4.26895        1.24670
H          5.67282        4.39398        1.29889
H          4.17059        5.22129        0.95104
H          4.38231        3.54957        0.46152
