78
CSD_code = EYITAJ | q = 0 | S = 0 | Stoichiometry = C27H44ClFeN3Si2 | MND = 3
C         -1.15512        3.73841        9.70308
C         -2.88246        4.05061       11.25358
H         -2.71558        4.45365       12.25501
H         -3.91177        4.28118       10.95783
C         -2.55698        2.55952       11.16779
H         -3.39765        1.95986       10.80009
H         -2.23737        2.14819       12.12737
C         -0.91260        1.29663        9.78661
C         -0.11236        0.56459       10.66513
C          0.32974       -0.69045       10.27048
H          0.94934       -1.26263       10.94613
C          0.00962       -1.21697        9.02903
C         -0.74069       -0.44495        8.15165
H         -0.96711       -0.83416        7.16922
C         -1.20179        0.81124        8.50741
C         -2.01537        6.02148       10.00723
C         -2.59799        6.41882        8.80066
C         -2.74429        7.77006        8.53841
H         -3.19976        8.08304        7.60933
C         -2.31299        8.73107        9.44337
C         -1.71397        8.31218       10.62015
H         -1.35251        9.05042       11.32167
C         -1.55388        6.96650       10.92390
C          1.02051        1.39800        5.11311
H          0.12501        0.95954        5.53766
H          1.66271        0.58708        4.78509
H          0.72864        1.96361        4.23442
C          3.65106        2.91558        5.62555
H          3.57054        3.27048        4.60435
H          4.27960        2.03029        5.61789
H          4.16219        3.67891        6.20255
C          2.18650        1.62188        8.03330
H          3.19551        1.76361        8.40371
H          2.00489        0.55598        7.96346
H          1.50616        2.01808        8.79019
C          0.31260        1.14205       11.98006
H         -0.44016        0.97204       12.75067
H          0.48160        2.21348       11.88119
H          1.23624        0.67415       12.31057
C          0.50314       -2.56917        8.61215
H          1.35840       -2.46340        7.94420
H         -0.27159       -3.11449        8.07693
H          0.81520       -3.15338        9.47403
C         -1.95474        1.66151        7.53105
H         -2.83798        2.10217        7.98851
H         -2.26087        1.07950        6.66618
H         -1.30099        2.47508        7.19639
C         -3.01721        5.38720        7.79839
H         -2.13983        4.81658        7.48561
H         -3.46096        5.85746        6.92566
H         -3.74037        4.69495        8.22762
C         -2.49867       10.18784        9.14435
H         -2.23772       10.40407        8.11037
H         -1.88319       10.80048        9.79778
H         -3.54139       10.47053        9.29189
C         -0.86486        6.55223       12.18535
H         -0.16437        5.74565       11.97188
H         -1.58120        6.21341       12.93405
H         -0.31500        7.39018       12.60484
N         -1.94449        4.63621       10.29858
N         -1.46506        2.53298       10.19753
N          1.01297        3.92562        6.77415
Si         1.93676        2.51670        6.36543
Si         0.65056        5.30569        5.79426
Cl         1.26905        4.51940       10.31542
Fe         0.34409        4.02174        8.45580
C          0.29281        6.68681        7.06851
H         -0.57686        7.27887        6.80974
H          1.13658        7.36269        7.15142
H          0.11951        6.26870        8.06494
C          2.04095        5.88021        4.62224
H          2.98161        6.00542        5.14686
H          1.78629        6.83118        4.16463
H          2.19921        5.16323        3.82394
C         -0.87943        4.95826        4.69008
H         -0.59071        4.37690        3.82040
H         -1.32044        5.88258        4.33135
H         -1.65156        4.40116        5.20982
