110
CSD_code = FACGIC | q = 0 | S = 0 | Stoichiometry = C49H54N2OP2RuSi | MND = 6
Ru         6.57416        3.98101       13.77360
H          5.15756        4.53136       14.12546
P          5.15843        2.04275       13.31541
Si         6.94935        6.37040       13.67096
P          7.11365        3.80509       16.01229
O          9.27094        2.99739       12.90196
N          6.12637        4.26566       10.52122
N          5.12929        2.79262       11.74417
C          4.80743        4.85999       17.13732
H          4.70050        5.33159       16.17157
C          5.88967        4.01814       17.35991
C          8.25187        3.39599       13.28689
C          3.88015        5.09728       18.13648
H          3.04882        5.76029       17.94789
C          4.02241        4.49038       19.37185
H          3.29981        4.67095       20.15438
C          5.09866        3.64843       19.60459
H          5.21607        3.17462       20.56901
C          6.03051        3.41516       18.61020
H          6.86862        2.75976       18.80648
C          8.52035        4.77230       16.70206
C          8.59875        5.19408       18.02503
H          7.79893        4.98228       18.71778
C          9.69201        5.92222       18.46124
H          9.73545        6.25105       19.48980
C         10.71958        6.24023       17.58957
H         11.56468        6.81785       17.93413
C         10.65078        5.82410       16.27077
H         11.43697        6.07789       15.57508
C          9.55914        5.09760       15.83391
H          9.49438        4.80325       14.79685
C          7.73715        2.11995       16.39737
C          9.07854        1.80132       16.20905
H          9.77285        2.56715       15.89341
C          9.52983        0.51214       16.42849
H         10.57340        0.27729       16.27724
C          8.65138       -0.47346       16.84680
H          9.00686       -1.47691       17.02902
C          7.31291       -0.16712       17.02938
H          6.62271       -0.93294       17.35556
C          6.85546        1.11683       16.79078
H          5.80690        1.35317       16.92211
C          5.78316        0.29762       12.84038
C          5.25908       -0.29865       11.53556
H          5.66453       -1.30535       11.43135
H          5.59699        0.28013       10.67855
H          4.17805       -0.37597       11.50791
C          5.52758       -0.64986       14.01055
H          4.48744       -0.95701       14.07645
H          5.81715       -0.17439       14.94524
H          6.13193       -1.54917       13.89220
C          7.29647        0.47005       12.69845
H          7.73812        0.80292       13.63798
H          7.53684        1.19453       11.91882
H          7.75969       -0.47800       12.42729
C          3.29665        1.94620       13.71956
C          3.23968        1.79091       15.24087
H          2.21229        1.86998       15.59434
H          3.82430        2.58034       15.71592
H          3.63374        0.82595       15.55485
C          2.65312        3.27945       13.33031
H          2.62345        3.40702       12.24890
H          3.19604        4.11521       13.76451
H          1.63044        3.31162       13.70380
C          2.48829        0.84038       13.04306
H          2.83350       -0.15468       13.30499
H          2.49431        0.95230       11.96099
H          1.45212        0.92239       13.37308
C          6.01536        3.83347       11.78843
C          5.28330        3.54359        9.70191
H          5.20210        3.75249        8.65461
C          4.65906        2.61812       10.46277
H          3.92052        1.89211       10.19061
C          7.02820        5.26574       10.01966
H          7.65322        5.62133       10.83566
H          6.47488        6.11091        9.60804
H          7.65696        4.83406        9.23758
C          8.69435        7.16342       13.45138
C          9.69428        6.51612       12.73524
H          9.49227        5.54616       12.30131
C         10.94824        7.07568       12.56623
H         11.70716        6.54516       12.00695
C         11.23124        8.31391       13.11611
H         12.21098        8.75457       12.99364
C         10.24499        8.98501       13.81852
H         10.45206        9.95826       14.24241
C          8.99400        8.41543       13.97692
H          8.23088        8.95758       14.51518
C          6.20973        7.33124       15.17457
C          6.95270        7.56569       16.32750
H          8.00025        7.30640       16.34236
C          6.38516        8.14250       17.44948
H          6.98778        8.30489       18.33300
C          5.05163        8.51225       17.44112
H          4.60369        8.96089       18.31699
C          4.29984        8.31136       16.29600
H          3.26047        8.61122       16.27265
C          4.87450        7.72492       15.18255
H          4.27461        7.57028       14.29723
C          5.98189        7.23072       12.23109
C          4.72456        6.77921       11.84304
H          4.29314        5.92702       12.34968
C          4.01610        7.38538       10.82121
H          3.03940        7.01175       10.54187
C          4.55693        8.47253       10.15525
H          4.00912        8.95018        9.35469
C          5.80459        8.94276       10.52813
H          6.23409        9.79392       10.01765
C          6.50254        8.32726       11.55303
H          7.47562        8.70439       11.82990
