54
CSD_code = FECLOO | q = 0 | S = 0 | Stoichiometry = C19H27CrNO5Si | MND = 9
Cr         2.53748        3.24113        6.90331
Si         3.18995        0.91322        9.75729
O          5.30946        2.17133        8.08723
O          6.63097        0.78273        6.89712
O          3.93698        5.48349        8.26488
O          0.33000        4.24602        8.62531
O          1.54634        5.50314        5.24226
N          7.52857        2.13461        8.49703
C          4.22705        1.86246        7.27931
C          3.11222        1.28299        7.89994
C          1.97629        1.06134        7.09858
C          1.98037        1.34073        5.72919
C          3.12776        1.89312        5.13601
C          4.27005        2.13214        5.90041
C          6.53026        1.63016        7.75271
C          8.85891        1.52672        8.39736
C          8.81470        0.04532        8.77046
C          9.46120        1.73045        7.00823
C          7.32097        3.24556        9.42347
C          7.43701        2.78271       10.87551
C          8.26599        4.40883        9.12237
C          3.36982        2.56331       10.69131
C          1.54486        0.08356       10.25292
C          4.61958       -0.30835       10.09681
C          3.41001        4.60276        7.73122
C          1.16757        3.81491        7.95292
C          1.93437        4.59670        5.84569
H          1.11339        0.57574        7.53882
H          1.12315        1.08985        5.11631
H          3.15684        2.05525        4.06476
H          5.18847        2.48117        5.44617
H          9.48318        2.04563        9.12835
H          8.37673       -0.08680        9.75747
H          8.22396       -0.50651        8.04559
H          9.82329       -0.35934        8.78040
H          8.86431        1.21024        6.26549
H          9.49459        2.78794        6.75787
H         10.47319        1.33485        6.98584
H          6.30241        3.60162        9.25489
H          6.74120        1.96985       11.06851
H          8.44488        2.44376       11.10373
H          7.19493        3.60797       11.53948
H          9.29854        4.17105        9.36515
H          8.20586        4.68066        8.07164
H          7.96738        5.26987        9.71391
H          4.26871        3.09538       10.39973
H          2.52675        3.21618       10.47903
H          3.40845        2.40762       11.76519
H          0.70025        0.74538       10.08813
H          1.36240       -0.83885        9.70939
H          1.55919       -0.16346       11.30896
H          4.46851       -1.25053        9.57714
H          5.57934        0.08488        9.77898
H          4.68634       -0.52802       11.15799
