88
CSD_code = FEPJUG | q = 0 | S = 0 | Stoichiometry = C25H55HfPSi6 | MND = 13
Hf         4.15467       22.30537       19.11646
P          4.43028       24.07445       16.39590
Si         2.24744       19.68958       16.04208
Si         4.13973       20.29788       17.36787
Si         3.94973       19.79940       20.19489
Si         2.00166       18.58326       20.95331
Si         5.93733       19.31011       16.13247
Si         5.69475       18.38451       21.06451
C          6.88685       22.00347       19.45178
H          7.49723       21.19186       19.10218
C          6.56744       23.15383       18.71871
H          6.95334       23.39575       17.73926
C          5.85100       24.03287       19.56693
H          5.62954       25.07154       19.36062
C          5.73578       23.39966       20.82779
H          5.39100       23.86600       21.73947
C          6.38175       22.15574       20.74828
H          6.55398       21.48598       21.57388
C          1.58930       22.34483       19.48135
H          0.99359       21.45641       19.37691
C          2.12081       22.84583       20.68391
H          1.97555       22.41977       21.66543
C          2.70243       24.09606       20.41253
H          3.05893       24.80076       21.14915
C          2.54516       24.36217       19.04160
H          2.75981       25.30607       18.55977
C          1.85649       23.27542       18.46450
H          1.46970       23.23224       17.45781
C          5.38826       25.66122       16.30688
H          6.38790       25.51478       16.70883
H          4.88486       26.41815       16.90609
H          5.46358       26.01549       15.27970
C          2.97172       24.63860       15.40343
H          2.37274       25.33486       15.98591
H          2.35436       23.77885       15.15461
H          3.29060       25.12438       14.48249
C          5.28475       23.15448       15.03759
H          5.42114       23.78567       14.16074
H          4.67923       22.29050       14.77396
H          6.25376       22.79809       15.37707
C          0.56100       19.96473       16.89694
H         -0.25943       19.57777       16.29843
H          0.36489       21.01670       17.07107
H          0.52761       19.46008       17.85623
C          2.08554       20.63071       14.37140
H          1.27961       20.23395       13.75869
H          2.99760       20.56669       13.78654
H          1.87495       21.68368       14.53536
C          2.27947       17.82798       15.59268
H          2.37445       17.22145       16.48757
H          3.12044       17.58942       14.95014
H          1.37558       17.51165       15.07840
C          0.30532       19.47392       21.06605
H         -0.11823       19.65998       20.08455
H          0.37614       20.42753       21.57821
H         -0.41622       18.87008       21.61150
C          1.68176       17.09047       19.79466
H          0.88399       16.45140       20.16382
H          2.56929       16.47720       19.68729
H          1.39878       17.42590       18.80199
C          2.21554       17.88703       22.73174
H          1.33107       17.34862       23.06377
H          2.39252       18.68709       23.44477
H          3.05399       17.20235       22.79497
C          7.66580       20.08467       16.42615
H          8.36232       19.82746       15.63285
H          8.09734       19.73216       17.35619
H          7.62314       21.16735       16.48199
C          6.09460       17.46244       16.60748
H          5.18341       16.92321       16.37133
H          6.27137       17.34780       17.67178
H          6.91111       16.97124       16.08453
C          5.75161       19.32629       14.21749
H          5.81675       20.33131       13.81135
H          4.79527       18.91256       13.91560
H          6.52616       18.73346       13.73637
C          5.34457       16.51894       20.78387
H          6.15944       15.89434       21.14118
H          5.21400       16.30834       19.72684
H          4.44253       16.19721       21.29253
C          7.44991       18.62266       20.33864
H          7.91129       19.53674       20.69429
H          7.42479       18.66426       19.25513
H          8.10630       17.80155       20.61584
C          5.92816       18.62711       22.95624
H          6.66845       17.94314       23.36418
H          5.00255       18.46552       23.49782
H          6.26275       19.63505       23.18357
