99
CSD_code = FEQWIH | q = 0 | S = 0 | Stoichiometry = C48H44N2O2Si2Zr | MND = 6
Zr        13.65074        4.71329       10.72210
Si        11.48653        2.49034       12.13182
O         12.58432        3.62910       11.98241
N         12.94215        6.53511       11.82695
C         15.41383        5.25565       12.13918
H         15.13248        4.97555       13.16328
H         15.72867        6.30605       12.14050
H         16.26625        4.63642       11.83377
C         13.28082        7.76142       11.34724
C         12.93646        8.92951       12.04608
H         13.21375        9.89805       11.66250
C         12.24478        8.83813       13.23221
H         11.96857        9.72773       13.77729
C         11.91514        7.57164       13.72281
H         11.38088        7.45976       14.65212
C         12.28937        6.46480       12.99124
H         12.06544        5.46037       13.33679
C         12.08666        1.10525       13.29387
C         12.61272       -0.07510       12.77921
H         12.63399       -0.21756       11.70757
C         13.10396       -1.06517       13.61105
H         13.51184       -1.97316       13.18969
C         13.07570       -0.89260       14.98445
H         13.45836       -1.66383       15.63784
C         12.55489        0.27482       15.51674
H         12.53002        0.41592       16.58873
C         12.06927        1.26090       14.67582
H         11.66656        2.17215       15.09663
C         11.09176        1.68532       10.45127
C          9.99741        0.84782       10.25974
H          9.33261        0.65122       11.08920
C          9.75037        0.26596        9.02922
H          8.89675       -0.38517        8.89995
C         10.59521        0.51966        7.96103
H         10.40360        0.06749        6.99829
C         11.68727        1.35368        8.13251
H         12.35248        1.55328        7.30489
C         11.93351        1.92557        9.36980
H         12.80342        2.56755        9.50894
C          9.86133        3.22311       12.80705
C          9.00873        2.50429       13.63680
H          9.27733        1.49640       13.92005
C          7.83059        3.05690       14.10779
H          7.18215        2.48082       14.75316
C          7.48095        4.34886       13.75317
H          6.56216        4.78359       14.12067
C          8.31458        5.07941       12.92280
H          8.04528        6.08754       12.63838
C          9.48893        4.51717       12.45522
H         10.13864        5.08881       11.80264
O         14.71480        3.63013        9.45956
Si        15.81308        2.49191        9.31039
C         15.21340        1.10662        8.14841
C         14.68809       -0.07391        8.66341
H         14.66641       -0.21580        9.73510
C         14.19766       -1.06461        7.83186
H         13.78977       -1.97247        8.25356
C         14.22594       -0.89245        6.45842
H         13.84382       -1.66413        5.80525
C         14.74609        0.27510        5.92580
H         14.77055        0.41601        4.85380
C         15.23087        1.26184        6.76641
H         15.63284        2.17328        6.34536
C         16.20781        1.68666       10.99072
C         17.30250        0.84926       11.18114
H         17.96614        0.65256       10.35082
C         17.55043        0.26683       12.41119
H         18.40375       -0.38477       12.53933
C         16.70641        0.52025       13.48013
H         16.89868        0.06762       14.44248
C         15.61449        1.35469       13.30996
H         14.94953        1.55344       14.13807
C         15.36692        1.92668       12.07293
H         14.49661        2.56850       11.93468
C         17.43855        3.22450        8.63566
C         18.29108        2.50483        7.80655
H         18.02165        1.49721        7.52319
C         19.46963        3.05660        7.33563
H         20.11789        2.47987        6.69067
C         19.81962        4.34868        7.68946
H         20.73884        4.78268        7.32222
C         18.98616        5.07999        8.51936
H         19.25598        6.08806        8.80352
C         17.81154        4.51846        8.98718
H         17.16229        5.09055        9.63979
C         14.02107        7.76118       10.09585
N         14.36021        6.53470        9.61699
C         11.88923        5.25639        9.30399
H         12.17103        4.97339        8.28090
H         11.57591        6.30717        9.30004
H         11.03604        4.63881        9.61040
C         15.01261        6.46383        8.45254
C         15.38660        7.57030        7.72034
C         15.05615        8.83699        8.20986
C         14.36425        8.92889        9.39581
H         14.08580        9.89754        9.77823
H         15.33188        9.72632        7.66405
H         15.92183        7.45792        6.79162
H         15.23783        5.45934        8.10820
