77
CSD_code = FIFQER | q = 0 | S = 0 | Stoichiometry = C24H44N4Si4Zr | MND = 4
Zr        -0.00523        4.81732        3.66922
Si         0.17911        3.67407        0.64634
Si         3.01482        5.96088        3.89642
N          0.08495        3.28262        2.30234
N          1.36126        6.35198        3.76520
C          0.04015        2.05796        2.95514
C          0.08043        0.83747        2.29083
C          0.03720       -0.36502        2.97994
C          0.70846        7.57663        3.72031
C          1.37222        8.79710        3.76887
C          0.68355        9.99958        3.71920
C          0.21822        5.59535        0.78408
C          1.76711        3.10773       -0.28103
C         -1.34022        3.18106       -0.42757
C          4.14617        6.51130        2.44027
C          2.88278        4.03922        3.85489
C          3.87693        6.47011        5.54003
H          3.32213        6.12071        6.40721
H          3.96095        7.54873        5.62378
H          4.87991        6.06084        5.60415
H          0.14730        0.84601        1.21226
H          0.07055       -1.29609        2.43381
H          2.45003        8.78864        3.84669
H          1.22917       10.93069        3.75865
H         -0.69036        5.97099        1.26772
H          0.27927        6.06243       -0.19533
H          1.08866        5.92994        1.35898
H          1.82361        3.54837       -1.27129
H          1.79093        2.02977       -0.40408
H          2.66756        3.39176        0.25795
H         -2.26318        3.59285       -0.02701
H         -1.45962        2.10343       -0.47132
H         -1.23647        3.53752       -1.44718
H          5.15252        6.12114        2.55353
H          3.76426        6.16388        1.48360
H          4.22204        7.59227        2.38439
H          3.86222        3.57243        3.91771
H          2.41904        3.69871        2.92237
H          2.29139        3.66873        4.69929
Si        -0.18963        3.67408        6.69211
Si        -3.02529        5.96089        3.44209
N         -0.09540        3.28262        5.03611
N         -1.37172        6.35198        3.57323
C         -0.05061        2.05796        4.38332
C         -0.09092        0.83747        5.04763
C         -0.04772       -0.36502        4.35852
C         -0.71893        7.57664        3.61815
C         -1.38268        8.79710        3.56962
C         -0.69401        9.99958        3.61932
C         -0.22879        5.59535        6.55438
C         -1.77765        3.10766        7.61941
C          1.32967        3.18115        7.76610
C         -4.15657        6.51137        4.89827
C         -2.89326        4.03922        3.48368
C         -3.88747        6.47004        1.79850
H         -3.33267        6.12065        0.93132
H         -3.97155        7.54865        1.71473
H         -4.89043        6.06072        1.73441
H         -0.15778        0.84601        6.12620
H         -0.08110       -1.29608        4.90465
H         -2.46049        8.78864        3.49180
H         -1.23963       10.93070        3.57990
H          0.67980        5.97101        6.07079
H         -0.28992        6.06244        7.53378
H         -1.09921        5.92992        5.97942
H         -1.83425        3.54832        8.60966
H         -1.80141        2.02971        7.74248
H         -2.67809        3.39162        7.08038
H          2.25263        3.59295        7.36553
H          1.44911        2.10353        7.80990
H          1.22589        3.53766        8.78568
H         -5.16292        6.12119        4.78509
H         -3.77460        6.16402        5.85495
H         -4.23245        7.59234        4.95409
H         -3.87270        3.57242        3.42091
H         -2.42946        3.69873        4.41618
H         -2.30191        3.66872        2.63925
