39
CSD_code = FIJQEW | q = 0 | S = 0 | Stoichiometry = C14H20MoP2Si2 | MND = 12
Mo         1.52073        4.27203        1.11345
P          0.57407        1.87998        0.84189
P          2.63438        1.94889        1.35148
C          1.64566        3.84600       -1.18172
C          2.97418        4.11058       -0.73349
H          3.81926        3.45189       -0.88890
C          3.03810        5.41249       -0.22041
H          3.93031        5.93957        0.08022
C          1.73271        5.97799       -0.32799
H          1.49882        7.03108       -0.21405
C          0.87424        5.00554       -0.91959
H         -0.13428        5.18047       -1.26247
C          1.42992        3.80704        3.40295
C          2.11560        5.02232        3.15620
H          3.10943        5.26463        3.50097
C          1.18871        5.93848        2.57794
H          1.34612        7.00713        2.47844
C         -0.07277        5.28209        2.46291
H         -1.00098        5.74766        2.16986
C          0.08534        3.98129        2.95832
H         -0.70982        3.26124        3.10500
Si         0.96176        2.08394       -1.37430
C          2.29047        0.92203       -2.11368
H          2.67533        1.30115       -3.05550
H          1.87101       -0.06246       -2.29142
H          3.11788        0.81089       -1.41749
C         -0.64730        2.08822       -2.39410
H         -1.41367        2.69523       -1.92696
H         -1.02997        1.07913       -2.48179
H         -0.46884        2.46807       -3.39279
Si         2.23678        2.09528        3.57079
C          0.99234        0.83671        4.29908
H          0.55102        1.19865        5.22284
H          1.48831       -0.10518        4.50761
H          0.19617        0.64408        3.58444
C          3.84587        2.19776        4.58527
H          4.56496        2.86500        4.12511
H          4.29963        1.21708        4.65483
H          3.64592        2.54784        5.59072
