86
CSD_code = FIVKIG | q = 0 | S = 0 | Stoichiometry = C29H50FeN3PSi2 | MND = 3
Fe        13.90356        8.53351        4.84811
P         16.09197        8.96071        4.62810
Si        12.17946        6.12072        4.44707
N         16.24383       10.00395        3.34784
C         16.91727        7.35916        4.04286
Si        12.37302        7.37206        7.24493
N         13.96426       10.09397        3.59363
C         16.66102        6.29125        5.10477
H         16.89527        5.30229        4.71115
H         15.60943        6.31181        5.40112
H         17.27092        6.45269        5.98876
N         12.80122        7.29109        5.56790
C         16.12581        6.99662        2.78573
H         16.25392        7.76588        2.02635
H         15.06537        6.91449        3.03051
H         16.46343        6.04555        2.37483
C         18.39489        7.48419        3.69724
H         19.00647        7.56117        4.59240
H         18.55563        8.36465        3.07953
H         18.72396        6.60517        3.14200
C         17.19513        9.86573        5.89266
C         18.45774       10.43607        5.25254
H         18.86818       11.22358        5.88426
H         18.21488       10.86008        4.28110
H         19.22271        9.67751        5.12270
C         17.53706        8.99795        7.09843
H         18.27769        8.24462        6.84089
H         16.65102        8.49967        7.48560
H         17.95617        9.61707        7.89197
C         16.30493       11.03295        6.33257
H         16.81532       11.64849        7.07286
H         15.37368       10.67116        6.76617
H         16.06625       11.65791        5.47302
C         15.07492       10.51257        3.00078
C         15.10053       11.61362        2.01753
C         14.25868       12.71494        2.13880
H         13.56055       12.77365        2.96003
C         14.32039       13.74205        1.21490
H         13.66084       14.59176        1.31563
C         15.22233       13.68530        0.16568
H         15.26269       14.48661       -0.55771
C         16.07909       12.60210        0.05257
H         16.79211       12.55978       -0.75809
C         16.02347       11.57556        0.97544
H         16.68821       10.72875        0.90120
C         12.66788       10.42798        3.21258
C         12.18465       10.27235        1.90243
C         10.85539       10.57585        1.64001
H         10.48592       10.45714        0.63110
C         10.00255       11.01199        2.63483
H          8.97214       11.24003        2.40633
C         10.47708       11.15045        3.92905
H          9.81449       11.49177        4.71203
C         11.79504       10.86482        4.22897
C         13.04335        9.77095        0.77910
H         13.36924       10.59900        0.14864
H         12.47518        9.07909        0.15951
H         13.92888        9.26100        1.14993
C         12.33250       11.03203        5.61972
H         11.56986       11.42837        6.28467
H         13.18436       11.71162        5.61509
H         12.67326       10.06647        6.00746
C         10.62646        8.09630        7.52992
H         10.41101        8.90219        6.83568
H         10.52037        8.48527        8.53794
H          9.86705        7.33427        7.39185
C         12.48611        5.67238        8.10373
H         11.77458        4.97289        7.67905
H         12.27152        5.75913        9.16401
H         13.47574        5.23938        8.00008
C         13.69947        8.53602        7.98234
H         14.40684        8.80947        7.19784
H         14.25710        8.05589        8.77887
H         13.27278        9.44601        8.38909
C         13.21163        4.50811        4.44652
H         14.21621        4.66870        4.07038
H         12.74291        3.75502        3.82069
H         13.29664        4.09733        5.44692
C         12.30580        6.97622        2.74804
H         11.38711        7.49747        2.50273
H         12.51337        6.27288        1.94954
H         13.10261        7.71731        2.75879
C         10.35941        5.66288        4.77951
H         10.25014        5.14264        5.72459
H          9.97687        5.01304        3.99917
H          9.73084        6.54633        4.81263
