66
CSD_code = FIVXUE | q = 0 | S = 0 | Stoichiometry = C32H32SiTi | MND = 12
Ti         1.50938        1.72002        9.71890
Si         3.49200        3.89892        8.18858
C          2.61501        2.30643        7.66129
C          3.12979        0.98350        7.82694
C          4.45767        0.49761        7.89476
H          5.28692        1.18980        7.85639
C          4.68496       -0.84433        7.93695
H          5.69723       -1.22261        7.97468
C          3.62342       -1.79411        7.90710
C          3.87863       -3.17394        7.95538
H          4.90299       -3.51091        8.03509
C          2.85357       -4.08453        7.90591
H          3.06409       -5.14335        7.94667
C          1.53080       -3.64662        7.80379
H          0.72998       -4.37106        7.76885
C          1.24910       -2.30442        7.75195
H          0.22460       -1.96656        7.68210
C          2.27901       -1.35133        7.80351
C          2.04482        0.05397        7.75687
C          0.85580        0.80829        7.57694
H         -0.11511        0.40485        7.31789
C          1.20570        2.17545        7.49111
C          0.24043        3.24455        7.06427
H          0.55504        3.66735        6.10851
H          0.16852        4.05580        7.79060
H         -0.75323        2.81493        6.93277
C          2.79528        3.73028        9.94097
C          1.51160        4.19079       10.36846
C          0.69367        5.24886        9.90296
H          1.00637        5.83656        9.05132
C         -0.44703        5.56736       10.57475
H         -1.06857        6.38341       10.23276
C         -0.85269        4.87400       11.75176
C         -2.03337        5.21750       12.42937
H         -2.64948        6.01181       12.03104
C         -2.40755        4.56106       13.57467
H         -3.32001        4.83391       14.08457
C         -1.61029        3.53466       14.08702
H         -1.91466        3.02130       14.98764
C         -0.44909        3.17711       13.44857
H          0.16217        2.37634       13.84067
C         -0.04462        3.83057       12.27349
C          1.14907        3.49910       11.56755
C          2.19864        2.59004       11.86161
H          2.31559        2.03544       12.78416
C          3.20906        2.74869       10.88696
C          4.56449        2.11161       10.99935
H          5.32904        2.88221       11.11146
H          4.81306        1.50663       10.12583
H          4.59992        1.46976       11.88016
C          5.39955        3.91827        8.08429
H          5.76423        4.91115        8.32831
H          5.71938        3.69615        7.07117
H          5.88918        3.21941        8.75039
C          2.99069        5.45629        7.20148
H          3.26786        6.35077        7.75032
H          1.93445        5.51813        6.97245
H          3.52968        5.47496        6.25945
C          1.78378       -0.09514       10.69174
H          1.52674       -0.07602       11.75653
H          2.84413       -0.37413       10.60756
H          1.19454       -0.90088       10.24070
C         -0.53019        1.58322       10.09135
H         -0.75183        1.48631       11.15959
H         -1.02101        0.74115        9.59115
H         -1.00841        2.50802        9.73772
