56
CSD_code = FIXRUC | q = -1 | S = 0 | Stoichiometry = C12H36FFeN2Si4(1-) | MND = 3
Fe        13.51696        6.53701       11.75435
Si        16.43329        6.30203       13.57043
Si        11.53113        8.49880       12.94331
Si        16.01417        8.38003       11.30114
Si        10.92357        7.12206       10.23451
F         14.00792        4.81376       11.70544
N         15.60963        7.08618       12.31036
N         11.85610        7.43691       11.63691
C         12.81246        8.09822       14.28932
H         12.53059        7.20945       14.84204
H         12.94068        8.90748       15.00100
H         13.77557        7.89845       13.82192
C         11.70027       10.34687       12.43925
H         11.59501       11.01034       13.29322
H         10.94699       10.62632       11.70944
H         12.67178       10.53214       11.99336
C          9.75376        8.34087       13.66145
H          9.01353        8.65456       12.93214
H          9.62456        8.95468       14.54813
H          9.53356        7.31399       13.93230
C          9.34724        6.08970       10.62046
H          9.61633        5.16118       11.11230
H          8.79299        5.84250        9.71930
H          8.67895        6.63026       11.28223
C         10.28969        8.69626        9.33193
H          9.58060        9.23299        9.95409
H          9.79168        8.45317        8.39771
H         11.10688        9.37317        9.10650
C         12.01098        6.11018        9.03523
H         12.75379        5.56113        9.60930
H         12.53754        6.74846        8.33516
H         11.43314        5.39332        8.46084
C         17.71718        4.99427       12.98378
H         17.22137        4.25244       12.36801
H         18.20053        4.47859       13.81006
H         18.49252        5.45806       12.38137
C         15.16881        5.41709       14.70273
H         15.57292        4.51099       15.14462
H         14.31032        5.14410       14.09857
H         14.82323        6.05482       15.51010
C         17.43211        7.51623       14.68186
H         18.20435        8.00871       14.10017
H         17.91381        7.01231       15.51497
H         16.78712        8.28869       15.08727
C         15.90485       10.10990       12.14651
H         14.94907       10.23027       12.64629
H         16.01987       10.92945       11.44153
H         16.67943       10.21155       12.90001
C         17.77995        8.33989       10.53206
H         18.52733        8.37889       11.31802
H         17.96470        9.17173        9.85727
H         17.93763        7.41956        9.97991
C         14.76672        8.38199        9.84995
H         14.67760        7.37000        9.46553
H         15.05663        9.02983        9.02813
H         13.78361        8.69388       10.19194
