66
CSD_code = FOHWOP | q = 0 | S = 0 | Stoichiometry = C27H34Cl2NSiTa | MND = 9
Ta        13.95645        4.99383        0.43848
Cl        12.55846        3.56119       -0.64207
Cl        14.92095        3.53580        1.85789
Si        11.14611        4.14993        3.08158
N         14.75617        5.62671       -1.27695
C         11.09880        5.32923        1.62064
C         10.12408        5.48749        0.67863
H          9.22024        4.90925        0.60348
C         10.47922        6.54437       -0.21301
H          9.87847        6.87242       -1.04352
C         11.68009        7.05123        0.17156
H         12.18838        7.90996       -0.23493
C         12.17339        6.28524        1.31163
H         12.57545        6.85039        2.15064
C         15.12350        6.77981        0.99804
C         15.72336        7.40058       -0.01952
H         16.33692        8.28994        0.07648
C         15.57400        6.84020       -1.40636
C         14.74312        4.77772       -2.41427
C         15.67765        3.73359       -2.52017
C         15.69349        2.94561       -3.66387
H         16.42346        2.15291       -3.74256
C         14.78591        3.15145       -4.68470
H         14.81819        2.54026       -5.57406
C         13.80698        4.11391       -4.53382
H         13.05136        4.23948       -5.29576
C         13.75694        4.91897       -3.40316
C         12.59623        5.85548       -3.24164
H         12.52930        6.21323       -2.21699
H         11.67711        5.32290       -3.48065
H         12.67145        6.70420       -3.92004
C         16.62087        3.37670       -1.40447
H         17.61856        3.18893       -1.79801
H         16.27462        2.45598       -0.92978
H         16.68137        4.14976       -0.64041
C         16.97004        6.58730       -2.00440
H         16.89355        6.07234       -2.95856
H         17.58182        5.99921       -1.32750
H         17.46479        7.54186       -2.16439
C         14.87368        7.89464       -2.28332
H         14.81853        7.54983       -3.31154
H         15.43979        8.82243       -2.25662
H         13.87357        8.08592       -1.90785
C         15.21931        7.37544        2.34117
C         14.81188        8.69040        2.56770
H         14.44815        9.27538        1.73538
C         14.85206        9.23379        3.83836
H         14.52522       10.25123        3.99829
C         15.31197        8.47927        4.90474
H         15.34416        8.90420        5.89705
C         15.73128        7.17612        4.69144
H         16.09542        6.58452        5.51894
C         15.67833        6.62664        3.42429
H         16.00990        5.61079        3.25732
C         12.46157        4.77805        4.32075
H         12.20724        5.76464        4.69767
H         13.44971        4.84772        3.87309
H         12.53700        4.11444        5.17688
C          9.43956        4.16308        3.93563
H          9.16454        5.16328        4.25304
H          9.43681        3.52469        4.81301
H          8.66311        3.80649        3.26739
C         11.52180        2.34929        2.55603
H         10.81364        2.01055        1.80499
H         11.45432        1.66962        3.40094
H         12.51650        2.24624        2.13197
