60
CSD_code = FONPII | q = 0 | S = 0 | Stoichiometry = C26H30Cl2HfSi | MND = 12
Hf        -8.09850        5.88798        4.17477
Cl        -6.44128        7.48804        3.93823
Si        -8.09851        2.65792        4.17481
C         -8.25118        3.95671        2.80050
C         -9.40542        4.77786        2.54356
C         -9.01690        5.91830        1.81041
H         -9.69502        6.64567        1.38648
C         -7.61737        5.83765        1.56281
C         -6.74112        6.67131        0.83578
C         -5.42744        6.28372        0.73354
H         -4.73346        6.90510        0.18646
C         -4.94284        5.09087        1.30454
C         -5.78712        4.27093        2.01772
H         -5.42651        3.32770        2.40058
C         -7.13642        4.63374        2.18629
C        -10.83706        4.46076        2.87569
H        -11.10481        3.47228        2.50354
H        -11.49203        5.19192        2.40458
H        -11.02264        4.49287        3.95167
C         -7.25572        7.93557        0.22023
H         -6.46111        8.46328       -0.29994
H         -7.65820        8.58635        0.99702
H         -8.05616        7.71865       -0.48650
C         -3.49689        4.73785        1.12268
H         -3.27818        3.75629        1.53679
H         -2.86694        5.47422        1.62163
H         -3.23421        4.73734        0.06577
C         -9.59123        1.48073        4.31564
H         -9.57900        0.98268        5.27940
H         -9.51826        0.71284        3.55254
H        -10.55378        1.96163        4.20175
Cl        -9.75606        7.48790        4.41150
C         -7.94581        3.95673        5.54908
C         -6.79157        4.77788        5.80599
C         -7.18008        5.91835        6.53911
H         -6.50196        6.64573        6.96302
C         -8.57960        5.83768        6.78677
C         -9.45584        6.67132        7.51384
C        -10.76951        6.28371        7.61613
H        -11.46348        6.90508        8.16324
C        -11.25412        5.09086        7.04513
C        -10.40986        4.27095        6.33190
H        -10.77046        3.32771        5.94908
C         -9.06057        4.63377        6.16329
C         -5.35994        4.46077        5.47387
H         -5.09220        3.47229        5.84605
H         -4.70497        5.19194        5.94494
H         -5.17436        4.49283        4.39789
C         -8.94123        7.93557        8.12940
H         -9.73582        8.46325        8.64962
H         -8.53878        8.58638        7.35261
H         -8.14076        7.71865        8.83609
C        -12.70005        4.73783        7.22705
H        -12.91881        3.75632        6.81285
H        -13.33005        5.47423        6.72824
H        -12.96266        4.73719        8.28396
C         -6.60583        1.48069        4.03402
H         -6.61810        0.98254        3.07032
H         -6.67877        0.71289        4.79722
H         -5.64326        1.96159        4.14782
