84
CSD_code = FOYZAW | q = 0 | S = 0 | Stoichiometry = C25H46B9NSi2Zr | MND = 12
Zr         3.95446        2.43167        4.53436
N          4.23639        2.22968        6.58687
Si         3.47182       -0.58333        1.69136
Si         7.41082        3.39736        3.50958
B          2.08750        3.08176        3.16672
H          1.81517        2.06311        2.58538
B          3.48792        4.12369        3.00813
H          4.34337        4.03739        2.18659
B          3.68915        4.77447        4.62840
H          4.70076        5.09089        5.19170
B          0.88828        4.90790        5.00256
H          0.03806        5.00652        5.81346
B          0.66150        4.15996        3.42782
H         -0.41718        3.78657        3.12748
B          1.93464        4.71169        2.37511
H          1.77022        4.82746        1.21213
B          2.98347        5.79869        3.32753
H          3.57890        6.70332        2.85656
B          2.32670        5.88433        4.95011
H          2.45267        6.74498        5.74584
B          1.21554        5.83779        3.56890
H          0.54228        6.75157        3.25828
C          2.39712        4.22376        5.52342
C          1.49459        3.27686        4.68636
C          2.52496        3.98443        7.02196
H          2.42210        4.92912        7.56771
H          1.73348        3.32151        7.38844
C          3.87876        3.37106        7.41707
H          4.66146        4.16157        7.38648
H          3.80436        3.06255        8.47744
C          5.12551        1.36423        7.33817
H          4.75974        1.22200        8.37083
H          6.14787        1.77989        7.44075
H          5.19710        0.37411        6.88031
C          2.28342        0.42467        5.48810
H          2.73472       -0.43571        5.96288
H          2.51532        0.60815        4.43799
C          1.29640        1.10288        6.08546
C          0.59616        2.23026        5.36586
H         -0.08347        2.72120        6.06821
H         -0.03361        1.78623        4.58330
C          6.06173        1.01510        4.45272
H          6.76662        0.92162        5.26682
C          5.08191        0.08360        4.09440
H          4.87417       -0.84968        4.60589
C          4.53868        0.45788        2.83189
C          5.22876        1.62120        2.43092
H          5.13597        2.07620        1.45678
C          6.15198        2.00436        3.42958
C          4.43560       -2.17017        1.22739
H          4.62786       -2.78996        2.09768
H          5.39533       -1.92965        0.78150
H          3.88123       -2.77100        0.51338
C          1.82009       -1.15981        2.48480
H          1.97243       -1.67725        3.42774
H          1.32023       -1.85572        1.81811
H          1.13046       -0.33898        2.66035
C          3.08653        0.41284        0.11047
H          2.37843       -0.11974       -0.51625
H          3.98399        0.57165       -0.47849
H          2.66131        1.38634        0.33424
C          7.01851        4.95511        2.47977
H          7.86810        5.63113        2.49369
H          6.15581        5.49247        2.86171
H          6.82221        4.70835        1.44169
C          7.48366        3.86346        5.37366
H          7.75663        4.90401        5.51731
H          8.21949        3.26530        5.90337
H          6.51251        3.70158        5.84823
C          9.13082        2.74081        2.97415
H          9.90457        3.47956        3.15697
H          9.14738        2.50465        1.91511
H          9.40270        1.83809        3.51240
C          0.81494        0.74533        7.43095
C         -0.54705        0.77274        7.73131
H         -1.26379        1.04396        6.97044
C         -0.99713        0.42322        8.99098
H         -2.05563        0.44373        9.20467
C         -0.09834        0.05111        9.97633
H         -0.45159       -0.21199       10.96201
C          1.25631        0.01719        9.68864
H          1.96309       -0.27277       10.45262
C          1.70779        0.35364        8.42685
H          2.76298        0.34139        8.20762
