107
CSD_code = GANMEQ | q = 0 | S = 0 | Stoichiometry = C30H62B9N3Si2Zr | MND = 12
Zr         8.36315       11.45318        9.79275
Si         9.19190       15.18961        9.81064
Si         5.95758       12.38694        6.10656
N          6.56232        9.79763        9.73967
N          5.60618       11.70273       12.77642
N          7.62637       11.14342       11.77401
C          9.46959        9.11700        9.38795
C         10.10597        9.68340       10.67150
H          9.70753        9.32578       11.62502
C          8.36598        8.07367        9.53206
H          8.05582        7.73346        8.53827
H          8.73192        7.18431       10.05847
C          7.15696        8.57735       10.31743
H          6.39193        7.78125       10.36828
H          7.46174        8.81454       11.34429
C          5.85724        9.45044        8.50022
H          5.11769        8.65501        8.67428
H          6.56577        9.10620        7.74625
H          5.34129       10.32532        8.10928
C          5.59800       10.30878       10.72629
H          5.06423        9.46939       11.20555
H          4.84091       10.91813       10.23103
C          6.27336       11.13710       11.84236
C          5.94130       12.85805        9.03875
H          4.88408       12.66861        9.15716
C          6.75940       13.50104        9.96555
H          6.43423       13.87484       10.92716
C          8.02485       13.78356        9.35041
C          7.91886       13.26567        8.02490
H          8.63381       13.42970        7.23234
C          6.65544       12.68126        7.82320
C          8.20256       16.42816       10.89123
H          8.77894       17.33210       11.05843
H          7.95492       16.01902       11.86540
H          7.27318       16.71665       10.41090
C         10.82066       14.78178       10.72998
H         11.42618       14.06285       10.18738
H         10.65695       14.39285       11.73008
H         11.40623       15.69049       10.83463
C          9.67684       16.07477        8.18351
H         10.34455       15.46261        7.58582
H         10.19128       17.00779        8.38932
H          8.80658       16.30564        7.57741
C          4.12071       11.83613        6.16563
H          3.62607       12.10765        5.23877
H          3.57721       12.32255        6.96936
H          4.00400       10.76303        6.28397
C          6.94635       11.09662        5.09902
H          6.67184       11.15262        4.05020
H          6.76294       10.07658        5.42323
H          8.01466       11.27700        5.16555
C          6.03218       14.04875        5.16295
H          5.63106       13.95495        4.15821
H          7.05421       14.40372        5.07670
H          5.46312       14.81864        5.67518
C          4.17683       11.65732       12.89767
H          3.73113       10.78176       12.38929
C          3.53900       12.92573       12.30552
H          3.82523       13.02428       11.25628
H          2.45190       12.82368       12.35318
C          3.97141       14.17190       13.07022
H          3.49963       15.05443       12.63160
H          5.05283       14.28383       12.97991
C          3.60322       14.05255       14.54465
H          3.93057       14.94432       15.08391
H          2.51703       13.97968       14.64528
C          4.25620       12.81120       15.14167
H          3.99615       12.71729       16.19862
H          5.33945       12.90168       15.05940
C          3.81549       11.56206       14.38800
H          2.73381       11.43647       14.47939
H          4.29683       10.67969       14.81552
C          8.33681       11.60127       12.97596
H          9.40165       11.38592       12.80911
C          8.19966       13.11024       13.21427
H          7.15211       13.32523       13.42528
H          8.50100       13.63919       12.30169
C          9.07028       13.54516       14.38939
H         10.12147       13.35613       14.15540
H          8.95444       14.61776       14.56086
C          8.69032       12.77399       15.65029
H          9.33371       13.07564       16.47956
H          7.65967       13.01053       15.92233
C          8.81560       11.27176       15.41515
H          8.52224       10.72992       16.31684
H          9.85893       11.02508       15.20146
C          7.93573       10.83813       14.24722
H          6.89054       11.04539       14.46924
H          8.04294        9.76348       14.07375
B         10.66639       11.21412       10.44422
H         10.75151       11.95817       11.37569
B         10.44129       11.59876        8.75179
H         10.46402       12.70199        8.29571
B          9.53640       10.20745        8.15561
H          8.68642       10.14641        7.30478
B         11.04284        8.46353        9.85584
H         11.04268        7.38185       10.32485
B         11.83711        9.85064       10.54609
H         12.48450        9.70757       11.52046
B         12.03985       11.03905        9.27669
H         12.95721       11.78268        9.27066
B         11.30139       10.38201        7.78425
H         11.69152       10.64575        6.70169
B         10.66557        8.80057        8.16890
H         10.47690        7.89279        7.43854
B         12.21088        9.30516        8.89155
H         13.23917        8.81379        8.59814
