74
CSD_code = GANNIU | q = 0 | S = 0 | Stoichiometry = C32H32CrO5P2Si2 | MND = 6
C          5.90136       10.07166       14.71921
C          7.25389        9.78205       14.59500
H          7.64458        8.87140       15.02811
C          8.09980       10.65909       13.93720
H          9.15063       10.42630       13.84894
C          7.60181       11.83398       13.40130
H          8.26222       12.52067       12.89284
C          6.25293       12.13172       13.52381
H          5.86264       13.05067       13.11065
C          5.40625       11.25581       14.17450
H          4.35574       11.49077       14.27831
C          3.79970       10.08149       16.55038
C          4.45915       11.07365       17.27241
H          5.52977       11.18970       17.16342
C          3.75224       11.89597       18.12870
H          4.26997       12.66328       18.68520
C          2.38529       11.72878       18.28495
H          1.83612       12.36821       18.95991
C          1.72686       10.73186       17.58415
H          0.66310       10.59202       17.71338
C          2.42951        9.90899       16.72289
H          1.92095        9.12147       16.18347
C          4.61266        7.99392       12.38307
H          4.12672        7.38686       11.62546
H          5.45783        7.43326       12.77765
H          5.01241        8.87681       11.89358
C          2.18076        9.83875       13.22425
H          1.80496       10.43023       14.05324
H          1.33047        9.37868       12.73140
H          2.65088       10.51499       12.51863
C          1.06161        6.43929       16.62826
H          0.22585        7.03396       16.27245
H          1.59338        7.01710       17.38187
H          0.65660        5.56138       17.12246
C          1.48669        4.55354       14.11922
H          2.24197        3.99690       13.57351
H          0.80569        4.98840       13.39492
H          0.92659        3.84975       14.72507
C          3.59601        4.33809       17.48529
C          3.05611        3.12236       17.06766
H          3.03615        2.88275       16.01321
C          2.56757        2.22146       17.99362
H          2.15815        1.27801       17.66227
C          2.60302        2.52541       19.34612
H          2.22185        1.81884       20.06841
C          3.13303        3.73257       19.76764
H          3.16704        3.97081       20.82040
C          3.62886        4.63488       18.84185
H          4.05773        5.57148       19.17120
C          5.07606        4.40742       15.12130
C          5.94877        3.45652       15.64637
H          6.03044        3.34455       16.72010
C          6.71076        2.67155       14.80271
H          7.38511        1.93633       15.21642
C          6.62253        2.83643       13.42921
H          7.22495        2.22729       12.77187
C          5.77053        3.79241       12.90164
H          5.70840        3.93030       11.83157
C          5.00200        4.57732       13.74220
H          4.34401        5.33204       13.33397
C          6.88860        8.48776       17.65391
C          6.96189        6.62930       15.76872
C          6.53349        6.05682       18.12169
C          4.60676        7.85342       18.35700
Cr         5.70893        7.24595       16.99233
O          2.49095        7.20240       14.21071
O          7.64015        9.19964       18.17338
O          7.83832        6.18134       15.16083
O          7.15373        5.37977       18.82767
O          4.07696        8.28858       19.28891
P          4.76904        8.90746       15.55355
P          4.21080        5.53806       16.25457
Si         3.41364        8.49215       13.78165
Si         2.23410        5.92690       15.21290
