75
CSD_code = GAQFOU | q = 0 | S = 0 | Stoichiometry = C24H46N2PSiV | MND = 4
V          7.74137        1.28077        9.39461
P          9.95666        0.43275        9.34944
Si         7.23594        0.15792       12.27832
N          7.42855        0.86521        7.86639
N          6.99510        2.79703        9.73603
C          7.17250        0.67540        6.57311
C          7.65828        1.57860        5.59269
C          7.40615        1.33817        4.25405
C          6.67255        0.23703        3.84786
C          6.16256       -0.63250        4.79995
C          6.39507       -0.43302        6.14571
C          8.42648        2.79962        6.01248
C          5.83247       -1.34898        7.18812
C          6.32660        3.84015        9.60509
C          4.83220        3.70202        9.23288
C          3.91213        4.87840        9.56435
C          4.78921        3.42347        7.72165
C          4.27167        2.47120        9.96244
C          7.05618        5.19498        9.75434
C          6.97223        6.01021        8.45906
C          6.52246        6.00403       10.94422
C          8.54463        4.91625       10.02168
C          7.08413       -0.08971       10.43854
C          8.12939        1.81410       12.65515
C          8.27032       -1.23883       13.11085
C          5.57448        0.19535       13.23863
C         11.00100        0.94329        7.91726
C         11.22779        0.48839       10.68613
C          9.90581       -1.37215        9.03187
H          7.78679        2.03198        3.51637
H          6.48778        0.06375        2.79814
H          5.57129       -1.48200        4.48611
H          8.00901        3.68605        5.53492
H          9.47370        2.72610        5.71469
H          8.36887        2.91145        7.09935
H          6.63852       -1.88456        7.69335
H          5.15007       -2.07035        6.74499
H          5.30884       -0.76157        7.94622
H          3.87736        5.05707       10.63593
H          2.90297        4.62834        9.23835
H          4.19703        5.79466        9.05705
H          5.13524        4.28141        7.15104
H          3.76957        3.19746        7.41495
H          5.42294        2.56642        7.49189
H          4.87499        1.58924        9.73416
H          3.24416        2.29219        9.65297
H          4.28603        2.63225       11.03936
H          7.36555        5.43057        7.62631
H          7.56850        6.91630        8.56029
H          5.95516        6.30580        8.22368
H          5.58165        6.49231       10.71777
H          7.24166        6.77771       11.21007
H          6.38319        5.35946       11.81016
H          8.67029        4.38765       10.96523
H          9.09425        5.85482       10.07670
H          8.97360        4.31097        9.22087
H          6.57858       -1.01442       10.15041
H          9.01012        1.94234       12.02614
H          8.45430        1.88012       13.69052
H          7.46004        2.64953       12.46531
H          7.75037       -2.18882       13.03769
H          8.43672       -1.03808       14.16501
H          9.24284       -1.36607       12.64246
H          4.91111        0.95964       12.84662
H          5.72956        0.39684       14.29463
H          5.06045       -0.75702       13.15712
H         10.42953        0.76843        7.00578
H         11.92897        0.37021        7.88343
H         11.23582        2.00613        7.98622
H         11.52939        1.52090       10.86533
H         12.10424       -0.09743       10.40707
H         10.80217        0.08718       11.60455
H          9.44040       -1.86747        9.88298
H         10.90663       -1.77444        8.86413
H          9.28422       -1.53885        8.15246
