100
CSD_code = GAXZEN | q = 0 | S = 0 | Stoichiometry = C33H61FeN2PSi2 | MND = 3
Fe         1.79823        7.81844        7.70456
P          3.73974        7.34829        6.06223
Si         1.86330        7.78127       10.86732
Si        -0.32951        9.44161        6.52512
N          2.69604        7.69380        9.33798
N          0.61459        8.03266        6.19160
C          4.09391        7.65361        9.39967
C          4.80308        6.44530        9.53413
C          6.18933        6.46871        9.56721
H          6.73460        5.54173        9.66418
C          6.89031        7.65524        9.48422
H          7.97032        7.65451        9.50590
C          6.19575        8.84735        9.38849
H          6.74786        9.77363        9.34312
C          4.81139        8.86826        9.36448
C          4.08239        5.12206        9.64396
H          3.02099        5.34052        9.78907
C          4.23680        4.31278        8.35540
H          3.88092        4.89130        7.50786
H          3.66228        3.39108        8.41675
H          5.28137        4.05519        8.18968
C          4.58402        4.28477       10.82404
H          5.56735        3.86899       10.61675
H          3.90357        3.45522       11.00614
H          4.65360        4.88198       11.72788
C          4.05771       10.17812        9.32257
H          3.09658       10.00535        9.80661
C          4.76481       11.30468       10.07652
H          5.08421       10.96650       11.05965
H          4.08339       12.14338       10.20542
H          5.63510       11.66475        9.53268
C          3.76802       10.59943        7.88115
H          4.69797       10.73021        7.33166
H          3.22223       11.54068        7.86633
H          3.16041        9.83195        7.38760
C          2.89232        7.03449       12.29641
H          2.75419        5.96289       12.38227
H          2.60435        7.47582       13.24516
H          3.95108        7.22569       12.15377
C          1.40259        9.51085       11.57672
H          2.27608       10.04262       11.94309
H          0.73494        9.37472       12.42329
H          0.89225       10.15391       10.86981
C          0.23335        6.80365       10.69246
H         -0.18286        6.90400        9.69733
H         -0.50080        7.17110       11.40011
H          0.37254        5.74690       10.89110
C          0.20757        7.09846        5.24396
C         -0.26185        5.84794        5.70885
C         -0.62508        4.85609        4.81569
H         -0.95617        3.89817        5.18657
C         -0.58739        5.07609        3.45246
H         -0.87452        4.29770        2.76127
C         -0.19899        6.31649        2.98971
H         -0.20167        6.50252        1.92611
C          0.19856        7.32870        3.85183
C         -0.38137        5.60181        7.19175
H         -0.41211        6.58899        7.67424
C          0.85729        4.86148        7.70061
H          1.00717        3.94470        7.13442
H          0.74720        4.60724        8.75100
H          1.73637        5.50273        7.58044
C         -1.65790        4.85103        7.57123
H         -2.52380        5.30009        7.08998
H         -1.80144        4.89181        8.64921
H         -1.60489        3.80433        7.28198
C          0.59823        8.65244        3.24642
H          0.99938        9.27617        4.04539
C          1.67411        8.48896        2.16785
H          2.47996        7.85139        2.51953
H          2.08743        9.46056        1.90379
H          1.25871        8.04626        1.26589
C         -0.62245        9.35807        2.64970
H         -1.06168        8.75639        1.85688
H         -0.33293       10.31906        2.22772
H         -1.37972        9.52476        3.41045
C         -0.09836        9.77546        8.38745
H         -0.57742        9.02874        9.00839
H         -0.51072       10.73998        8.65924
H          0.96255        9.79107        8.63174
C         -2.18037        9.15774        6.13511
H         -2.29496        8.44420        5.32496
H         -2.67814       10.07751        5.84551
H         -2.70632        8.75555        6.99532
C          0.25769       11.08515        5.71408
H          1.34138       11.16278        5.70114
H         -0.11697       11.92387        6.29314
H         -0.09818       11.21397        4.69853
C          3.93157        8.76883        4.88940
H          2.96129        9.20438        4.67771
H          4.39451        8.44355        3.95945
H          4.56173        9.52620        5.34773
C          5.55627        7.04787        6.26014
H          5.98110        7.83364        6.87891
H          6.04728        7.04803        5.28799
H          5.73768        6.09918        6.75338
C          3.40367        6.01393        4.82317
H          3.43079        5.04110        5.30846
H          4.14426        6.02902        4.02451
H          2.41096        6.15361        4.40463
