70
CSD_code = GEDXOC | q = 0 | S = 0 | Stoichiometry = C20H38MoNO5PSi4 | MND = 6
Mo         4.93865        4.74977        3.44961
C          4.44828        4.04504        5.22191
O          4.11584        3.81975        6.29115
C          6.45742        5.62220        4.34300
O          7.23985        6.22049        4.92205
C          5.36478        5.64923        1.75583
O          5.55920        6.26852        0.81628
C          3.31001        4.00018        2.62923
O          2.32052        3.65666        2.17706
C          3.89754        6.31729        3.94590
O          3.29546        7.24435        4.23780
P          6.32514        2.85821        2.73901
C          6.69062        1.30703        3.31453
C          7.87484        0.63948        2.84787
C          8.53755       -0.31917        3.51046
N          7.44591        3.24479        1.53658
Si         5.51589        0.47458        4.55897
C          3.71741        0.93310        4.11448
C          5.59121       -1.43194        4.41557
C          5.97064        1.02819        6.33037
Si         8.99151        3.93357        2.04620
C          9.27281        3.51173        3.88168
C         10.40181        3.17348        1.01619
C          8.95404        5.82444        1.78806
Si         6.94861        2.91489       -0.12793
C          7.71009        1.28727       -0.77477
C          5.05473        2.71180       -0.14727
C          7.47021        4.35854       -1.25313
Si        10.14941       -1.10793        2.93781
C         10.22643       -2.87593        3.65180
C         10.24710       -1.18770        1.03323
C         11.63336       -0.09504        3.59462
H          8.28423        1.00005        1.91444
H          8.14288       -0.63115        4.46803
H          3.48644        1.96731        4.35293
H          3.01402        0.31078        4.65923
H          3.52704        0.78976        3.05387
H          4.60948       -1.86492        4.57950
H          6.26126       -1.87020        5.14709
H          5.93014       -1.74666        3.43400
H          6.85613        0.51192        6.68946
H          5.16475        0.82309        7.02801
H          6.17972        2.09413        6.36849
H         10.10576        4.07718        4.28768
H          9.48632        2.45610        4.02089
H          8.39284        3.74532        4.47804
H         10.51976        2.11267        1.21043
H         11.33869        3.65719        1.27011
H         10.24461        3.30390       -0.04830
H          8.92879        6.08569        0.73535
H          9.83869        6.28380        2.21772
H          8.08734        6.28216        2.25848
H          8.79341        1.29587       -0.72532
H          7.43485        1.14192       -1.81469
H          7.35951        0.42242       -0.21968
H          4.54487        3.64488        0.08087
H          4.73643        1.97089        0.58406
H          4.70820        2.38133       -1.12145
H          7.14696        4.16506       -2.27055
H          8.54666        4.48768       -1.27130
H          7.02800        5.29878       -0.94263
H         11.15036       -3.37560        3.37740
H          9.40410       -3.48617        3.29094
H         10.17271       -2.86326        4.73606
H          9.36859       -1.66621        0.61178
H         11.11593       -1.75231        0.70797
H         10.32213       -0.19751        0.59547
H         11.61001        0.92765        3.22942
H         12.57905       -0.53236        3.28808
H         11.62986       -0.05335        4.67979
