101
CSD_code = GEGHIM | q = 1 | S = 0 | Stoichiometry = C38H57FeNP3Si(1+) | MND = 5
Fe        10.96621        8.38486        8.06816
P         10.96485        6.28395        8.85201
P          8.80995        8.71354        7.67018
P         11.99007       10.09371        6.91299
Si        10.87143        7.42504        6.06938
N         11.18529        9.47609       10.86649
C         11.05081        3.65150        7.75574
H         11.08857        3.25294        8.75852
C         12.77039        6.24846        9.36758
H         12.83079        6.86240       10.27716
C         12.49655        7.98482        5.24212
C          9.31160        7.94251        5.11771
C         10.98378        5.02201        7.53116
C         10.99976        3.27181        5.38474
H         10.99423        2.58829        4.54933
C          8.40072        8.67117        5.89077
C         13.07293        9.14199        5.78136
C         10.93959        5.52490        6.22756
C          7.58961        7.41481        8.26373
H          7.92421        7.18597        9.28389
C         13.49577        6.96762        8.23627
H         13.01292        7.94163        8.04449
H         13.46396        6.37624        7.32129
H         14.54035        7.14954        8.48621
C         10.21412        5.42193       10.34201
H         10.97746        4.69004       10.63264
C         13.19804        7.26082        4.29385
H         12.76103        6.36544        3.88030
C          7.25942        9.20289        5.30392
H          6.56068        9.79798        5.87326
C         14.45754        7.66437        3.88280
H         14.99353        7.09470        3.13890
C          7.02319        8.99440        3.95380
H          6.13957        9.41377        3.49657
C         11.06553        2.78141        6.67840
H         11.12003        1.71725        6.85186
C         11.46303       11.44598        5.69719
H         10.82861       12.13262        6.26618
C         10.93720        4.63783        5.16529
H         10.86993        5.01641        4.15707
C          7.98832       10.26559        8.30637
H          6.95385       10.24459        7.94912
C          9.05741        7.73598        3.77440
H          9.76321        7.17994        3.17646
C          7.91144        8.25378        3.19214
H          7.71599        8.09228        2.14300
C          6.12071        7.83437        8.29835
H          5.92085        8.63069        9.00882
H          5.52379        6.97344        8.59691
H          5.78276        8.13734        7.31027
C         14.34923        9.52983        5.39170
H         14.82843       10.39414        5.82716
C         13.42635        4.89797        9.62843
H         12.99724        4.38081       10.48293
H         14.48260        5.05648        9.84238
H         13.35482        4.25552        8.75341
C         11.05308        9.11117        9.76431
C          7.71296        6.16297        7.40190
H          8.74076        5.81331        7.36039
H          7.37727        6.36281        6.38658
H          7.09354        5.36499        7.80643
C         10.05688        6.43417       11.47336
H         11.01792        6.85531       11.76057
H          9.62424        5.95093       12.34736
H          9.40049        7.24838       11.16813
C         10.63377       10.83874        4.57271
H          9.74710       10.35103        4.96103
H         11.21324       10.10724        4.01216
H         10.31731       11.61884        3.88289
C          8.91082        4.66120       10.11417
H          8.92445        4.10089        9.18299
H          8.05496        5.32811       10.10603
H          8.76721        3.95528       10.93104
C         13.17626       11.10692        7.96262
H         13.82768       11.65299        7.27429
C         12.60227       12.25684        5.08072
H         13.14264       12.85479        5.80906
H         12.17090       12.94845        4.35871
H         13.29962       11.61752        4.54506
C         15.03825        8.78779        4.44597
H         16.03097        9.09126        4.14899
C         11.29564        9.95134       12.17085
H         12.22942        9.59602       12.61123
H         10.45476        9.58881       12.76560
H         11.29459       11.04367       12.16817
C          7.99810       10.30844        9.83140
H          7.66926        9.36893       10.26928
H          7.33915       11.09936       10.18474
H          9.00124       10.51922       10.18771
C         14.06731       10.24885        8.85332
H         14.70108        9.59507        8.25748
H         13.47554        9.64557        9.53969
H         14.71630       10.89293        9.44522
C          8.68539       11.49139        7.74196
H          8.58059       11.53519        6.66017
H          9.74317       11.44608        8.00028
H          8.26156       12.39987        8.16636
C         12.39249       12.11771        8.79659
H         11.88586       12.84645        8.16801
H         13.06930       12.65987        9.45493
H         11.65037       11.61231        9.41129
