56
CSD_code = GIFJOV | q = 0 | S = 0 | Stoichiometry = C19H29NO2P2Si2W | MND = 9
W         16.26691       -0.04957        5.58230
P         14.86931        0.69608        7.69121
H         15.30334        2.00631        7.91082
P         14.14890        1.12273        5.74235
Si        12.33456        0.10084        3.71154
Si        11.67282       -0.08076        6.81360
O         18.21109        2.11111        6.68923
O         16.91411        2.16465        3.48784
N         12.67195        0.38545        5.42925
C         16.15420       -1.98385        4.29485
H         15.85894       -2.08152        3.25727
C         15.32204       -2.16733        5.41943
H         14.26934       -2.41376        5.39678
C         16.14109       -2.17165        6.57530
H         15.81720       -2.41058        7.58004
C         17.47617       -1.96735        6.17309
H         18.34715       -2.02051        6.81312
C         17.49489       -1.83910        4.75827
H         18.38112       -1.83408        4.13506
C         17.47761        1.30071        6.30436
C         16.64003        1.32027        4.23340
C         13.85182        2.90663        5.56116
C         14.93940        3.77179        5.64051
H         15.92957        3.36756        5.81179
C         14.74942        5.13291        5.49691
H         15.59504        5.80136        5.55702
C         13.47768        5.63767        5.27030
H         13.33251        6.70125        5.15327
C         12.39451        4.77778        5.19383
H         11.40292        5.17047        5.02101
C         12.57751        3.41410        5.33855
H         11.73928        2.73586        5.28498
C         13.80582        0.71176        2.68166
H         13.60874        0.61267        1.61840
H         14.71464        0.15954        2.90736
H         14.00981        1.76095        2.88225
C         10.80362        1.08759        3.14399
H          9.97279        1.01851        3.83496
H         10.46656        0.69902        2.18890
H         11.03491        2.13870        3.00126
C         12.06390       -1.77185        3.44550
H         11.54335       -2.23456        4.27746
H         13.00110       -2.30132        3.30411
H         11.46776       -1.93292        2.55370
C         11.65008        1.32771        8.10065
H         12.05880        0.99118        9.04834
H         10.64161        1.68651        8.28541
H         12.25177        2.17132        7.77252
C          9.88279       -0.36362        6.23160
H          9.37125        0.56965        6.02631
H          9.33894       -0.85752        7.02864
H          9.81238       -0.98619        5.34868
C         12.30564       -1.72329        7.55269
H         12.19385       -2.55461        6.86169
H         11.74657       -1.97061        8.45001
H         13.35368       -1.64920        7.82937
