90
CSD_code = GIZGOL | q = 0 | S = 0 | Stoichiometry = C26H58NP2RhSi2 | MND = 5
Rh         2.17598        2.75597        2.51429
P          3.28275        1.16093        3.74939
P          0.63627        3.99001        1.29999
Si         0.49216        1.11282        4.86809
Si        -1.08131        1.77242        2.42873
N          0.39724        1.78548        3.29321
C          2.27947        0.46658        5.10248
C         -0.82518        2.96234        0.95629
C          0.20122        2.36812        6.29157
C         -0.66601       -0.36444        5.21308
C         -2.62671        2.29602        3.43374
C         -1.54339        0.08324        1.64967
C          3.55582       -0.37530        2.71851
C          2.24029       -0.63966        1.99339
C          4.68677       -0.27050        1.69980
C          4.93588        1.42451        4.61148
C          4.74065        2.45202        5.73043
C          5.55948        0.14939        5.16890
C          0.86846        4.81630       -0.38588
C          1.09993        3.71953       -1.42768
C         -0.24386        5.74700       -0.85473
C          0.00237        5.39797        2.36952
C         -1.48717        5.71628        2.28446
C          0.35294        5.09281        3.82585
C          3.76385        4.18582        2.52043
C          4.07956        3.18734        1.58850
C          4.18757        3.41188        0.10322
C          5.58520        3.89100       -0.31640
C          5.89150        5.34999        0.02925
C          6.11316        5.61790        1.52461
C          4.96352        6.34593        2.22321
C          3.60433        5.63282        2.13796
H          2.66914        0.82403        6.05092
H          2.33527       -0.62030        5.09659
H         -0.58606        2.35996        0.08264
H         -1.69416        3.57128        0.72239
H          0.32050        1.89352        7.26117
H         -0.80583        2.76883        6.25006
H          0.89292        3.20341        6.24380
H         -0.50635       -0.76699        6.20806
H         -0.52836       -1.17210        4.50241
H         -1.69891       -0.04613        5.15096
H         -3.43486        2.64439        2.79756
H         -2.41060        3.07229        4.15988
H         -2.99798        1.43948        3.98454
H         -2.43756        0.16272        1.03862
H         -1.74428       -0.64555        2.42581
H         -0.74914       -0.31222        1.02509
H          3.77050       -1.20189        3.40766
H          2.32784       -1.49730        1.32676
H          1.96984        0.24514        1.40611
H          1.43414       -0.82027        2.69991
H          4.84858       -1.24121        1.23052
H          5.62386        0.04080        2.15708
H          4.42475        0.43906        0.91924
H          5.61711        1.85277        3.86681
H          5.66633        2.99013        5.92983
H          4.43669        1.96297        6.65337
H          3.96642        3.17317        5.46556
H          6.44794        0.39837        5.74920
H          5.85628       -0.53466        4.37831
H          4.86035       -0.36383        5.82576
H          1.77719        5.42297       -0.30315
H          1.68016        4.09622       -2.26924
H          0.14881        3.35940       -1.81383
H          1.63082        2.87487       -0.98855
H         -0.02446        6.08473       -1.86817
H         -0.32160        6.62700       -0.22166
H         -1.20231        5.23374       -0.87692
H          0.57585        6.27757        2.04511
H         -1.70619        6.57197        2.92393
H         -2.07131        4.87309        2.64034
H         -1.80947        5.96301        1.27791
H          0.24364        5.98278        4.44578
H          1.37904        4.71893        3.91340
H         -0.30642        4.31690        4.20475
H          4.20857        4.08691        3.51307
H          4.77474        2.41621        1.91716
H          3.45626        4.13610       -0.24185
H          3.99179        2.46709       -0.41366
H          5.66619        3.77841       -1.40125
H          6.34399        3.24713        0.13534
H          5.08888        5.98689       -0.34655
H          6.79753        5.62807       -0.51528
H          7.00723        6.23425        1.64922
H          6.30271        4.67301        2.03393
H          4.85854        7.34632        1.79534
H          5.23355        6.46667        3.27573
H          2.91903        6.14500        2.81604
H          3.20996        5.72588        1.12922
