71
CSD_code = GIZZOG | q = 0 | S = 0 | Stoichiometry = C26H39ClOP2RuSi | MND = 5
C          4.01128        6.36385       13.13206
C          3.41540        5.09743       13.16109
C          4.14702        4.03799       13.67532
H          3.69818        3.05809       13.72605
C          5.44596        4.20774       14.12345
H          6.00078        3.36421       14.50853
C          6.03340        5.45903       14.07156
H          7.04961        5.59946       14.41111
C          5.31212        6.53598       13.58716
H          5.77685        7.50953       13.55909
C          2.61985        8.61395       14.13868
H          3.57971        8.89463       14.59139
C          1.88919        7.63740       15.05274
H          1.64451        8.11591       15.99978
H          2.49861        6.75858       15.25557
H          0.96388        7.31623       14.57388
C          1.75745        9.84996       13.90556
H          0.87077        9.58107       13.33331
H          2.29165       10.62851       13.36702
H          1.43384       10.26472       14.85928
C          4.10451        8.90716       11.58477
H          4.75826        8.22927       11.01709
C          4.96871        9.90215       12.35408
H          5.59304       10.44495       11.64433
H          5.62742        9.41814       13.06960
H          4.36265       10.62984       12.88806
C          3.20024        9.65184       10.59705
H          2.61300       10.41719       11.10254
H          2.50065        8.95068       10.12007
H          3.78760       10.12828        9.81324
C          0.60333        4.23695       13.98899
H          1.07426        3.33175       14.35304
H         -0.41364        3.99467       13.71039
H          0.57267        4.94664       14.80494
C          0.99501        3.76753        9.91963
C          1.53462        3.48849       11.18072
C          1.98741        2.20268       11.43344
H          2.38192        1.96113       12.40825
C          1.94609        1.21856       10.46066
H          2.31522        0.22637       10.67738
C          1.43760        1.51153        9.20804
H          1.41215        0.75347        8.43839
C          0.95280        2.78030        8.94353
H          0.55122        2.99494        7.96525
C         -1.51344        5.06345        9.72499
H         -1.73472        4.33596        8.93357
C         -1.82875        4.45054       11.08439
H         -1.54661        5.14938       11.87243
H         -1.28148        3.52126       11.23190
H         -2.89434        4.24224       11.16727
C         -2.33320        6.33389        9.52582
H         -3.38899        6.12826        9.69687
H         -2.22953        6.73647        8.52144
H         -2.01534        7.09527       10.23664
C          0.65614        5.89776        7.88006
H          1.66849        5.50724        7.70201
C         -0.27672        5.38051        6.78831
H         -1.26860        5.81778        6.87128
H         -0.38103        4.29922        6.80207
H          0.13085        5.66206        5.81739
C          0.71118        7.42764        7.83921
H          1.12159        7.77733        6.89277
H          1.35335        7.80302        8.64534
H         -0.28100        7.85937        7.96693
C         -0.09145        7.57978       11.93203
O         -1.02059        8.10766       12.38623
Si         1.61698        4.90473       12.48758
P          2.98332        7.74516       12.53315
P          0.30924        5.43767        9.66217
Cl         3.25284        6.12571        9.96793
Ru         1.38113        6.81991       11.16241
