81
CSD_code = GOPPEG | q = 0 | S = 0 | Stoichiometry = C31H43FO4SiZr | MND = 13
Zr        -4.56919       -4.08248       -3.89237
Si        -8.29248       -7.48435       -1.88831
F         -4.50099       -4.99259       -2.21464
O         -6.29430       -5.23857       -4.16525
O         -5.69013       -3.89745       -5.75718
O         -6.90366       -7.96460       -4.45170
O         -8.51041       -6.80725       -3.42459
C         -2.26855       -4.87845       -3.89938
C         -3.08904       -5.97155       -4.31045
C         -3.56512       -5.69641       -5.61782
C         -3.03449       -4.44727       -6.02571
C         -2.24038       -3.93044       -4.96806
C         -1.46781       -4.83912       -2.62321
C         -3.34816       -7.24779       -3.55719
C         -4.35044       -6.65687       -6.46628
C         -3.13528       -3.86042       -7.40568
C         -1.21224       -2.84784       -5.17334
C         -4.90167       -1.58292       -4.18595
C         -3.96812       -1.72774       -3.11801
C         -4.64415       -2.35466       -2.03362
C         -5.97596       -2.62423       -2.43672
C         -6.14302       -2.12566       -3.75609
C         -4.69744       -0.84192       -5.48078
C         -2.68016       -0.96531       -2.94196
C         -4.07636       -2.56574       -0.65739
C         -7.05649       -3.28092       -1.62131
C         -7.46714       -2.01263       -4.46169
C         -6.47226       -4.78422       -5.33555
C         -7.57846       -5.30967       -6.16016
C         -7.96032       -4.69155       -7.34629
C         -9.00538       -5.21212       -8.08520
C         -9.66706       -6.34893       -7.64489
C         -9.28548       -6.97325       -6.46785
C         -8.23918       -6.45663       -5.71988
C         -7.78039       -7.13708       -4.46176
C         -6.50135       -7.35304       -1.29336
C         -9.51095       -6.42704       -0.88138
C         -8.88842       -9.29281       -2.00759
H         -0.68377       -5.59962       -2.64378
H         -2.10488       -5.03530       -1.75863
H         -0.98848       -3.87065       -2.48798
H         -2.70632       -8.04814       -3.93457
H         -4.38814       -7.55806       -3.68238
H         -3.14781       -7.11758       -2.49526
H         -3.67929       -7.39145       -6.91942
H         -4.86899       -6.13985       -7.27389
H         -5.08413       -7.20459       -5.87214
H         -2.42381       -4.34771       -8.07742
H         -2.91115       -2.79565       -7.39523
H         -4.13398       -3.99801       -7.81838
H         -0.44575       -3.20799       -5.86481
H         -0.71448       -2.58135       -4.24519
H         -1.64406       -1.94827       -5.60985
H         -5.28629        0.07846       -5.48977
H         -5.00937       -1.45061       -6.33148
H         -3.65307       -0.56776       -5.61754
H         -2.84919       -0.12929       -2.25825
H         -2.32301       -0.55171       -3.88070
H         -1.89373       -1.58345       -2.51012
H         -4.41105       -1.77347        0.01665
H         -2.98837       -2.55210       -0.68137
H         -4.39833       -3.52076       -0.24462
H         -7.82606       -2.55687       -1.34146
H         -6.63883       -3.70856       -0.71197
H         -7.53114       -4.08427       -2.19266
H         -8.04745       -1.19057       -4.03270
H         -8.05998       -2.92475       -4.35241
H         -7.33221       -1.81255       -5.52321
H         -7.42873       -3.80796       -7.66584
H         -9.30740       -4.73453       -9.00515
H        -10.48396       -6.75356       -8.22355
H         -9.79556       -7.86295       -6.13065
H         -6.02333       -6.48053       -1.73277
H         -5.92339       -8.22248       -1.59410
H         -6.43526       -7.26900       -0.21277
H        -10.48638       -6.37398       -1.35514
H         -9.15189       -5.41158       -0.75144
H         -9.64555       -6.85608        0.10532
H         -9.92001       -9.35157       -2.34575
H         -8.83007       -9.79296       -1.04649
H         -8.27842       -9.85389       -2.71025
