41
CSD_code = GOSWAM | q = 0 | S = 0 | Stoichiometry = C14H20Cl4HfSi2 | MND = 12
Hf         1.88866        4.03752        2.92259
Si         2.05888        0.28427        2.47194
Si         3.28430        7.48917        3.38283
Cl         0.52858        5.75028        2.13630
Cl        -0.00806        2.95320        3.69265
Cl         0.21268       -0.32253        1.88972
Cl         5.01650        8.23145        4.19197
C          2.38478        1.99958        1.76511
C          3.62547        2.69816        1.80688
H          4.52950        2.32558        2.26705
C          3.53258        3.83921        0.98478
H          4.34877        4.49431        0.71947
C          2.24706        3.84907        0.39863
H          1.90380        4.53538       -0.36218
C          1.53953        2.73275        0.87731
H          0.55840        2.41418        0.54963
C          3.97205        4.69164        4.04742
H          4.95183        4.74873        3.59457
C          3.49781        3.63763        4.85524
H          4.04380        2.74110        5.10822
C          2.28574        4.05505        5.44776
H          1.72974        3.51391        6.19952
C          1.99748        5.35191        4.98769
H          1.17743        5.97352        5.32248
C          3.04289        5.76876        4.10907
C          3.35035       -0.91274        1.73936
H          4.36095       -0.64074        2.02471
H          3.30700       -0.92447        0.65497
H          3.17157       -1.92515        2.08558
C          2.18977        0.27600        4.37617
H          3.21572        0.39912        4.70990
H          1.83467       -0.66946        4.77532
H          1.58640        1.06410        4.82011
C          1.85250        8.64075        3.86416
H          0.91292        8.27928        3.46024
H          2.01822        9.64133        3.47685
H          1.75097        8.72134        4.94266
C          3.56621        7.40284        1.49734
H          2.77030        6.85232        1.00364
H          4.51681        6.93536        1.25492
H          3.58696        8.40156        1.07171
