119
CSD_code = GOTWET | q = 0 | S = 0 | Stoichiometry = C40H69N3O3Si3Zr | MND = 4
Zr        18.00863       12.21245       13.47008
Si        17.50263       15.27605       12.65966
Si        20.92552       10.97774       14.28971
Si        15.37489       10.31873       13.76029
N         18.45616       14.31190       13.69915
N         19.25099       10.91455       14.63052
N         15.94568       11.88832       14.11515
O         16.63187       13.98539       12.06287
O         20.82198       12.33212       13.33429
O         16.81128        9.81971       13.06541
C         18.44545       16.20970       11.25540
H         18.80078       15.53152       10.48504
H         19.31534       16.72638       11.64749
H         17.82538       16.95951       10.77440
C         16.40573       16.59330       13.52812
H         15.86015       17.21531       12.82418
H         17.02075       17.25516       14.12882
H         15.68609       16.13043       14.19732
C         21.74175        9.49423       13.35528
H         21.45415        9.45550       12.30915
H         21.46162        8.54437       13.79908
H         22.82569        9.54375       13.39433
C         21.97884       11.17895       15.88374
H         23.04285       11.04944       15.70714
H         21.67960       10.42719       16.60812
H         21.83012       12.15014       16.34520
C         13.88874       10.14033       12.52889
H         14.18325       10.16765       11.48570
H         13.16849       10.93905       12.67365
H         13.35673        9.20666       12.69147
C         14.80527        9.34017       15.31522
H         14.09019        8.55628       15.08171
H         14.31544       10.02239       16.00319
H         15.63411        8.89139       15.85114
C         18.57583       11.77322       11.33342
H         17.89812       11.08586       10.81033
H         19.58290       11.33841       11.27699
H         18.59603       12.70653       10.75196
C         15.50539       14.00972       11.19550
C         15.60309       15.11338       10.14208
H         15.55324       16.09181       10.60800
H         14.77797       15.01916        9.44022
H         16.53757       15.03050        9.59605
C         15.46559       12.64587       10.49716
H         16.24436       12.59007        9.74001
H         14.50110       12.48854       10.02075
H         15.64045       11.87647       11.24880
C         14.23176       14.20512       12.02232
H         14.16637       13.42949       12.77876
H         13.35414       14.15882       11.38253
H         14.25179       15.16911       12.52079
C         19.22057       14.81202       14.71793
C         19.68477       16.13600       14.76655
H         19.45206       16.79811       13.94765
C         20.43198       16.60122       15.83035
H         20.77296       17.62782       15.82338
C         20.75088       15.78298       16.90549
C         20.29584       14.46841       16.87124
H         20.52158       13.81164       17.70106
C         19.55572       13.98728       15.81083
H         19.23226       12.94780       15.80212
C         21.87914       13.09696       12.76965
C         21.23936       14.04098       11.74759
H         20.88818       13.47694       10.88749
H         21.95813       14.78463       11.41304
H         20.39195       14.53466       12.21400
C         22.90920       12.21289       12.06449
H         23.46910       11.62844       12.78666
H         23.60382       12.83571       11.50630
H         22.41251       11.53770       11.37429
C         22.57648       13.91814       13.85734
H         21.84988       14.53440       14.37723
H         23.33217       14.56061       13.41230
H         23.05555       13.26117       14.57537
C         18.74445       10.19002       15.68126
C         17.70557       10.71951       16.46974
H         17.30012       11.69996       16.23403
C         17.20447       10.02828       17.55383
H         16.41281       10.47233       18.14194
C         17.69572        8.77606       17.90993
C         18.72436        8.24738       17.14233
H         19.13445        7.27861       17.39549
C         19.24263        8.93495       16.06251
H         20.05245        8.50387       15.49482
C         17.11673        8.51535       12.58120
C         16.30546        8.20168       11.32032
H         15.26132        8.03879       11.56540
H         16.69671        7.30566       10.84507
H         16.37768        9.03056       10.62000
C         16.84511        7.45418       13.64822
H         17.37368        7.71453       14.56170
H         17.19188        6.48337       13.30273
H         15.78359        7.38731       13.85896
C         18.61112        8.50363       12.24541
H         18.80212        9.05499       11.32983
H         18.96570        7.48351       12.12024
H         19.14605        8.98029       13.06132
C         15.26010       12.73964       14.94115
C         15.93599       13.78505       15.59750
H         16.99983       13.91531       15.42557
C         15.27717       14.65686       16.44216
H         15.84033       15.44375       16.92645
C         13.91371       14.54328       16.68377
C         13.23530       13.51189       16.04635
H         12.17307       13.39286       16.21361
C         13.88311       12.63285       15.20381
H         13.32027       11.84583       14.72836
C         13.20617       15.48211       17.61607
H         12.16373       15.60096       17.32771
H         13.68451       16.45939       17.61709
H         13.23061       15.09518       18.63615
C         17.12158        8.03207       19.07947
H         17.11820        8.65985       19.96954
H         17.69864        7.13455       19.28890
H         16.09102        7.73906       18.87639
C         21.55430       16.28508       18.06886
H         22.44544       15.67423       18.21232
H         20.96848       16.23834       18.98700
H         21.86331       17.31539       17.90956
