63
CSD_code = GUFTOQ | q = 0 | S = 0 | Stoichiometry = C21H27BN9O2ReSSi | MND = 6
Re         2.60096        0.58121        4.30354
S          2.13060        0.52939        1.84005
O          4.14811        0.05814        4.09406
O          0.96750        1.22563        4.50014
N          1.89526       -1.26872        5.05987
N          2.85214        1.12778        6.45705
N          2.15970       -1.78383        9.42901
N          4.75638       -2.56182        5.82732
N          3.09537        2.43068        3.21972
N          2.10467       -1.78100        6.27329
N          2.96623        0.26218        7.46377
N          3.13819       -1.99752        8.53432
N          4.53020       -1.44069        6.52613
C          2.72053        2.14045        1.95732
C          2.82257        3.06107        0.90593
C          3.36102        4.29197        1.22729
H          3.46683        5.04170        0.45827
C          3.78038        4.57959        2.52677
H          4.21688        5.53425        2.77208
C          3.62909        3.61361        3.49811
H          3.94662        3.77246        4.51897
C         -0.29185        1.72851        4.61285
H         -0.52940        1.94114        5.66565
H         -1.02813        1.00879        4.22788
H         -0.38880        2.66231        4.03858
C          3.30949        1.11790       -1.45996
H          4.36349        1.37840       -1.49533
H          3.01102        0.81346       -2.45835
H          3.20321        0.26024       -0.80410
C          0.39372        2.15748       -0.78053
H         -0.19467        2.99682       -0.41994
H          0.21283        1.31453       -0.12215
H          0.02098        1.89470       -1.76552
C          2.51470        4.08966       -1.97310
H          3.55985        4.37700       -2.02952
H          1.94714        4.95286       -1.63947
H          2.18910        3.86023       -2.98203
C          1.39816       -2.90516        6.40706
H          1.42799       -3.48213        7.30814
C          0.69104       -3.12216        5.23894
H          0.02657       -3.93082        5.01653
C          1.04449       -2.06179        4.41636
H          0.73709       -1.84190        3.41146
C          2.91999        0.92184        8.62526
H          2.97820        0.40386        9.55974
C          2.75676        2.26809        8.35775
H          2.67842        3.07142        9.06037
C          2.71877        2.34405        6.97080
H          2.59314        3.20346        6.34155
C          3.93659       -3.00823        8.94485
H          4.76403       -3.33483        8.34950
C          3.46160       -3.45736       10.15290
H          3.85466       -4.24351       10.76425
C          2.34503       -2.64897       10.40552
H          1.68205       -2.66428       11.24893
C          5.61779       -0.63716        6.49281
H          5.63349        0.30717        6.99997
C          6.58095       -1.26598        5.74398
H          7.56423       -0.91416        5.50768
C          5.97920       -2.46861        5.35059
H          6.38806       -3.25725        4.74959
B          3.20525       -1.24237        7.22554
Si         2.25275        2.57419       -0.84383
