97
CSD_code = GUXFUB | q = 0 | S = 0 | Stoichiometry = C35H51N2O4Si4Y | MND = 6
Y         10.90128        3.10312        3.84516
Si         8.02377        2.15475        5.40539
Si         8.05014        1.85835        2.38716
Si        14.21102        4.20820        3.91477
Si        13.59901        1.51259        2.63051
O         10.71376        1.97908        6.21351
O         10.31621        3.19545        1.29553
O         12.21198        4.52865        5.89175
O         11.57464        0.25614        4.03079
N          8.82769        2.15319        3.89065
N         13.12525        3.00939        3.33313
C         13.01994        1.66701        6.97179
H         13.49189        0.70732        7.17704
H         13.47549        2.41570        7.62019
H         13.21182        1.94078        5.93365
C         11.55211        1.58401        7.20577
C         10.82380        1.16667        8.27927
H         11.20899        0.79761        9.20872
C          9.46246        1.31009        7.91694
H          8.61305        1.07156        8.52413
C          9.42849        1.80710        6.64747
C          7.17365        3.79048        5.94585
H          7.83489        4.65065        5.91309
H          6.78972        3.70970        6.95842
H          6.33218        4.00368        5.29491
C          6.68334        0.82209        5.67877
H          7.01969       -0.17726        5.43095
H          5.81852        1.03751        5.06194
H          6.35197        0.81150        6.71141
C          7.92671       -0.00416        1.95240
H          8.89710       -0.49051        1.98433
H          7.52392       -0.14268        0.95448
H          7.27297       -0.52171        2.64615
C          6.30600        2.61728        2.21105
H          5.61003        2.13761        2.88972
H          5.92176        2.49568        1.20424
H          6.30676        3.67825        2.43847
C          9.09662        2.64578        1.00857
C          8.85065        2.80387       -0.32346
H          7.97619        2.47368       -0.84677
C          9.95968        3.48316       -0.88061
H         10.09160        3.77154       -1.90400
C         10.82788        3.70672        0.14447
C         12.14709        4.39054        0.19496
H         12.66499        4.11815        1.11425
H         12.01345        5.47204        0.17677
H         12.75391        4.11125       -0.66393
C         10.64890        4.90123        7.74847
H         10.27526        5.74807        8.31728
H         10.94451        4.11780        8.44799
H          9.84882        4.50643        7.12171
C         11.80425        5.32908        6.91389
C         12.59899        6.43281        6.98166
H         12.51538        7.23916        7.68222
C         13.55274        6.29854        5.94454
H         14.33483        6.98891        5.70245
C         13.28745        5.12866        5.29676
C         14.77206        5.48119        2.60411
H         15.28014        4.98319        1.78483
H         15.46715        6.19396        3.03501
H         13.94053        6.03912        2.18812
C         15.80230        3.58447        4.78174
H         15.63033        2.67475        5.34745
H         16.18784        4.33231        5.46780
H         16.57923        3.37734        4.05555
C         15.45356        1.20592        2.35276
H         15.89956        2.04145        1.82662
H         15.61713        0.31416        1.75826
H         15.98401        1.08316        3.28812
C         12.70286        1.04217        0.99835
H         12.93987        1.70291        0.17237
H         11.62263        1.03264        1.12662
H         12.99652        0.03786        0.70451
C         12.92425        0.18678        3.80773
C         13.41661       -0.93688        4.40215
H         14.43972       -1.25394        4.39738
C         12.32502       -1.59772        5.01255
H         12.34937       -2.51721        5.56222
C         11.22288       -0.84052        4.75060
C          9.78997       -1.06113        5.07480
H          9.61081       -0.97003        6.14550
H          9.48458       -2.05894        4.76352
H          9.19338       -0.31844        4.55233
C          9.92089        5.24382        3.87462
H          8.83948        5.06104        3.87380
H         10.18436        5.77325        4.79889
C         10.25726        6.09870        2.72441
C         11.36349        6.95910        2.75286
H         11.99407        6.97465        3.63240
C         11.65178        7.78894        1.68795
H         12.50854        8.44688        1.73778
C         10.84431        7.79337        0.56004
H         11.06899        8.44651       -0.27034
C          9.73648        6.95993        0.51788
H          9.09227        6.96398       -0.35008
C          9.44504        6.13082        1.58175
H          8.56803        5.49664        1.54155
