100
CSD_code = GUXFEL | q = 0 | S = 0 | Stoichiometry = C30H60NO4Si4Y | MND = 5
Y         -5.84281        1.51643       14.50399
Si        -6.70289       -0.20436       11.46956
Si        -6.97758        4.79673       13.53872
O         -8.49299        6.07027       15.51824
O         -3.54233        1.93281       12.97018
N         -5.84237        3.93822       14.50457
C         -9.68500        7.27875       17.27206
H         -9.83727        8.30308       17.59882
H         -9.22021        6.71182       18.07853
H        -10.65368        6.82733       17.05791
C         -8.81856        7.26320       16.06150
C         -8.24515        8.26955       15.34295
H         -8.32817        9.32049       15.53631
C         -7.52321        7.64462       14.29880
H         -6.94488        8.12807       13.53880
C         -7.69813        6.29816       14.43766
C         -6.29580        5.50716       11.89586
H         -5.41437        6.11113       12.07398
H         -7.03261        6.14160       11.41416
H         -6.02564        4.72668       11.19210
C         -8.49076        3.70463       13.10844
H         -8.22437        2.65555       12.99907
H         -8.94092        4.03083       12.17589
H         -9.25044        3.78721       13.87823
C         -7.20605       -0.03323       13.27263
H         -7.14377       -1.01191       13.76420
H         -8.25787        0.26645       13.33070
C         -6.67298        1.53170       10.65344
H         -6.10600        1.53233        9.72713
H         -6.22876        2.26484       11.32558
H         -7.67631        1.87015       10.41479
C         -4.94289       -0.95683       11.38396
H         -4.55741       -0.97217       10.36942
H         -4.93780       -1.97851       11.74947
H         -4.25644       -0.38211       11.99846
C         -7.83649       -1.30707       10.37928
H         -7.49368       -1.34698        9.34979
H         -8.85521       -0.93190       10.36974
H         -7.86861       -2.32566       10.75303
C         -3.45471        3.05462       12.07576
H         -4.00088        3.89014       12.51680
H         -3.91710        2.76648       11.12314
C         -1.97046        3.34938       11.88485
H         -1.76294        3.79812       10.91659
H         -1.61856        4.01934       12.66869
C         -1.35888        1.96100       12.04604
H         -1.47584        1.38634       11.12643
H         -0.30703        1.98106       12.32099
C         -2.23399        1.37939       13.15179
H         -2.30957        0.28917       13.11429
H         -1.85181        1.67463       14.13719
Si        -4.98161       -0.20439       17.53954
Si        -4.70721        4.79675       15.47045
O         -3.19180        6.07030       13.49104
O         -8.14230        1.93279       16.03930
C         -1.99951        7.27870       11.73740
H         -1.84715        8.30301       11.41062
H         -2.46429        6.71177       10.93092
H         -1.03087        6.82722       11.95164
C         -2.86599        7.26322       12.94793
C         -3.43931        8.26959       13.66653
H         -3.35624        9.32053       13.47319
C         -4.16152        7.64467       14.71049
H         -4.73993        8.12815       15.47041
C         -3.98653        6.29822       14.57171
C         -5.38879        5.50677       17.11356
H         -6.27014        6.11091       16.93563
H         -4.65184        6.14100       17.59534
H         -5.65901        4.72616       17.81716
C         -3.19407        3.70453       15.90049
H         -3.46056        2.65537       16.01080
H         -2.74307        4.03135       16.83259
H         -2.43481        3.78644       15.12997
C         -4.47875       -0.03264       15.73650
H         -4.54122       -1.01149       15.24534
H         -3.42668        0.26627       15.67884
C         -5.01152        1.53170       18.35570
H         -5.57827        1.53227       19.28214
H         -5.45598        2.26491       17.68377
H         -4.00819        1.87025       18.59419
C         -6.74168       -0.95666       17.62568
H         -7.12722       -0.97152       18.64011
H         -6.74664       -1.97847       17.26085
H         -7.42822       -0.38252       17.01083
C         -3.84775       -1.30680       18.62982
H         -4.19020       -1.34652       19.65944
H         -2.82899       -0.93173       18.63891
H         -3.81591       -2.32542       18.25619
C         -8.22996        3.05463       16.93366
H         -7.68382        3.89016       16.49260
H         -7.76758        2.76652       17.88630
C         -9.71420        3.34938       17.12457
H         -9.92173        3.79808       18.09285
H        -10.06607        4.01937       16.34075
C        -10.32577        1.96100       16.96328
H        -10.20878        1.38625       17.88283
H        -11.37762        1.98109       16.68837
C         -9.45067        1.37955       15.85744
H         -9.37520        0.28931       15.89466
H         -9.83275        1.67508       14.87208
