94
CSD_code = HAFCEX | q = 0 | S = 0 | Stoichiometry = C40H45Cl2N2O2Si2Ta | MND = 6
Ta         9.69296       11.47624       26.04626
Cl        11.69382       10.35187       25.94391
Cl         8.78441        9.75611       24.88235
Si         5.81495       12.25445       24.59014
Si        12.71926       12.45331       29.02984
O          7.96750       12.09164       26.48518
O         10.37064       12.66763       27.27076
N         10.16763       12.60009       24.47702
N          9.40399        9.94618       28.13842
C          7.49344       13.33292       26.56594
C          6.46633       13.67970       25.65249
C          6.02099       14.97060       25.59866
C          6.59221       15.97921       26.40071
C          6.20358       17.32839       26.27642
C          6.78337       18.30011       27.04235
C          7.79065       17.95653       27.95485
C          8.17688       16.65397       28.11034
C          7.57698       15.62035       27.35814
C          7.96609       14.25388       27.49076
C         10.06240       13.22990       28.43309
C         11.01118       13.14028       29.48503
C         10.66426       13.57377       30.73566
C          9.37285       14.06390       31.01456
C          8.98170       14.41409       32.32315
C          7.72133       14.87541       32.57871
C          6.79515       14.99089       31.53170
C          7.14958       14.67590       30.24950
C          8.45228       14.22291       29.94515
C          8.84499       13.87683       28.61959
C         10.32366       14.03505       24.54576
C         10.78239       12.06327       23.28174
C          8.21196       10.24054       28.93434
C          9.48082        8.51791       27.82362
C          6.93158       12.07179       23.06466
C          7.10246       10.85207       22.41792
C          7.83084       10.76142       21.24495
C          8.38865       11.89727       20.68408
C          8.22456       13.12153       21.31128
C          7.50795       13.20282       22.49155
C          4.11994       12.81381       23.89868
C          5.50070       10.65822       25.58165
C         12.64318       10.56233       29.23515
C         13.44679        9.70726       28.48845
C         13.40936        8.33810       28.68419
C         12.57284        7.79394       29.64408
C         11.77448        8.62803       30.40865
C         11.80823        9.99698       30.20057
C         13.94339       13.06004       30.36770
C         13.35116       13.07812       27.34921
H         10.22722       10.16529       28.71104
H          5.22498       15.23677       24.91924
H          5.44166       17.57819       25.55164
H          6.48267       19.33250       26.94144
H          8.26766       18.73230       28.53589
H          8.96663       16.41022       28.80453
H         11.38588       13.53121       31.53781
H          9.70082       14.30052       33.12199
H          7.42738       15.14108       33.58339
H          5.79210       15.32926       31.74586
H          6.42372       14.75460       29.45492
H          6.66107        9.96223       22.83918
H          7.95740        9.80332       20.76163
H          8.94829       11.83022       19.76186
H          8.65130       14.01411       20.87290
H          7.37870       14.16197       22.97502
H          3.66709       12.01382       23.32351
H          4.21964       13.66662       23.23621
H          3.42807       13.08362       24.68942
H          5.08148       10.88723       26.55778
H          6.42292       10.10770       25.73177
H          4.80060       10.00872       25.06434
H         14.10338       10.11965       27.73940
H         14.03617        7.69204       28.08757
H         12.54603        6.72523       29.80023
H         11.12866        8.21236       31.17028
H         11.19158       10.64472       30.81173
H         13.93789       14.14078       30.46209
H         14.95415       12.75579       30.11873
H         13.71334       12.63877       31.34034
H         12.84057       12.58415       26.52974
H         14.41674       12.89821       27.24142
H         13.18349       14.14742       27.25169
H         11.38862       14.30484       24.56587
H          9.84818       14.41011       25.45227
H          9.86090       14.52394       23.68173
H         10.57895       12.69600       22.41428
H         10.38973       11.06601       23.07913
H         11.87104       11.98747       23.41605
H          7.32587       10.04923       28.32887
H          8.21493       11.29074       29.22469
H          8.16661        9.62043       29.83736
H          9.46814        7.90548       28.73164
H         10.40254        8.32248       27.27765
H          8.63635        8.24288       27.19255
