60
CSD_code = HAGXOE | q = 0 | S = 0 | Stoichiometry = C22H32ClIrN2OSi | MND = 6
Ir        10.03145        6.39047        7.58230
H         11.01342        5.24521        7.82518
Cl        10.29130        7.23325        9.83929
C          9.72767        5.71554        5.73083
C          9.32705        5.39272        4.63231
Si         8.67506        4.95041        2.95472
C          7.39304        6.33246        2.53345
H          7.90494        7.28567        2.70929
C          6.93901        6.32478        1.07560
H          6.28399        7.17332        0.87494
H          6.38962        5.41628        0.84257
H          7.79105        6.39074        0.40356
C          6.18017        6.30197        3.45772
H          5.52967        7.15752        3.27399
H          6.49093        6.32803        4.50010
H          5.59602        5.39948        3.29510
C         10.12989        5.03179        1.70810
H          9.77628        4.80129        0.69738
C         10.73781        6.43141        1.68592
H         11.57488        6.47589        0.98995
H         11.10302        6.69436        2.67614
H         10.00543        7.17518        1.38179
C         11.21022        4.01629        2.06685
H         12.05421        4.09667        1.38258
H         10.82779        3.00031        2.01191
H         11.57005        4.19320        3.07764
C          7.97647        3.16011        3.07335
H          8.84038        2.48811        3.06057
C          7.08047        2.77296        1.89937
H          6.81416        1.71707        1.95258
H          7.58229        2.94739        0.94995
H          6.15682        3.34834        1.91409
C          7.25296        2.91349        4.39447
H          6.93905        1.87256        4.46975
H          6.36692        3.53868        4.47525
H          7.90788        3.13801        5.23261
C         11.43576        7.50243        7.10937
O         12.29342        8.23108        6.90519
N          8.47453        7.97730        7.23337
C          8.15803        8.40950        6.01481
H          8.70082        7.96425        5.19254
C          7.17931        9.36095        5.79032
H          6.96148        9.67817        4.78306
C          6.49748        9.89117        6.87462
H          5.72938       10.63739        6.73520
C          6.83206        9.44412        8.14162
H          6.33821        9.82828        9.02017
C          7.82635        8.48887        8.27303
H          8.13653        8.13998        9.24977
N          8.44350        5.20408        8.27003
C          7.32430        5.05149        7.55855
H          7.33339        5.44235        6.54995
C          6.20268        4.40654        8.04564
H          5.32700        4.31532        7.42289
C          6.22968        3.88569        9.32974
H          5.37024        3.37838        9.74121
C          7.39433        4.02892       10.06462
H          7.47463        3.63678       11.06587
C          8.47264        4.68830        9.50005
H          9.38449        4.82660       10.06310
