121
CSD_code = HARKIU | q = 0 | S = 0 | Stoichiometry = C32H76CrN2O8Si2 | MND = 4
Cr        -0.28371        7.53252        7.52265
Si        -0.95413        5.16440        5.27626
O         -0.90945        3.63571        5.85892
O         -0.23419        6.25217        6.17083
O         -0.42742        5.07198        3.72258
O         -2.55582        5.56895        5.34203
N         -2.35859        7.07319        7.86640
C         -1.73070        5.01302        9.03782
C         -3.06049        8.92993        6.44763
C         -3.31967        8.16190        7.73258
C         -2.69667        6.18385        8.97349
C         -0.19196        1.66064        6.93777
C         -4.83907        5.87629        4.77956
C          0.03529        1.94607        4.44626
C         -0.53917        7.43019        3.17096
C         -0.11864        5.64908        1.44720
C         -3.45339        4.18459        3.55785
C         -4.05600        3.79809        5.95664
C          1.48055        3.27769        6.00304
C          1.62444        6.16732        3.18311
C          0.10169        2.65094        5.80447
C          0.12139        6.07882        2.89908
C         -3.70126        4.85564        4.90742
H         -2.42620        6.51430        7.00812
H         -3.72792        5.80767        8.86416
H         -2.64676        6.75519        9.90494
H         -3.21036        8.82988        8.59328
H         -4.35204        7.77241        7.73211
H         -3.79185        9.72416        6.31858
H         -2.06023        9.35608        6.49381
H         -3.10951        8.25446        5.59785
H         -2.00680        4.33688        9.84384
H         -1.73305        4.46976        8.09689
H         -0.72643        5.39255        9.21252
H          1.75891        6.34829        4.24644
H          2.11055        5.22938        2.92337
H          2.08024        6.97216        2.61216
H          1.47678        3.87341        6.91085
H          2.24444        2.50743        6.07383
H          1.70147        3.93070        5.16504
H         -3.19334        3.15724        6.10879
H         -4.30405        4.27443        6.90194
H         -4.90265        3.20148        5.62700
H         -3.16387        4.93103        2.82331
H         -2.64299        3.46966        3.65270
H         -4.35142        3.67539        3.21614
H         -1.18522        5.59299        1.24634
H          0.33479        6.36170        0.76334
H          0.31357        4.66656        1.27504
H         -0.38068        7.69822        4.21287
H         -0.12361        8.19745        2.52288
H         -1.60920        7.35443        2.99729
H         -0.92012        1.43843        4.33504
H          0.12533        2.69192        3.66187
H          0.83689        1.21794        4.35315
H         -4.57935        6.63480        4.04511
H         -5.75330        5.37990        4.46462
H         -5.01508        6.36578        5.73375
H         -0.12851        2.16851        7.89661
H         -1.19534        1.25704        6.82694
H          0.52222        0.84187        6.91808
O         -0.33323        8.81292        8.87442
N          1.79116        7.99184        7.17888
Si         0.38671        9.90063        9.76905
C          2.75222        6.90311        7.31270
C          2.12924        8.88118        6.07179
H          1.85878        8.55073        8.03717
O          0.34204       11.42935        9.18645
O         -0.14001        9.99298       11.32273
O          1.98839        9.49607        9.70326
C          2.49301        6.13507        8.59764
H          2.64290        6.23514        6.45199
H          3.78459        7.29259        7.31319
C          1.16327       10.05201        6.00747
H          3.16050        9.25735        6.18111
H          2.07931        8.30983        5.14034
C         -0.66911       12.41410        9.24088
C         -0.68886        8.98613       12.14619
C          3.13384       10.20935       10.13790
H          3.22436        5.34085        8.72670
H          1.49275        5.70891        8.55143
H          2.54199        6.81054        9.44743
H          1.43936       10.72814        5.20143
H          1.16566       10.59528        6.94840
H          0.15900        9.67247        5.83281
C         -0.37539       13.40446        8.10765
C         -0.60282       13.11891       10.59912
C         -2.04795       11.78735        9.04219
C         -0.02835        7.63475       11.87423
C         -0.44880        9.41579       13.59809
C         -2.19191        8.89770       11.86216
C          4.27163        9.18868       10.26573
C          2.88596       10.88035       11.48749
C          3.48860       11.26692        9.08872
H         -0.43877       12.89665        7.14878
H          0.62797       13.80807        8.21857
H         -1.08958       14.22323        8.12734
H          0.35256       13.62658       10.71042
H         -0.69288       12.37303       11.38348
H         -1.40445       13.84702       10.69221
H         -2.04410       11.19166        8.13435
H         -2.81185       12.55759        8.97136
H         -2.26893       11.13430        9.88014
H         -0.18685        7.36679       10.83232
H         -0.44394        6.86746       12.52227
H          1.04168        7.71045       12.04790
H          0.61778        9.47184       13.79894
H         -0.90225        8.70317       14.28192
H         -0.88097       10.39833       13.77030
H         -2.32638        8.71679       10.79882
H         -2.67798        9.83566       12.12194
H         -2.64775        8.09286       12.43307
H          4.01190        8.43015       11.00016
H          5.18587        9.68503       10.58070
H          4.44764        8.69922        9.31153
H          2.59643       10.13390       12.22200
H          2.07558       11.59530       11.39266
H          3.78401       11.38954       11.82923
H          2.62595       11.90780        8.93659
H          3.73665       10.79061        8.14340
H          4.33526       11.86351        9.41838
