120
CSD_code = HARPUN | q = 0 | S = 0 | Stoichiometry = C31H76N5OSi6Y | MND = 5
Y          7.96128        7.93069       16.13695
Si         4.19883       11.22404       16.49925
Si         6.80790       12.98478       16.01495
Si         6.56149        5.40729       17.87949
H          7.37095        6.26433       18.80685
Si         5.87795        5.43993       14.95059
H          6.40610        6.07795       13.70406
Si        10.65689        6.79742       17.93456
H         10.03999        5.45418       17.69994
Si        11.08069        9.01150       15.85884
H         10.18762        9.71244       14.86679
O          9.05864        6.75216       14.11320
N          6.93074        9.67275       15.02773
N          7.11397        9.71126       17.25212
N          5.91019       11.48907       16.20769
N          6.73218        6.07874       16.30072
N         10.10894        7.88553       16.72126
C          6.66115       10.30306       16.15968
C          6.47068       10.19528       13.75420
H          5.85973       11.09283       13.91432
C          5.61682        9.13878       13.04426
H          6.19712        8.21481       12.97483
H          4.73636        8.92544       13.65178
C          5.19641        9.60146       11.65295
H          4.60497        8.82141       11.16873
H          4.56824       10.49154       11.73948
C          6.41956        9.93279       10.80439
H          6.10701       10.27548        9.81536
H          7.02502        9.03320       10.67060
C          7.25307       11.01108       11.48875
H          6.65790       11.92464       11.56388
H          8.13676       11.23841       10.88804
C          7.68000       10.56639       12.88473
H          8.23878       11.36359       13.37738
H          8.33779        9.69521       12.82014
C          6.97400       10.31361       18.56410
H          6.39130       11.24117       18.49380
C          8.36583       10.64251       19.11902
H          8.83348       11.38949       18.47609
H          8.97300        9.73481       19.07371
C          8.28925       11.16515       20.55051
H          9.29665       11.36001       20.92506
H          7.74091       12.11121       20.56350
C          7.58194       10.16323       21.45667
H          8.15537        9.23505       21.48759
H          7.52207       10.55678       22.47414
C          6.18209        9.87607       20.92437
H          5.59629       10.79935       20.93846
H          5.67831        9.15134       21.56776
C          6.25362        9.33552       19.49945
H          6.79788        8.38670       19.48760
H          5.24975        9.14372       19.11497
C          3.80011        9.35918       16.46729
H          4.70689        8.75527       16.49100
H          3.24499        9.09244       15.57239
H          3.18743        9.07333       17.31775
C          3.18616       12.10648       15.14125
H          3.23444       13.18471       15.25019
H          2.14148       11.82292       15.21894
H          3.51980       11.85622       14.13933
C          3.63184       11.93429       18.18112
H          4.02049       11.37018       19.02294
H          2.54807       11.90084       18.24099
H          3.93062       12.96856       18.31004
C          6.29855       13.90559       14.41842
H          6.62969       13.39270       13.52124
H          6.74619       14.89476       14.41006
H          5.22449       14.03565       14.34704
C          8.67819       12.62373       15.94557
H          9.19815       13.04492       16.80086
H          9.13263       13.05309       15.05734
H          8.86965       11.55394       15.93305
C          6.43841       14.15452       17.47867
H          5.42186       14.53145       17.43867
H          7.10062       15.01358       17.43932
H          6.58028       13.67652       18.44257
C          4.76670        5.39725       18.54316
H          4.27618        6.34639       18.35120
H          4.74225        5.22192       19.61414
H          4.17464        4.61915       18.07226
C          7.22377        3.62504       18.07191
H          6.60909        2.90205       17.54707
H          7.24864        3.33568       19.11771
H          8.23490        3.54320       17.68573
C          3.99208        5.74660       14.94204
H          3.49517        5.18077       15.72274
H          3.55188        5.45325       13.99384
H          3.76380        6.79413       15.10286
C          6.08119        3.55455       14.68434
H          7.10841        3.23152       14.82004
H          5.77367        3.26571       13.68366
H          5.46866        2.99465       15.38304
C         12.54201        6.48817       17.95882
H         12.88164        6.02952       17.03648
H         12.81472        5.82429       18.77274
H         13.09548        7.41154       18.08958
C         10.21019        7.33365       19.71585
H         10.70390        8.25878       20.00021
H         10.50685        6.57167       20.43013
H          9.13831        7.47559       19.81781
C         12.49497        8.24707       14.81569
H         13.28855        7.86173       15.44559
H         12.93443        8.98936       14.15619
H         12.14053        7.42802       14.19821
C         11.89766       10.34233       16.95984
H         11.15795       10.84851       17.57073
H         12.40698       11.09325       16.36430
H         12.62896        9.90199       17.62967
C          9.68510        5.50887       14.49021
H          8.94198        4.93301       15.05174
H         10.53416        5.73099       15.14292
C         10.10631        4.79937       13.19956
H          9.94336        3.72604       13.25427
H         11.16053        4.98147       12.98705
C          9.23241        5.47646       12.14801
H          8.23563        5.03533       12.14579
H          9.65321        5.43164       11.14619
C          9.16751        6.89641       12.69674
H         10.08340        7.45354       12.45120
H          8.29782        7.45423       12.34476
