66
CSD_code = HASJOA | q = 0 | S = 0 | Stoichiometry = C29H33NOSiW | MND = 8
W          1.71059        3.44290        2.68943
Si         2.95295        1.94015        5.62760
O          0.35798        4.46258        5.09964
N          0.83815        3.96725        4.12008
C          3.63560        4.97010        2.68799
C          4.13895        3.67083        2.52637
C          3.61144        3.13233        1.31404
C          2.78774        4.10502        0.73420
C          2.75948        5.23455        1.60752
C          2.43288        1.65234        3.81667
C          0.15660        2.13714        1.82427
C         -1.15289        2.95200        1.72347
C          3.66469        3.68755        5.95158
C          4.30493        0.67337        6.11943
C          1.44360        1.69351        6.77241
C         -2.14505        2.34183        0.73335
C         -2.35924        0.96767        0.72954
C         -3.28440        0.39157       -0.12149
C         -4.02562        1.17979       -0.98397
C         -3.83950        2.55026       -0.97475
C         -2.91356        3.12504       -0.12181
C         -1.92534        3.01256        3.03999
C         -3.09371        3.77090        3.08596
C         -3.85485        3.84324        4.23650
C         -3.46671        3.14894        5.36945
C         -2.31565        2.38491        5.33322
C         -1.55144        2.31175        4.17969
C         -0.68799        4.33861        1.27702
C         -0.29130        4.53192       -0.05053
C          0.05188        5.78754       -0.52000
C          0.01936        6.88216        0.32971
C         -0.34358        6.70536        1.65418
C         -0.68931        5.44788        2.13060
H          1.62558        0.91363        3.84805
H          3.25005        1.17063        3.26702
H          0.47414        1.92036        0.78441
H         -0.06652        1.15619        2.25907
H          3.93163        5.68102        3.44690
H          4.90234        3.20579        3.13358
H          3.93240        2.20875        0.84916
H          2.36757        4.07089       -0.26289
H          2.34730        6.20577        1.36154
H          3.75648        3.86164        7.01934
H          4.64911        3.83151        5.51705
H          2.99939        4.44932        5.55474
H          4.60377        0.80627        7.15355
H          3.94899       -0.34558        6.01042
H          5.19552        0.77513        5.50712
H          1.73017        1.75437        7.81773
H          0.69955        2.46146        6.58846
H          0.97343        0.72710        6.61753
H         -1.80557        0.33408        1.40506
H         -3.42918       -0.67895       -0.10696
H         -4.74713        0.73123       -1.65064
H         -4.42060        3.18058       -1.63251
H         -2.79344        4.19885       -0.13121
H         -3.40905        4.31815        2.20941
H         -4.75243        4.44457        4.24783
H         -4.05679        3.20605        6.27203
H         -1.99989        1.84169        6.21125
H         -0.65027        1.71770        4.19768
H         -0.30133        3.69383       -0.73569
H          0.33226        5.91502       -1.55610
H          0.26912        7.86522       -0.04216
H         -0.37650        7.55208        2.32407
H         -1.05069        5.35463        3.14549
