103
CSD_code = HAYBOZ | q = 0 | S = 0 | Stoichiometry = C42H54N2Si4Ti | MND = 12
Ti        -0.20969        6.29501        3.96613
C          1.62663        4.01646        3.31130
C          2.99110        3.60837        3.31246
C          3.40836        2.51960        2.56054
H          4.44909        2.22977        2.57566
C          2.49770        1.80266        1.78876
C          1.15229        2.19575        1.78499
H          0.44589        1.63279        1.19245
C          0.72757        3.27395        2.52456
H         -0.31746        3.55635        2.53257
N          1.22908        5.07055        4.06990
C          3.91603        4.34709        4.08426
C          4.65150        5.03468        4.75928
Si         5.83253        6.03784        5.77645
C          4.86997        6.80015        7.23861
H          4.23919        7.62394        6.91659
H          4.23253        6.06487        7.72106
H          5.54769        7.18972        7.99288
C          7.21321        4.89188        6.41445
H          7.73277        4.41093        5.59128
H          7.95035        5.44106        6.99349
H          6.81134        4.10858        7.04993
C          6.55455        7.42132        4.68010
H          5.77063        8.05286        4.27217
H          7.23169        8.05928        5.24113
H          7.10922        7.00832        3.84304
C          2.92609        0.69467        1.02665
C          3.29776       -0.25449        0.37351
Si         3.87147       -1.70890       -0.62058
C          5.19068       -1.11360       -1.86347
H          6.04132       -0.67425       -1.35108
H          5.56110       -1.93198       -2.47452
H          4.78710       -0.35951       -2.53249
C          2.37497       -2.44527       -1.54514
H          1.60912       -2.77583       -0.84995
H          1.92253       -1.71188       -2.20588
H          2.66198       -3.30077       -2.15019
C          4.62021       -3.00262        0.56426
H          5.45796       -2.58874        1.11744
H          3.88588       -3.34168        1.28872
H          4.97979       -3.87527        0.02613
C         -1.22051        6.59901        6.11338
H         -2.09400        6.06665        6.46858
C          0.11826        6.25489        6.37703
H          0.45164        5.40594        6.95915
C          0.93910        7.30138        5.89879
H          2.00831        7.38462        6.04990
C          0.10652        8.29506        5.36679
H          0.42942        9.27529        5.04551
C         -1.22688        7.85141        5.46244
H         -2.11208        8.43230        5.23318
H          2.02273        5.38976        4.63516
C         -2.04644        4.01677        4.62044
C         -3.41098        3.60890        4.61924
C         -3.82847        2.52020        5.37117
H         -4.86928        2.23065        5.35614
C         -2.91788        1.80303        6.14283
C         -1.57239        2.19583        6.14653
H         -0.86611        1.63277        6.73911
C         -1.14748        3.27398        5.40702
H         -0.10238        3.55612        5.39892
N         -1.64867        5.07082        3.86191
C         -4.33540        4.34724        3.84645
C         -5.07131        5.03622        3.17333
Si        -6.25166        6.03930        2.15526
C         -5.28848        6.80150        0.69343
H         -4.65777        7.62527        1.01564
H         -4.65091        6.06619        0.21120
H         -5.96588        7.19112       -0.06111
C         -7.63234        4.89368        1.51665
H         -8.15232        4.41277        2.33957
H         -8.36915        5.44309        0.93739
H         -7.23042        4.11036        0.88124
C         -6.97372        7.42288        3.25142
H         -6.18978        8.05424        3.65959
H         -7.65058        8.06097        2.69020
H         -7.52869        7.00993        4.08831
C         -3.34609        0.69556        6.90580
C         -3.71692       -0.25410        7.55871
Si        -4.28924       -1.70880        8.55318
C         -5.60790       -1.11442        9.79709
H         -6.45931       -0.67586        9.28533
H         -5.97714       -1.93305       10.40852
H         -5.20444       -0.35991       10.46572
C         -2.79140       -2.44374        9.47678
H         -2.02568       -2.77349        8.78107
H         -2.33922       -1.70997       10.13727
H         -3.07715       -3.29956       10.08196
C         -5.03775       -3.00331        7.36909
H         -5.87643       -2.59026        6.81671
H         -4.30372       -3.34160        6.64396
H         -5.39591       -3.87632        7.90758
C          0.80127        6.59958        1.81905
H          1.67466        6.06714        1.46371
C         -0.53756        6.25579        1.55530
H         -0.87111        5.40707        0.97292
C         -1.35821        7.30228        2.03387
H         -2.42740        7.38577        1.88280
C         -0.52544        8.29563        2.56618
H         -0.84815        9.27581        2.88781
C          0.80788        7.85176        2.47041
H          1.69319        8.43239        2.69989
H         -2.44225        5.39023        3.29666
