98
CSD_code = HAZDES | q = 0 | S = 0 | Stoichiometry = C41H47CrO7PSi | MND = 9
Cr         4.12892        8.05957        3.45832
C          5.69675        8.89568        3.11046
O          6.70390        9.39744        2.83005
C          4.11030        8.32357        1.66910
O          4.16456        8.55332        0.52799
P          3.10598       10.06326        3.53833
O          2.60460       10.75776        4.94683
C          3.41712       10.88562        6.04144
C          2.80901       11.13593        7.26721
H          1.73381       11.21694        7.31321
C          3.58598       11.28082        8.40231
H          3.11023       11.47553        9.35187
C          4.96500       11.17571        8.32322
H          5.56779       11.28742        9.21156
C          5.56647       10.93331        7.09965
H          6.64013       10.85787        7.02734
C          4.79971       10.78762        5.95654
H          5.25666       10.60211        4.99534
O          3.92205       11.24586        2.81925
C          3.31490       12.45631        2.49342
C          3.30625       13.49962        3.40648
H          3.74991       13.35761        4.38064
C          2.73634       14.71066        3.05171
H          2.72860       15.52429        3.76165
C          2.17743       14.87825        1.79636
H          1.73152       15.82347        1.52524
C          2.19202       13.83198        0.88857
H          1.75833       13.95990       -0.09186
C          2.75830       12.61789        1.23371
H          2.78297       11.78818        0.54468
O          1.69322       10.27188        2.78525
C          0.71566        9.30228        2.78422
C         -0.25250        9.28938        3.77850
H         -0.20882       10.03289        4.55982
C         -1.24914        8.32927        3.75003
H         -2.00295        8.31737        4.52326
C         -1.27815        7.38359        2.73792
H         -2.05445        6.63362        2.72254
C         -0.31181        7.40347        1.74589
H         -0.33357        6.66977        0.95421
C          0.68892        8.35995        1.76563
H          1.44838        8.39858        1.00059
C          6.36005        5.59653        4.09658
O          7.36521        5.94718        4.94746
Si         7.80591        5.47276        6.45157
C          6.30761        5.19657        7.60812
H          5.48858        4.73231        7.06446
H          5.92859        6.11793        8.04027
H          6.56390        4.53783        8.43152
C          8.75870        3.81745        6.43038
H          9.64383        3.86218        5.80281
H          8.13460        3.00601        6.06486
H          9.08510        3.54603        7.42927
C          8.93309        6.92205        7.02119
C          9.38797        6.67917        8.46086
H          8.53544        6.61852        9.13321
H         10.03156        7.49071        8.79904
H          9.94760        5.75027        8.53680
C          8.19253        8.26103        6.95933
H          7.32463        8.25970        7.61701
H          7.86492        8.47084        5.94351
H          8.85257        9.06835        7.27695
C         10.17077        7.01987        6.12630
H         10.75798        6.10611        6.17405
H         10.80450        7.84721        6.44475
H          9.88091        7.19107        5.09313
C          6.60400        4.73956        3.04080
C          8.02159        4.28567        2.82422
H          8.06327        3.44036        2.14090
H          8.43969        3.96856        3.77979
C          8.87325        5.43519        2.27885
H          9.89380        5.10045        2.10531
H          8.89058        6.25494        2.99065
H          8.46296        5.81176        1.34518
C          5.53987        4.34702        2.19110
C          5.74189        3.36581        1.06540
H          4.76080        2.98749        0.77404
H          6.32831        2.51269        1.41316
C          6.42214        3.99023       -0.15572
H          6.37614        3.30290       -0.99809
H          7.46508        4.21396        0.04515
H          5.92924        4.91807       -0.43712
C          4.26900        4.84219        2.41178
O          3.18550        4.39696        1.66365
C          2.89732        5.17217        0.51355
H          1.95605        4.78802        0.12262
H          3.67602        5.06343       -0.24623
H          2.79304        6.23175        0.76101
C          4.00985        5.78385        3.44165
C          2.70423        6.31099        3.68244
H          1.87684        5.93945        3.09185
C          2.47630        7.18609        4.72882
H          1.46467        7.50012        4.96241
C          3.54714        7.59819        5.56541
H          3.34342        8.22725        6.42454
C          4.82656        7.12155        5.33778
H          5.63646        7.40190        5.99438
C          5.08163        6.16877        4.30700
