102
CSD_code = HEDCOJ | q = 0 | S = 0 | Stoichiometry = C33H57F3MoN2O3SSi2 | MND = 5
Mo        -7.01110        7.34911       -4.18977
N         -6.80915        6.37202       -5.80874
N         -7.64239        8.86024       -4.76586
Si        -9.67848        5.38162       -3.19601
Si        -5.24311        9.03780       -1.75623
S         -5.21677        4.67228       -3.69782
O         -6.25436        5.62824       -3.28716
O         -5.62686        3.86286       -4.80734
O         -3.89616        5.21256       -3.72007
F         -5.02060        4.29664       -1.11520
F         -4.39762        2.55416       -2.22889
F         -6.49369        3.04129       -2.06001
C         -6.68060        6.75537       -7.15723
C         -7.80942        7.10574       -7.91505
C         -7.64898        7.41130       -9.26010
H         -8.51347        7.66122       -9.85596
C         -6.40438        7.38022       -9.85781
H         -6.30053        7.60753      -10.90822
C         -5.29270        7.05505       -9.10431
H         -4.32265        7.03148       -9.57609
C         -5.40669        6.75047       -7.75627
C         -9.19512        7.07247       -7.31317
H         -9.09017        6.95365       -6.22352
C         -9.97057        5.87673       -7.87670
H         -9.41059        4.95484       -7.73724
H        -10.14579        6.00550       -8.94253
H        -10.93207        5.77788       -7.37796
C         -9.96202        8.37023       -7.56887
H         -9.40279        9.22199       -7.19004
H        -10.92453        8.33291       -7.06407
H        -10.14567        8.51833       -8.63009
C         -4.17830        6.38782       -6.95319
H         -4.42502        6.43116       -5.88262
C         -3.02341        7.36354       -7.19055
H         -3.36076        8.39016       -7.06978
H         -2.60437        7.24921       -8.18734
H         -2.23430        7.17085       -6.46780
C         -3.74241        4.95536       -7.27488
H         -4.52554        4.24889       -7.01067
H         -2.85727        4.70265       -6.69636
H         -3.51669        4.85252       -8.33481
C         -8.02531       10.09947       -5.15048
C         -9.27135       10.64457       -4.74678
C         -9.58994       11.94812       -5.08368
H        -10.52813       12.36684       -4.75515
C         -8.72953       12.72671       -5.83525
H         -8.99152       13.74417       -6.08299
C         -7.53745       12.18552       -6.27738
H         -6.87720       12.78948       -6.88067
C         -7.16953       10.88939       -5.95868
C        -10.23698        9.81031       -3.94080
H         -9.95334        8.76085       -4.08103
C        -11.68672        9.98261       -4.39988
H        -11.75884        9.91367       -5.48203
H        -12.08891       10.94339       -4.08879
H        -12.30579        9.20414       -3.96045
C        -10.11417       10.16587       -2.45522
H         -9.10167        9.97999       -2.10206
H        -10.80922        9.57157       -1.86552
H        -10.34414       11.21833       -2.30117
C         -5.86265       10.33866       -6.47461
H         -5.80077        9.28125       -6.18172
C         -5.80891       10.40992       -8.00241
H         -6.66632        9.89944       -8.43258
H         -4.90777        9.92462       -8.36864
H         -5.80637       11.44060       -8.34823
C         -4.68617       11.10076       -5.85720
H         -4.75383       11.08969       -4.77180
H         -4.68532       12.13667       -6.18882
H         -3.74220       10.64871       -6.15414
C         -8.51708        6.82944       -2.73471
H         -7.94921        6.46864       -1.86891
H         -9.12737        7.65895       -2.37360
C        -10.09316        4.37844       -1.61829
H        -10.46481        5.01256       -0.81841
H         -9.21219        3.86161       -1.24821
H        -10.85146        3.62733       -1.81656
C         -8.95911        4.16973       -4.48322
H         -9.55600        3.26328       -4.53411
H         -7.94611        3.87129       -4.22657
H         -8.93785        4.59971       -5.48057
C        -11.31787        6.08639       -3.90169
H        -11.84428        6.67768       -3.15922
H        -11.98010        5.27956       -4.19885
H        -11.15706        6.71572       -4.77144
C         -5.16426        8.15002       -3.44152
H         -4.44416        7.33337       -3.33314
H         -4.72046        8.85264       -4.14876
C         -6.20817       10.68623       -1.95788
H         -6.71028       10.97230       -1.03899
H         -6.95659       10.61408       -2.74448
H         -5.53981       11.50015       -2.22089
C         -3.46486        9.45785       -1.18100
H         -3.47192       10.01845       -0.25120
H         -2.93526       10.05490       -1.91761
H         -2.88468        8.55493       -1.01555
C         -6.04561        7.95732       -0.39267
H         -5.64694        8.20617        0.58647
H         -5.83786        6.90362       -0.56721
H         -7.12349        8.08902       -0.34607
C         -5.26979        3.55677       -2.20017
H         -6.50982        5.40160       -5.70057
