43
CSD_code = HEQVUV | q = 0 | S = 0 | Stoichiometry = C15H20O3S3SiW | MND = 6
C         -1.36268       10.83860       11.38784
H         -2.23872       11.33808       10.97670
H         -0.74357       11.57512       11.89798
C         -0.57816        7.97691       12.28695
H          0.38788        8.38439       11.99075
H         -0.44527        7.37812       13.18811
C         -3.56437        8.71122       11.87669
H         -3.61306        7.62718       11.97191
H         -4.41331        9.14940       12.40205
C         -0.53962       11.61805        8.86046
H         -0.08793       12.49459        9.32033
H         -1.58933       11.79086        8.63760
H         -0.00733       11.35311        7.95146
C          0.44689        6.01902       10.61194
H          0.76594        5.47414       11.49796
H          1.19120        6.75360       10.31613
H          0.26071        5.33064        9.79259
C         -5.08223        7.94884        9.68575
H         -5.97369        8.20409       10.25489
H         -4.76037        6.93276        9.89844
H         -5.26890        8.06218        8.62173
C         -2.02768        9.83791       14.33171
C         -1.66517       11.08588       14.82239
H         -1.28499       11.83510       14.14465
C         -1.78619       11.38642       16.16729
H         -1.49832       12.36252       16.52941
C         -2.27575       10.43740       17.04804
H         -2.37096       10.66967       18.09832
C         -2.64411        9.18859       16.57547
H         -3.02864        8.44413       17.25717
C         -2.51950        8.89608       15.23045
H         -2.80991        7.92090       14.86696
C         -0.04366        7.69879        7.97500
C         -2.11450        9.34439        7.33430
C         -2.60185        6.77404        8.08984
O          0.88565        7.37512        7.38445
O         -2.39280        9.92571        6.38473
O         -3.12020        5.88908        7.57489
Si        -1.87662        9.37472       12.51240
S         -0.37755       10.21079        9.97971
S         -1.12141        6.84380       10.95708
S         -3.76116        9.10676       10.10208
W         -1.65997        8.27741        8.90492
