161
CSD_code = HEVDIY | q = 0 | S = 0 | Stoichiometry = C61H88CrN4O3P2Si2 | MND = 5
Cr         4.36057        1.45734        4.89891
O          2.58634        0.18012        2.82234
O          6.66232        0.06591        3.57023
O          6.26034        2.65699        6.91225
P          3.55288        0.32336        6.60394
P          3.85886        3.36383        3.91973
Si         0.95430       -2.62862        8.71024
Si         3.95553        7.76354        3.18677
N          2.27785       -0.78808        6.82753
N          4.14363       -0.12796        8.14383
N          4.20582        5.00946        4.20527
N          3.27932        3.81010        2.37471
C          3.23773        0.68257        3.64508
C          5.77569        0.61091        4.09121
C          5.50405        2.21688        6.14542
C          2.26293       -1.43214        8.06585
C          3.82832        5.88113        3.18257
C          0.31106       -0.23327        5.52579
C          1.39346       -1.08386        5.76773
C          1.63977       -2.19904        4.95812
C          5.63480        1.07216        9.65149
C          5.44968        0.13385        8.63302
C          6.52424       -0.61038        8.12690
C          4.23552        5.57041        6.56233
C          4.92270        5.39893        5.35739
C          6.31025        5.56670        5.27864
C          1.76846        2.61104        0.88578
C          3.06979        2.91939        1.28978
C          4.18285        2.41778        0.60100
C          3.32516       -1.03311        8.79228
H          3.58268       -1.36099        9.78236
C          3.30014        5.17545        2.16342
H          2.92630        5.57115        1.23724
C          0.77438       -2.44951        3.90314
H          0.95405       -3.28960        3.25038
C         -0.31394       -1.63169        3.66816
H         -0.97985       -1.84393        2.84463
C         -0.54430       -0.53509        4.47501
H         -1.39707        0.09713        4.27851
C          7.78367       -0.40025        8.66946
H          8.62555       -0.96442        8.30191
C          7.97683        0.51494        9.68603
H          8.96356        0.65935       10.10120
C          6.91013        1.24244       10.17268
H          7.07331        1.95075       10.96975
C          6.99651        5.91716        6.43224
H          8.06911        6.03057        6.40440
C          6.32653        6.11602        7.62395
H          6.87617        6.39331        8.51146
C          4.95754        5.94702        7.68654
H          4.44697        6.10333        8.62487
C          3.96254        1.60872       -0.50426
H          4.80145        1.21462       -1.05472
C          2.68049        1.30723       -0.92107
H          2.52885        0.68138       -1.78835
C          1.59428        1.80681       -0.23224
H          0.59844        1.56790       -0.57101
C          0.07172        0.99526        6.37240
H          0.85835        1.06161        7.13288
C          2.84151       -3.08538        5.19087
H          3.25983       -2.86156        6.17665
C          4.47924        1.87664       10.19705
H          3.63138        1.77908        9.50931
C          6.30791       -1.66337        7.06551
H          5.45204       -1.36116        6.44674
C          2.74473        5.34252        6.65663
H          2.36925        5.03570        5.67357
C          7.05473        5.32873        3.98517
H          6.33229        5.28710        3.16470
C          0.56869        3.15130        1.62656
H          0.90367        3.53949        2.59536
C          5.58615        2.80153        1.00834
H          5.59461        2.98262        2.09180
C         -0.45764       -3.04672        7.50376
H         -1.17539       -3.70187        7.98932
H         -0.10112       -3.55153        6.61294
H         -0.99081       -2.16219        7.17319
C          1.85922       -4.23705        9.20412
H          1.16456       -4.96903        9.60434
H          2.60858       -4.04794        9.96673
H          2.36425       -4.69243        8.35783
C          0.19914       -1.82469       10.27186
H         -0.28803       -0.88129       10.04368
H          0.96188       -1.62305       11.01752
H         -0.54129       -2.47412       10.72846
C          4.73909        8.54095        4.73777
H          5.77274        8.24145        4.86981
H          4.21276        8.26709        5.64544
H          4.71709        9.62415        4.65816
C          2.17451        8.43396        3.00446
H          1.54463        8.13690        3.83774
H          1.70688        8.06417        2.09727
H          2.16679        9.51851        2.95785
C          4.97537        8.25977        1.64930
H          5.07537        9.33842        1.57834
H          4.50085        7.91576        0.73529
H          5.97565        7.83853        1.67481
C          0.14828        2.25380        5.50743
H          1.12313        2.31085        5.01649
H          0.01367        3.14278        6.11915
H         -0.62488        2.24579        4.74542
C         -1.27370        0.91812        7.09720
H         -2.09572        0.85102        6.38840
H         -1.42046        1.80733        7.70723
H         -1.30801        0.04711        7.74796
C          3.91205       -2.78514        4.13773
H          3.52236       -2.95637        3.13680
H          4.77840       -3.42607        4.28773
H          4.23340       -1.74474        4.20338
C          2.48304       -4.57256        5.16967
H          1.67142       -4.78646        5.86149
H          3.34876       -5.16265        5.46405
H          2.18337       -4.89299        4.17521
C          4.83726        3.35950       10.29642
H          5.59066        3.53339       11.06031
H          3.95428        3.93617       10.56582
H          5.22111        3.71649        9.34363
C          4.05634        1.33665       11.56625
H          3.74768        0.29632       11.49441
H          3.22228        1.91529       11.95787
H          4.88288        1.39986       12.27086
C          5.97661       -3.00282        7.73254
H          6.79385       -3.31189        8.38199
H          5.82701       -3.76982        6.97577
H          5.07104       -2.92701        8.33098
C          7.50302       -1.82058        6.12761
H          7.84123       -0.84891        5.77674
H          7.21233       -2.41021        5.26124
H          8.33095       -2.32902        6.61680
C          2.44628        4.21501        7.64537
H          2.95710        3.30028        7.33413
H          1.37723        4.02010        7.68638
H          2.78188        4.47828        8.64363
C          2.00989        6.62301        7.05881
H          2.34369        6.97539        8.03199
H          0.93883        6.43751        7.11160
H          2.18533        7.40998        6.32861
C          7.78173        3.98238        4.05108
H          8.33253        3.80652        3.12935
H          7.06960        3.16778        4.19170
H          8.48236        3.96669        4.88288
C          8.04675        6.44940        3.66797
H          7.55602        7.41990        3.68952
H          8.46485        6.29880        2.67456
H          8.86966        6.46206        4.37793
C         -0.06708        4.30023        0.83848
H          0.64168        5.11299        0.69787
H         -0.93249        4.68860        1.37149
H         -0.38998        3.95492       -0.14140
C         -0.46052        2.05218        1.88967
H         -0.92177        1.71354        0.96559
H         -1.25157        2.43253        2.53334
H          0.01517        1.20151        2.37192
C          6.61166        1.70434        0.73047
H          6.25386        0.74608        1.09764
H          7.54227        1.93649        1.24327
H          6.82712        1.61909       -0.33236
C          5.99142        4.09624        0.29509
H          5.95446        3.95785       -0.78411
H          7.00571        4.37394        0.57360
H          5.32458        4.91390        0.56052
