69
CSD_code = HIFTIC | q = 0 | S = 0 | Stoichiometry = C26H35FeN5Si2 | MND = 3
Fe         2.24863        5.83868        8.21620
N          1.30995        5.11990        6.80407
N          1.90808        6.68608        9.84811
N          2.61243        7.11901       10.83005
N          4.63342        6.69933        9.70589
N          4.03870        6.09855        8.73687
C          3.94046        7.16250       10.74109
C          4.67968        7.75867       11.84768
C          4.00614        8.33349       12.92524
H          2.92721        8.32946       12.92686
C          4.70950        8.89895       13.96873
H          4.17377        9.34086       14.79755
C          6.10037        8.91118       13.97293
C          6.76881        8.33764       12.89759
H          7.85004        8.33623       12.88427
C          6.07384        7.76829       11.84961
H          6.59932        7.32044       11.02048
C          6.85489        9.54866       15.10041
H          6.92647       10.62542       14.94091
H          7.86428        9.14962       15.16793
H          6.34605        9.38499       16.04814
C          0.54018        6.55562       10.05372
C         -0.33564        6.80655        8.99087
H          0.06108        7.17489        8.05528
C         -1.69372        6.61944        9.16028
H         -2.36699        6.81830        8.33915
C         -2.19947        6.20195       10.38200
H         -3.26196        6.05889       10.50908
C         -1.33762        5.98790       11.44752
H         -1.73097        5.67891       12.40480
C          0.02215        6.16369       11.29259
H          0.70706        6.00000       12.11084
C          4.81701        5.74959        7.63996
C          5.89295        6.54361        7.22820
H          6.13134        7.42713        7.80061
C          6.62404        6.19195        6.11258
H          7.45129        6.81155        5.79898
C          6.30258        5.05080        5.39268
H          6.87632        4.78253        4.51848
C          5.25202        4.24761        5.80967
H          5.01651        3.34519        5.26512
C          4.51531        4.58242        6.92892
H          3.72502        3.93602        7.28385
Si         1.24683        6.12100        5.40259
C          1.97224        7.78843        6.01374
H          1.19502        8.50491        6.25756
H          2.60693        8.24371        5.26211
H          2.58385        7.64673        6.91071
C          2.32430        5.45530        3.97447
H          3.37395        5.43206        4.24897
H          2.22459        6.07373        3.08817
H          2.03145        4.44605        3.70642
C         -0.53064        6.38442        4.75497
H         -0.89232        5.49006        4.25908
H         -0.56976        7.19651        4.03593
H         -1.22232        6.61631        5.55792
Si         0.66263        3.55999        7.14635
C          1.22333        3.26672        8.95555
H          2.20547        3.70775        9.14990
H          1.29171        2.21218        9.19688
H          0.51923        3.71598        9.64900
C          1.35427        2.20031        5.99419
H          1.00476        2.35214        4.97838
H          1.02547        1.21517        6.30960
H          2.43882        2.19576        5.96922
C         -1.24195        3.49284        7.07209
H         -1.68851        4.22226        7.73958
H         -1.60898        2.51240        7.35791
H         -1.59817        3.69866        6.06892
