47
CSD_code = HINMIA | q = 0 | S = 0 | Stoichiometry = C20H22I2PRhSi | MND = 8
Rh        -1.40666        3.02102        5.50054
I         -0.15299        3.06500        3.17141
I         -1.58157        0.37342        5.55952
P          0.57106        2.85119        6.56090
Si        -1.14973        4.15821        8.72105
C         -2.22065        4.20910        7.15653
C         -3.17844        3.23067        6.77240
C         -3.63723        3.51568        5.44768
C         -2.95082        4.65333        4.99822
C         -2.04783        5.06568        6.02417
C         -0.29240        5.83523        8.98788
C         -2.21217        3.64202       10.20985
C          0.14186        2.77397        8.34364
C          1.75494        1.51082        6.25804
C          1.73906        0.32951        6.99175
C          2.64121       -0.67547        6.69582
C          3.55106       -0.51439        5.66403
C          3.56440        0.65857        4.92691
C          2.67076        1.67056        5.22056
C          1.68850        4.29054        6.49052
C          2.82300        4.26360        7.29854
C          3.69649        5.33316        7.30421
C          3.45217        6.43486        6.49833
C          2.33761        6.45766        5.67860
C          1.45789        5.38840        5.67379
H         -3.59435        2.47158        7.41986
H         -4.43504        3.00273        4.93168
H         -3.10299        5.15735        4.05486
H         -1.48901        5.99026        6.02433
H         -1.02630        6.62227        9.12959
H          0.34704        6.11714        8.15652
H          0.32558        5.80263        9.87928
H         -2.99470        4.37049       10.39230
H         -1.60412        3.58483       11.10609
H         -2.68539        2.67496       10.07117
H          1.04730        2.82149        8.94978
H         -0.32818        1.80053        8.50994
H          1.01643        0.18209        7.78060
H          2.62260       -1.59259        7.26512
H          4.24438       -1.30780        5.42852
H          4.26446        0.78387        4.11491
H          2.67241        2.58269        4.63979
H          3.02733        3.39413        7.90912
H          4.57429        5.30620        7.93279
H          4.13773        7.26885        6.50246
H          2.15334        7.30525        5.03550
H          0.60280        5.40371        5.01343
