88
CSD_code = HIPHUM | q = 0 | S = 0 | Stoichiometry = C44H38FeN2P2Si | MND = 6
Fe         5.88703        4.13709        4.46073
P          7.13604        5.87828        4.67238
P          4.36332        4.53160        5.87485
Si         5.43404        1.95590        4.59649
H          4.01335        1.49993        4.48365
H          5.88767        1.11644        5.72532
N          4.49229        4.14339        3.22017
N          6.94475        4.10560        2.90730
C          3.98962        3.66477        7.42770
C          7.59166        6.65875        6.24572
C          8.22896        4.47729        2.79955
C          3.16996        4.17842        3.46185
C          6.26023        3.89907        1.75767
C          2.78443        4.32884        4.90444
H          2.30534        3.40406        5.24693
H          2.08825        5.15962        5.05870
C          8.73596        5.10922        4.05501
H          9.55760        5.80796        3.87987
H          9.02611        4.35993        4.79585
C          4.04321        7.23663        5.45171
H          3.89512        6.92739        4.42519
C          4.23582        6.26609        6.43146
C          4.87423        3.91118        1.93263
C          8.89271        4.41893        1.58226
H          9.93808        4.68742        1.54129
C          8.22913        4.03012        0.42442
H          8.75915        3.95076       -0.51232
C          5.02908        2.96431        8.02678
H          5.98599        2.94727        7.52536
C          7.99613        5.80142        7.26640
H          8.07345        4.74405        7.05445
C          8.26547        6.29336        8.52773
H          8.58315        5.62381        9.31400
C          7.08735        7.26739        3.48385
C          4.45084        6.65776        7.74719
H          4.62703        5.91068        8.50833
C          8.09360        8.22607        3.40967
H          8.90690        8.20726        4.12298
C          7.41738        8.01076        6.51913
H          7.06076        8.67857        5.74782
C          6.84748        3.82933        0.48184
C          4.03220        8.57641        5.78496
H          3.87619        9.32323        5.01904
C          2.24126        4.03579        2.44297
H          1.18998        4.08074        2.68836
C          6.26212        1.23564        3.06387
C          5.53752        0.87503        1.93761
H          4.45686        0.90161        1.97626
C          4.82313        2.30590        9.22544
H          5.63056        1.75898        9.69001
C          8.11861        7.64747        8.78687
H          8.32770        8.03518        9.77331
C          2.63459        3.83882        1.12268
H          1.90025        3.74304        0.33793
C          6.05640        7.28780        2.55424
H          5.28816        6.52723        2.60622
C          7.64786        1.18379        2.98999
H          8.22174        1.46878        3.86055
C          8.04887        9.20079        2.43083
H          8.82822        9.94773        2.37878
C          5.95567        3.61524       -0.61027
H          6.37984        3.50481       -1.59810
C          7.01093        9.21963        1.51163
H          6.98291        9.98154        0.74634
C          4.00074        3.76297        0.84117
C          7.68985        8.50023        7.78429
H          7.55922        9.55313        7.98941
C          3.57668        2.34585        9.82909
H          3.41116        1.82874       10.76308
C          2.74267        3.71521        8.04338
H          1.93859        4.28001        7.59116
C          6.01565        8.25915        1.57044
H          5.21132        8.26509        0.84870
C          4.44078        8.00144        8.07829
H          4.60538        8.30132        9.10312
C          6.16979        0.48589        0.76973
H          5.58526        0.21637       -0.09963
C          8.29245        0.79527        1.83192
H          9.37328        0.76601        1.79328
C          4.22715        8.96036        7.10290
H          4.21927       10.00794        7.36658
C          2.53945        3.05143        9.23927
H          1.57059        3.08615        9.71691
C          7.55176        0.45219        0.71183
H          8.05125        0.15842       -0.20098
C          4.60745        3.57482       -0.43772
H          3.95618        3.42158       -1.28670
H          6.89129        3.60844        5.38805
