63
CSD_code = HITVUB | q = 0 | S = 0 | Stoichiometry = C19H33O6PSi3W | MND = 6
W          2.37935        2.56592        4.11583
P          1.67202        3.51806        6.27372
Si         2.51028        2.27304        8.96028
Si        -0.68315        2.92035        8.20196
Si         3.51920        6.45146        7.10523
O          3.24202        1.42721        1.33234
O          3.02119       -0.18813        5.48186
O          1.62924        5.40097        2.99381
O         -0.54255        1.52845        3.60808
O          5.27423        3.68067        4.59556
O         -0.20630        5.79421        6.03200
C          2.92903        1.84217        2.35165
C          2.80843        0.81628        4.97668
C          1.90722        4.35120        3.35218
C          0.51473        1.91481        3.80447
C          4.22921        3.24647        4.42656
C          1.10373        2.46461        7.66747
H          1.02183        1.48436        7.18152
C          2.54383        3.78041       10.12588
H          1.66960        3.79666       10.76814
H          2.56701        4.71126        9.56904
H          3.41941        3.75312       10.76704
C          4.14951        2.09726        8.00470
H          4.24730        1.10486        7.57423
H          5.01481        2.26024        8.63988
H          4.19439        2.81502        7.18896
C          2.23726        0.68215        9.97604
H          3.08492        0.49983       10.62818
H          2.12655       -0.18645        9.33497
H          1.35309        0.74491       10.59986
C         -1.33345        1.58381        9.39609
H         -0.85990        1.65255       10.36920
H         -1.16153        0.58328        9.01474
H         -2.40169        1.69844        9.54539
C         -1.75412        2.89993        6.62455
H         -1.76783        1.91167        6.17308
H         -1.37306        3.59435        5.88085
H         -2.78364        3.17595        6.83319
C         -0.77568        4.61295        9.08543
H          0.10659        5.21592        8.90149
H         -0.87319        4.49042       10.15928
H         -1.63874        5.17558        8.74357
C          3.90095        7.25983        5.41873
H          4.73929        7.94660        5.48896
H          3.05391        7.81604        5.02756
H          4.15785        6.50226        4.68340
C          2.92463        7.76281        8.36150
H          2.15408        8.40511        7.94708
H          3.75121        8.40012        8.65961
H          2.52559        7.30796        9.26314
C          5.08661        5.59777        7.76060
H          5.85340        6.33344        7.98642
H          5.49845        4.91803        7.02165
H          4.89867        5.02889        8.66479
C         -0.16991        7.20377        6.25632
H          0.69833        7.62639        5.73687
H         -0.05673        7.38949        7.33148
C         -1.46484        7.79723        5.73251
H         -1.47026        8.87133        5.89414
H         -2.31287        7.35424        6.24799
H         -1.56234        7.59653        4.66894
C          0.88983        5.12984        6.33581
C          2.13714        5.20879        6.81765
