92
CSD_code = HIZYOF | q = 0 | S = 0 | Stoichiometry = C28H57CoN2P2Si2 | MND = 3
Co         3.96383        4.30946       14.46053
P          1.04665        5.58789       13.71919
P          5.88082        3.32773       14.04845
Si         1.36296        2.62793       14.65617
Si         3.73554        1.25607       13.37402
N          2.92681        2.64690       13.97112
C          0.30666        1.11499       14.17016
H          0.62122        0.25083       14.73863
H          0.41603        0.87273       13.11984
H         -0.74812        1.27311       14.37037
C          1.34590        2.73423       16.57388
H          2.05486        2.03163       16.99872
H          0.36671        2.50191       16.98404
H          1.62165        3.72672       16.91621
C          0.17067        4.07815       14.12862
H         -0.49404        3.80189       13.31402
H         -0.44892        4.28969       14.99875
C          1.16505        5.60842       11.81298
C          2.29052        6.53695       11.36897
H          2.41189        6.47919       10.28729
H          3.22709        6.22699       11.82955
H          2.08663        7.57501       11.62448
C          1.55016        4.17849       11.43408
H          1.96510        4.15926       10.42738
H          0.69237        3.51216       11.45448
H          2.29375        3.78759       12.12952
C         -0.14039        5.98644       11.12081
H         -0.04657        5.78906       10.05279
H         -0.37495        7.04172       11.24220
H         -0.97074        5.39334       11.49829
C          0.02051        7.03175       14.41637
C         -1.47120        6.85647       14.13662
H         -2.03106        7.60563       14.69686
H         -1.82495        5.87656       14.44666
H         -1.70129        6.99011       13.08416
C          0.47700        8.38860       13.88694
H         -0.11010        9.17755       14.35807
H          0.33712        8.46855       12.81136
H          1.52253        8.56615       14.12484
C          0.26162        6.98257       15.92622
H         -0.35694        7.72539       16.42904
H          1.30357        7.19385       16.15836
H          0.01624        6.00222       16.33074
C          3.31606        0.84243       11.54851
H          2.28992        0.49874       11.48378
H          3.94876        0.04592       11.16871
H          3.41506        1.69385       10.88567
C          3.44459       -0.36425       14.35068
H          2.51794       -0.83215       14.04370
H          3.37860       -0.17456       15.41642
H          4.24039       -1.08468       14.18818
C          5.61721        1.58630       13.56003
H          5.97022        0.95487       14.37001
H          6.19215        1.33452       12.67288
C          6.60397        4.09764       12.47302
C          6.69025        5.61143       12.66806
H          6.87492        6.10544       11.71385
H          7.48748        5.89092       13.34939
H          5.74975        5.98367       13.07390
C          5.53420        3.82785       11.41240
H          5.69822        4.45237       10.53436
H          4.55206        4.05360       11.83110
H          5.54007        2.78857       11.09924
C          7.94837        3.55454       12.00091
H          8.15390        3.92055       10.99446
H          7.94933        2.46733       11.96730
H          8.75827        3.88784       12.64498
C          7.23687        3.15295       15.37067
C          8.31756        2.10644       15.09971
H          9.01415        2.09379       15.93868
H          8.88230        2.33160       14.20113
H          7.90268        1.10735       15.00293
C          6.44554        2.74561       16.61748
H          7.11112        2.60403       17.46890
H          5.90210        1.81800       16.44564
H          5.71922        3.51677       16.86410
C          7.90754        4.50079       15.62883
H          8.42964        4.48220       16.58587
H          7.16610        5.29545       15.65736
H          8.63984        4.72788       14.85753
N          2.40596        5.47738       14.53921
C          3.47464        6.26710       14.88628
C          3.92778        7.45133       14.27407
H          3.41312        7.83495       13.40711
C          5.00714        8.14044       14.78121
H          5.32874        9.05011       14.29382
C          5.67746        7.69225       15.91471
H          6.51176        8.25388       16.30700
C          5.24851        6.54085       16.54520
H          5.72896        6.21604       17.45837
C          4.17585        5.81156       16.04307
H          3.71371        5.03964       16.65690
