54
CSD_code = HOGRAZ | q = 0 | S = 0 | Stoichiometry = C12H30MnN9Si2 | MND = 5
Mn         5.49619        4.72153       13.47823
Si         4.41000        3.53060       10.75587
Si         6.65487        5.54150       10.65064
N          5.52007        4.59881       11.63926
N          7.15450        4.72667       14.26793
N          7.63975        5.89328       14.65337
N          6.84449        6.85399       14.47559
N          5.69826        6.49393       13.92342
N          5.27938        3.02365       14.14938
N          4.11800        2.73797       14.71322
N          3.31991        3.71236       14.74027
N          3.81772        4.81826       14.21671
C          4.74249        7.58526       13.89511
H          5.11580        8.35954       13.21387
H          4.67238        8.02680       14.89810
C          3.37715        7.08357       13.43783
H          3.45783        6.70477       12.41395
H          2.65571        7.90082       13.46059
C          2.91733        5.94972       14.34824
H          2.89795        6.28484       15.39452
H          1.90773        5.61759       14.08169
C          8.04916        3.62458       14.57302
H          8.04055        3.43221       15.65484
H          9.06601        3.92001       14.29114
C          7.61208        2.37834       13.81030
H          7.56071        2.61619       12.74302
H          8.33084        1.57266       13.96258
C          6.23361        1.94003       14.29266
H          5.87772        1.08138       13.71043
H          6.27521        1.63596       15.34702
C          5.30542        1.87765       10.38760
H          4.71466        1.28113        9.70009
H          6.28299        2.02354        9.94279
H          5.43811        1.29352       11.29287
C          3.76100        4.30447        9.13049
H          3.22755        3.54576        8.56656
H          3.05808        5.10841        9.32864
H          4.54063        4.69908        8.49151
C          2.79328        3.10857       11.68197
H          2.95154        2.46310       12.53884
H          2.12811        2.58161       11.00415
H          2.26836        3.99425       12.02653
C          7.34928        4.55544        9.16488
H          8.05160        3.79356        9.49024
H          7.89233        5.23308        8.51376
H          6.58846        4.06833        8.56859
C          5.77080        7.12607       10.03665
H          4.81232        6.91626        9.57638
H          6.38696        7.63311        9.30140
H          5.60036        7.82140       10.85254
C          8.24441        6.09106       11.55661
H          8.06201        6.84753       12.31188
H          8.93001        6.52168       10.83267
H          8.75766        5.26236       12.03467
