43
CSD_code = HOHFUF | q = 0 | S = 0 | Stoichiometry = C13H24Cl2NPSiTi | MND = 8
Ti         1.51835        6.71227        8.60506
Cl         2.91815        7.00522        6.97047
Cl         2.37609        4.86818        9.44155
P         -0.39426        7.88224        7.42438
Si         0.11119        8.46410       10.43700
N          1.71178        7.98824        9.94108
C         -0.18687        6.20185        6.88801
C         -0.33548        5.28437        7.93673
C         -0.57694        5.91753        9.19090
C         -0.63690        7.32246        9.10449
C          0.04644        5.81982        5.45411
C         -0.32574        3.79431        7.74827
C         -0.87338        5.13920       10.44280
C         -0.30871        8.07452       12.26380
C         -0.42619       10.25864       10.04102
C          2.96164        8.64267       10.27894
C          3.22502        9.75714        9.24987
C          2.90520        9.24948       11.68676
C          4.11105        7.61936       10.24209
H          0.11256        6.71416        4.83426
H         -0.77239        5.19974        5.08364
H          0.97656        5.25617        5.34231
H          0.05648        3.29364        8.63670
H          0.29652        3.51377        6.89921
H         -1.34108        3.43706        7.55891
H         -1.61545        4.36802       10.23117
H         -1.26954        5.79699       11.21138
H          0.02588        4.64906       10.82361
H          0.19016        7.17583       12.61325
H         -1.37711        7.94919       12.40363
H          0.00308        8.89556       12.89975
H         -0.24824       10.49915        8.99601
H          0.10293       10.98423       10.64981
H         -1.48644       10.38709       10.23169
H          2.45621       10.52262        9.32976
H          3.19816        9.34030        8.24047
H          4.19784       10.21198        9.42054
H          2.13838       10.01690       11.74020
H          3.86356        9.69758       11.93709
H          2.67801        8.47447       12.41411
H          4.24906        7.22546        9.23063
H          3.89029        6.79246       10.92028
H          5.04062        8.09017       10.55669
