63
CSD_code = HUKSUB | q = 0 | S = 0 | Stoichiometry = C15H39BrCrN4Si3 | MND = 5
C          7.60340        8.15755        9.88962
H          6.58905        7.74232        9.80004
H          7.61891        9.11187        9.35212
C          7.93444        8.38251       11.36953
H          8.90032        8.89184       11.41599
H          7.18423        9.00772       11.87067
C          6.80116        5.10900       12.59219
H          5.85552        4.73342       12.99455
H          7.61329        4.69153       13.20586
C          6.82604        6.63878       12.65245
H          5.96990        7.00702       12.07971
H          6.75809        7.02255       13.68102
C         10.39438        6.46910       12.03888
H         10.69920        7.26716       11.34089
H         11.24408        6.25756       12.69388
C          9.21142        6.96053       12.87386
H          9.42896        7.91531       13.37101
H          9.00953        6.21084       13.64213
C         10.14364        9.57144        8.42230
H         10.49984        9.79432        9.42367
H          9.29518       10.21700        8.21979
H         10.92831        9.84896        7.72793
C         11.32248        6.70443        8.35225
H         11.38997        5.97717        7.55055
H         11.34592        6.15057        9.28592
H         12.20413        7.33600        8.30531
C          8.90818        7.49137        6.46325
H          8.68933        6.44354        6.27708
H          9.57665        7.83402        5.68032
H          7.97949        8.04937        6.37285
C          4.04965        4.19450       11.28361
H          3.82882        5.17464       11.69565
H          4.06966        3.48332       12.10243
H          3.22216        3.91868       10.64013
C          5.37314        5.29527        8.75659
H          6.29873        5.72818        8.37976
H          4.68700        6.10795        8.98565
H          4.93553        4.72422        7.94440
C          5.94857        2.33586        9.74676
H          6.76985        2.23713        9.04513
H          5.05408        1.95319        9.26540
H          6.16188        1.69761       10.59998
C         11.72248        3.77611       13.14065
H         12.58303        4.43647       13.15937
H         12.08651        2.77370       13.33410
H         11.06931        4.05124       13.96291
C          9.54544        2.39688       11.42844
H          8.53605        2.79367       11.51748
H          9.70680        1.68848       12.23492
H          9.59364        1.85170       10.49221
C         12.17782        3.53030       10.10845
H         12.92490        4.31934       10.10742
H         11.74213        3.47684        9.11604
H         12.69328        2.59312       10.29407
Br         8.85036        4.19609        8.50482
Cr         8.38889        5.63800       10.32978
N          8.56898        7.21417        9.40189
N          7.01067        4.75102       11.21797
N          9.98440        5.31664       11.28613
N          8.05193        7.06534       11.98893
Si         9.71660        7.71723        8.18422
Si         5.67456        4.15309       10.27121
Si        10.83440        3.80612       11.44257
