73
CSD_code = HUSYEA | q = -1 | S = 0 | Stoichiometry = C24H40CoS4Si4(1-) | MND = 4
Co         6.98541       -6.83992       -0.00050
S          7.77437       -8.71503        0.74453
S          4.97001       -7.53459        0.38604
C          6.40640       -9.66957        1.20161
C          5.12306       -9.13085        1.03396
C          3.98117       -9.86547        1.38364
C          4.17483      -11.13620        1.89884
H          3.31473      -11.72936        2.17599
C          5.44732      -11.66869        2.06900
H          5.55089      -12.66476        2.47594
C          6.58518      -10.95635        1.72902
Si         8.33620      -11.63639        1.94206
C          9.36798      -10.58987        3.16112
H         10.34380      -11.03448        3.33598
H          8.86865      -10.49398        4.12130
H          9.52032       -9.59167        2.76696
C          9.23536      -11.81908        0.26753
H          9.37081      -10.84819       -0.19523
H          8.66726      -12.43810       -0.42136
H         10.21531      -12.27149        0.39161
C          8.21373      -13.39291        2.69812
H          9.20526      -13.81185        2.83633
H          7.66033      -14.07042        2.05626
H          7.72709      -13.38052        3.66788
Si         2.27198       -9.09517        1.14021
C          1.91382       -8.70398       -0.69400
H          2.04283       -9.58395       -1.31813
H          2.59144       -7.93969       -1.05688
H          0.89762       -8.34457       -0.83073
C          0.95254      -10.36930        1.69486
H          1.06204      -10.63332        2.74157
H          1.00719      -11.28363        1.11310
H         -0.04374       -9.95921        1.56467
C          2.03467       -7.54570        2.23069
H          1.03098       -7.14166        2.13231
H          2.73689       -6.77148        1.94319
H          2.20168       -7.77137        3.28036
S          6.19910       -4.96208       -0.74311
S          9.00032       -6.14225       -0.38770
C          7.56586       -4.00673       -1.20184
C          8.84899       -4.54557       -1.03486
C          9.99095       -3.81072       -1.38379
C          9.79722       -2.53975       -1.89843
H         10.65729       -1.94651       -2.17548
C          8.52467       -2.00738       -2.06877
H          8.42102       -1.01142       -2.47594
C          7.38683       -2.71987       -1.72896
Si         5.63570       -2.03994       -1.94160
C          4.60164       -3.08759       -3.15776
H          3.62663       -2.64155       -3.33350
H          5.10056       -3.18683       -4.11781
H          4.44750       -4.08453       -2.76114
C          4.73902       -1.85456       -0.26600
H          4.60541       -2.82463        0.19903
H          5.30758       -1.23345        0.42064
H          3.75836       -1.40354       -0.38940
C          5.75790       -0.28472       -2.70068
H          4.76632        0.13394       -2.83932
H          6.31149        0.39395       -2.06020
H          6.24426       -0.29886       -3.67056
Si        11.70017       -4.58109       -1.14072
C         12.05787       -4.97697        0.69258
H         11.92644       -4.09917        1.31926
H         11.38173       -5.74385        1.05277
H         13.07479       -5.33448        0.82892
C         13.01957       -3.30511       -1.69115
H         12.91128       -3.03909       -2.73748
H         12.96357       -2.39196       -1.10766
H         14.01592       -3.71486       -1.56046
C         11.93806       -6.12774       -2.23512
H         12.94126       -6.53290       -2.13632
H         11.23477       -6.90217       -1.95083
H         11.77286       -5.89901       -3.28442
