75
CSD_code = HUTGIN | q = 0 | S = 0 | Stoichiometry = C26H43N4SiY | MND = 9
Y          6.55161       13.85614        3.16559
Si         6.36921       10.30336        2.37125
N          5.01074       13.27092        4.58028
N          7.45557       14.42225        5.66451
N          4.86348       15.70716        2.14654
C          3.65287       13.15470        4.46301
H          3.18963       13.04940        3.49385
C          3.05000       13.15737        5.69585
H          1.99966       13.07295        5.90103
C          4.08339       13.28715        6.64145
H          3.97846       13.32098        7.70982
C          5.25972       13.35074        5.93030
C          6.66784       13.43559        6.43433
H          7.16515       12.46057        6.32957
H          6.66036       13.69401        7.50544
C          6.98436       15.76974        6.00290
H          7.20026       16.00920        7.05426
H          5.90566       15.82746        5.85425
H          7.48181       16.50401        5.36748
C          8.86421       14.32171        6.04401
H          8.99703       14.46869        7.12579
H          9.43710       15.08643        5.52140
H          9.25668       13.34159        5.77569
N          7.72850       15.52501        2.45769
C          8.98654       15.97788        2.73804
H          9.67251       15.37541        3.31243
C          9.20496       17.20613        2.16445
H         10.10275       17.79317        2.21574
C          8.01800       17.54476        1.48900
H          7.83140       18.43837        0.92251
C          7.14527       16.49866        1.68496
C          5.76784       16.29301        1.13258
H          5.36834       17.25186        0.76444
H          5.81118       15.59550        0.28520
C          3.59088       15.35691        1.51695
H          3.12747       16.23324        1.04063
H          2.90338       14.97494        2.27119
H          3.74599       14.59200        0.75681
C          4.60073       16.71312        3.18154
H          5.54642       17.08965        3.57242
H          4.02015       16.26731        3.99095
H          4.03577       17.56221        2.77025
C          8.14846       13.08906        0.16293
C          9.16587       12.83009        1.13205
C          8.60325       12.16835        2.20023
C          7.16556       11.97374        1.94466
C          6.95424       12.58165        0.62320
C          8.40107       13.84407       -1.10233
H          8.64768       14.88303       -0.87590
H          7.53371       13.82782       -1.75744
H          9.24374       13.41295       -1.64158
C         10.58643       13.26093        0.95844
H         11.00906       12.82226        0.05346
H         11.20071       12.95576        1.80232
H         10.64120       14.34621        0.86079
C          9.33785       11.60266        3.38526
H          9.70675       10.59836        3.16327
H          8.68611       11.53609        4.25763
H         10.20016       12.21960        3.63775
C          5.65825       12.52646       -0.13761
H          5.61782       11.62526       -0.75391
H          5.55991       13.38088       -0.80730
H          4.80413       12.50985        0.54004
C          7.26324        8.92489        1.38624
H          7.19378        9.10440        0.31814
H          6.83310        7.94901        1.58802
H          8.31810        8.88044        1.63632
C          6.45758        9.88127        4.23980
H          5.82759        9.02239        4.44931
H          6.09143       10.70336        4.85020
H          7.45936        9.62680        4.56817
C          4.50260       10.19171        1.95723
H          4.31103       10.16631        0.89068
H          3.94536       11.01887        2.38670
H          4.09431        9.27829        2.37833
