90
CSD_code = ICAJUS | q = 0 | S = 0 | Stoichiometry = C44H43NSiZr | MND = 13
Zr         5.20331        2.43407        2.27915
Si         8.34395        3.29441        2.94089
N          3.17890        2.71282        1.52917
C          3.10332        4.78987        0.25661
H          2.18875        4.37826       -0.18527
H          3.77161        5.13640       -0.53669
C          4.66814        0.29139        2.73968
H          4.65086       -0.26872        1.79184
H          5.49296       -0.09236        3.36520
C          3.83127        3.74416        1.10426
C          2.75447        5.93590        1.16326
C          3.73807        6.82445        1.58392
H          4.74466        6.71622        1.20635
C          3.43318        7.84978        2.45990
H          4.20628        8.53294        2.78010
C          2.13786        8.00335        2.92600
H          1.89892        8.80253        3.61161
C          1.14951        7.13194        2.50179
H          0.13499        7.25117        2.85305
C          1.45556        6.10263        1.62804
H          0.67799        5.42792        1.29742
C          3.38921        0.09247        3.43100
C          3.29150        0.12200        4.83122
H          4.19147        0.24684        5.42220
C          2.07847       -0.04185        5.47036
H          2.03330       -0.00957        6.55052
C          0.92292       -0.26509        4.73819
H         -0.02453       -0.39310        5.24002
C          1.00546       -0.35968        3.35832
H          0.11963       -0.57450        2.77785
C          2.21628       -0.19278        2.71722
H          2.27078       -0.30797        1.64252
C          6.72502        3.60053        3.86084
C          5.80770        4.63076        3.53990
H          6.06852        5.58556        3.10362
C          4.55782        4.31742        4.09456
H          3.70205        4.97748        4.12907
C          4.66631        3.06661        4.73149
H          3.91419        2.62426        5.37028
C          5.99480        2.61003        4.57450
H          6.43254        1.75184        5.07492
C          9.53366        2.18147        3.93866
H          9.01542        1.40253        4.48746
H         10.07660        2.77963        4.66274
H         10.26459        1.70928        3.29131
C          9.30586        4.89818        2.54358
H         10.02516        4.73250        1.74848
H          9.85685        5.22406        3.41936
H          8.66012        5.71490        2.24399
C          7.51424        2.48039        1.44981
C          6.79998        3.16924        0.42013
C          6.12916        2.23726       -0.39141
H          5.61449        2.47861       -1.31057
C          6.41106        0.93870        0.09342
C          6.11573       -0.35793       -0.42587
C          5.37941       -0.56880       -1.60314
H          5.02501        0.28516       -2.16102
C          5.11871       -1.83780       -2.05579
H          4.54912       -1.98326       -2.96249
C          5.59108       -2.94740       -1.35127
H          5.37541       -3.94249       -1.71225
C          6.33720       -2.77024       -0.21393
H          6.71893       -3.62614        0.32523
C          6.62551       -1.48507        0.27240
C          7.43716       -1.30199        1.42866
H          7.82399       -2.18656        1.91474
C          7.75143       -0.06543        1.90404
H          8.41102        0.03895        2.75401
C          7.24464        1.08776        1.25505
C          6.90994        4.63368        0.10022
H          6.30210        4.87201       -0.77172
H          7.94471        4.88792       -0.13256
H          6.58718        5.25848        0.93389
C          1.82515        2.40236        1.24260
C          1.50467        1.77687        0.03128
C          0.17962        1.47658       -0.24333
H         -0.06948        0.99700       -1.17899
C         -0.81729        1.78167        0.66545
H         -1.84704        1.55152        0.43665
C         -0.48735        2.36045        1.87771
H         -1.26048        2.57133        2.60216
C          0.82833        2.66696        2.18797
C          2.59872        1.41778       -0.92939
H          2.25033        0.67687       -1.64506
H          3.45627        1.01449       -0.38241
H          2.93458        2.29598       -1.48361
C          1.19707        3.24349        3.51873
H          2.00388        2.65343        3.95676
H          0.34253        3.23069        4.19021
H          1.54213        4.27282        3.41455
