92
CSD_code = ICOGAJ | q = 0 | S = 0 | Stoichiometry = C36H52LaNSi2 | MND = 15
La         2.23053        9.50368        6.11112
Si         2.50600       11.14883        9.18143
Si         0.35905        9.00028        9.05766
N          1.59591        9.95629        8.34627
C          4.79328        8.57586        5.94884
C          4.25068        8.13192        4.70840
C          3.22761        7.18731        4.98443
C          3.14397        7.03279        6.40183
C          4.12287        7.88544        7.00031
C          6.04436        9.40689        6.05958
C          4.89873        8.41540        3.38303
C          2.52531        6.28763        4.00164
C          2.42691        5.91063        7.10587
C          4.52156        7.83143        8.45037
C          1.30315       11.81952        5.17936
C          2.14335       11.34307        4.12656
C          1.51487       10.20496        3.54572
C          0.30708        9.95507        4.26217
C          0.16206       10.96919        5.25371
C          1.43875       13.14576        5.87871
C          3.33129       12.09043        3.57684
C          1.83476        9.58866        2.21276
C         -0.74933        8.96906        3.83438
C         -1.06947       11.24964        6.07195
C          3.91559       11.67359        7.96760
C          3.35141       10.59060       10.80822
C          1.58689       12.75445        9.64686
C          0.26217       12.97957        9.29397
C         -0.40139       14.13358        9.67039
C          0.25689       15.09815       10.41289
C          1.58026       14.89890       10.76852
C          2.23210       13.73995       10.38783
C         -0.37323        7.97225        7.60075
C          0.90996        7.75993       10.41357
C         -1.01674        9.99381        9.92201
C         -2.32070       10.10674        9.45418
C         -3.26211       10.87696       10.11520
C         -2.91564       11.55530       11.26992
C         -1.62503       11.44876       11.76030
C         -0.69547       10.67610       11.09108
H          6.90221        8.83424        5.69922
H          6.24424        9.68936        7.09050
H          5.98334       10.31544        5.45710
H          5.07838        9.48095        3.24167
H          5.86820        7.91362        3.33640
H          4.29715        8.05044        2.55585
H          2.86001        5.25710        4.13668
H          2.74979        6.57439        2.97736
H          1.44077        6.30206        4.13455
H          2.10724        6.20543        8.10335
H          1.55470        5.58064        6.54318
H          3.09776        5.05336        7.20953
H          5.18213        8.65564        8.70940
H          5.05079        6.89752        8.65522
H          3.64765        7.87689        9.09894
H          0.76533       13.87436        5.41964
H          2.45115       13.53527        5.79123
H          1.18242       13.07432        6.93472
H          3.90706       11.46883        2.89433
H          3.99791       12.43557        4.37013
H          2.99734       12.96949        3.02099
H          2.84040        9.83911        1.88812
H          1.13908        9.97030        1.46159
H          1.73245        8.50506        2.23053
H         -1.38425        9.40949        3.06126
H         -0.30136        8.06885        3.41363
H         -1.38910        8.67790        4.66633
H         -1.28730       12.31736        6.05230
H         -1.92832       10.72269        5.66026
H         -0.94892       10.95185        7.11491
H          4.87927       11.31367        8.31286
H          3.75229       11.28284        6.94820
H          3.98073       12.75489        7.89705
H          3.71747        9.57237       10.74867
H          4.19387       11.22816       11.05648
H          2.65508       10.64037       11.63863
H         -0.25926       12.22808        8.72407
H         -1.43494       14.27671        9.38842
H         -0.25675       16.00026       10.71366
H          2.10276       15.64864       11.34674
H          3.26420       13.59644       10.67456
H          0.30976        7.96519        6.73422
H         -1.32531        8.36653        7.26377
H         -0.53897        6.94179        7.89680
H          1.63960        7.03706       10.06311
H          1.35721        8.29255       11.24499
H          0.06058        7.20545       10.80182
H         -2.61619        9.58275        8.55643
H         -4.26878       10.94879        9.72693
H         -3.64639       12.16164       11.78580
H         -1.34330       11.97447       12.66165
H          0.31118       10.60655       11.47370
