66
CSD_code = IHIBOR | q = 0 | S = 0 | Stoichiometry = C28H32Cl2N2SiZr | MND = 12
Zr         6.91524        6.91644        8.02366
Cl         8.70406        7.39579        6.57669
Cl         5.43264        6.90255        6.21325
Si         5.07343        6.30662       10.54312
N          8.90076        9.65085        8.96105
C          5.79786        7.92724        9.87317
C          7.19978        8.22500       10.00828
H          7.80235        7.95417       10.86612
N          4.83360        4.14154        7.66464
C          7.62297        9.13193        9.00904
C          6.25814       10.25421        7.06809
H          7.07126       10.80360        6.61848
C          4.99297       10.37947        6.54997
H          4.83047       11.00768        5.68719
C          3.89746        9.71979        7.12940
H          2.91439        9.86898        6.70911
C          4.05977        8.89383        8.21134
H          3.20578        8.41037        8.66081
C          5.34473        8.70284        8.75472
C          6.47109        9.42899        8.19030
C          6.17245        5.11131        9.55281
C          5.99975        4.59345        8.21697
C          7.25878        4.55315        7.54966
H          7.45307        4.14491        6.56495
C          9.67378        4.87619        8.42699
H         10.16538        4.61480        7.49922
C         10.40374        5.16265        9.55963
H         11.48248        5.14542        9.52216
C          9.76738        5.44450       10.77483
H         10.36999        5.62528       11.65267
C          8.39188        5.47901       10.87486
H          7.92515        5.64941       11.83364
C          7.60764        5.22768        9.73969
C          8.27177        4.88845        8.50314
C          3.18358        6.25534       10.30475
H          2.76063        5.35434       10.73344
H          2.89006        6.31297        9.26388
H          2.74024        7.09810       10.82486
C          5.35273        6.14539       12.43193
H          4.45262        6.42892       12.96617
H          6.15079        6.78788       12.78741
H          5.59131        5.12582       12.71545
C          9.99364        8.79293        9.40663
H          9.75061        7.72810        9.24715
H         10.17476        8.95700       10.47592
C         11.20062        9.21641        8.56707
H         12.13569        9.14703        9.11859
H         11.26066        8.58630        7.67983
C         10.84848       10.64352        8.15881
H         11.39981       10.98316        7.28526
H         11.03006       11.33178        8.98532
C          9.35276       10.52478        7.89224
H          8.83422       11.48425        7.95368
H          9.18723       10.07129        6.90564
C          3.74095        3.62120        8.46621
H          2.91947        4.34173        8.49445
H          4.07549        3.42157        9.48725
C          3.28317        2.37074        7.71660
H          3.91836        1.52013        7.96741
H          2.24872        2.11294        7.93223
C          3.50890        2.78703        6.26588
H          2.72333        3.47208        5.94720
H          3.54244        1.94498        5.57805
C          4.84555        3.51736        6.34893
H          5.67084        2.79564        6.27163
H          4.96482        4.28009        5.57516
