86
CSD_code = IJEGEL | q = 0 | S = 0 | Stoichiometry = C46H32BrN2O3ReSi | MND = 6
C          6.83714        0.47369        3.07360
C          9.13082       -1.19925        3.56898
C          9.14310        1.39571        4.38353
C          6.41700       -2.91068        4.85222
C          5.68211       -3.87446        5.55166
H          5.69301       -4.89281        5.19384
C          4.92080       -3.52775        6.64756
C          4.94555       -2.17489        7.06240
C          4.27926       -1.70402        8.22646
H          3.74957       -2.41975        8.83597
C          4.32534       -0.39940        8.58857
H          3.82985       -0.06452        9.48662
C          5.05922        0.55291        7.82894
C          5.13986        1.92215        8.17324
C          5.98761        2.72104        7.42597
H          6.08864        3.77051        7.65426
C          6.70294        2.18207        6.36530
H          7.36557        2.81034        5.78389
C          5.80407        0.10240        6.71828
C          5.73133       -1.27232        6.31657
C          4.11408       -4.54718        7.33270
C          4.71156       -5.72838        7.76364
H          5.77316       -5.86870        7.62181
C          3.95836       -6.70128        8.39393
H          4.43270       -7.60964        8.73410
C          2.59969       -6.51329        8.58671
H          2.01191       -7.27507        9.07631
C          1.99533       -5.34770        8.14576
H          0.93440       -5.20160        8.28519
C          2.74647       -4.36693        7.52465
H          2.26949       -3.46702        7.16255
C          4.35707        2.50257        9.27214
C          2.97356        2.34664        9.32137
H          2.47024        1.79321        8.54115
C          2.24333        2.92440       10.34335
H          1.17035        2.80427       10.36891
C          2.88406        3.65549       11.32997
H          2.31221        4.10104       12.12995
C          4.25900        3.81735       11.28537
H          4.76187        4.38760       12.05199
C          4.99226        3.25215       10.25869
H          6.06573        3.36886       10.22837
C          7.15868       -3.32463        3.64926
C          6.86350       -2.75823        2.41032
H          6.07688       -2.02108        2.33260
C          7.55358       -3.16398        1.28570
H          7.30331       -2.73271        0.32727
C          8.56869       -4.11327        1.36314
C          8.84119       -4.67870        2.60384
H          9.62099       -5.41963        2.68986
C          8.13582       -4.31085        3.73322
H          8.36925       -4.75173        4.69214
C         10.57760       -6.15036        0.11139
H         11.03898       -6.49571       -0.80845
H          9.95894       -6.95986        0.48730
H         11.37203       -5.97055        0.82934
C         10.66488       -3.13162       -0.70308
C          8.27489       -4.90749       -1.56457
C         10.48006       -1.84855       -0.19666
H          9.69505       -1.66701        0.52223
C         11.29241       -0.80086       -0.59154
H         11.13419        0.18505       -0.17892
C         12.30570       -1.01638       -1.50979
H         12.94158       -0.19977       -1.81995
C         12.50245       -2.28574       -2.02769
H         13.29186       -2.46113       -2.74508
C         11.69014       -3.32963       -1.62501
H         11.85421       -4.31753       -2.03187
C          8.45409       -4.42819       -2.85831
H          9.32867       -3.83507       -3.08476
C          7.53075       -4.69365       -3.85381
H          7.68869       -4.31204       -4.85255
C          6.40445       -5.44752       -3.57133
H          5.68211       -5.65685       -4.34718
C          6.20661       -5.92953       -2.28817
H          5.32721       -6.51570       -2.06102
C          7.13362       -5.65992       -1.29841
H          6.97053       -6.03374       -0.29687
N          6.61762        0.91234        6.00351
N          6.44746       -1.63836        5.22989
Si         9.54848       -4.57399       -0.19423
Re         7.89600       -0.08365        4.59550
O          6.20970        0.81792        2.17378
O          9.94474       -1.83573        3.07441
O          9.88207        2.27140        4.33252
Br         9.15235       -0.90138        6.69178
