74
CSD_code = IJIHOY | q = 0 | S = 0 | Stoichiometry = C24H44Cl2Si3Zr | MND = 12
Zr         4.77901        3.72326        8.04793
Cl         6.43550        4.49594        6.56603
Cl         6.11275        4.45627        9.85618
Si         7.75099        1.57069        7.04125
Si         3.57052        1.16672       10.90006
Si         4.40472        1.13643        5.10215
C          5.94358        1.62146        7.60214
C          5.65978        1.61555        8.98101
C          4.25525        1.57315        9.19851
C          3.66570        1.52920        7.90822
C          4.67950        1.57230        6.91087
C          3.98051        6.04541        7.96953
C          3.27855        5.43549        9.04723
C          2.42342        4.43738        8.50185
C          2.58193        4.44987        7.08229
C          3.53199        5.45643        6.75453
C          4.94261        7.19311        8.08966
C          3.26513        5.96131       10.45609
C          1.31793        3.74339        9.24743
C          1.66988        3.78113        6.09155
C          3.81576        5.99882        5.38097
C          8.17613        2.12595        5.26134
C          8.77472        2.59760        8.29095
C          8.30302       -0.25401        7.24361
C          3.66044        2.68965       12.05847
C          4.69416       -0.19418       11.63882
C          1.80716        0.43355       10.79866
C          5.55444       -0.29074        4.56192
C          2.63933        0.41881        4.88393
C          4.64504        2.65347        3.95263
H          6.40137        1.57101        9.76847
H          2.61954        1.33249        7.71294
H          4.40966        8.14703        8.06768
H          5.65695        7.18378        7.26572
H          5.49502        7.13426        9.02846
H          2.90245        6.99137       10.45393
H          4.26241        5.96360       10.89772
H          2.60455        5.37329       11.08785
H          0.44378        4.39745        9.30629
H          1.62060        3.49461       10.26178
H          1.00901        2.82818        8.74622
H          0.91254        4.49136        5.74982
H          1.14661        2.93827        6.53822
H          2.21760        3.42972        5.21920
H          3.38658        6.99914        5.29075
H          3.37089        5.37101        4.61304
H          4.88624        6.07940        5.19044
H          8.81119        1.39190        4.77525
H          8.71447        3.06721        5.28207
H          7.29933        2.27766        4.64467
H          9.79159        2.73482        7.93536
H          8.83539        2.10797        9.25891
H          8.34748        3.58535        8.44776
H          9.37135       -0.34247        7.07819
H          7.80671       -0.91155        6.53916
H          8.09325       -0.62642        8.24089
H          4.30335        3.45925       11.63406
H          4.08318        2.40973       13.01850
H          2.68863        3.13016       12.26091
H          5.68597        0.18891       11.85759
H          4.80934       -1.03252       10.95853
H          4.28163       -0.57790       12.56696
H          1.50517        0.07399       11.77685
H          1.77874       -0.41259       10.11954
H          1.05799        1.14510       10.47152
H          5.28921       -0.62858        3.56446
H          5.46008       -1.14117        5.23006
H          6.59693        0.00134        4.54555
H          2.49527        0.11162        3.85289
H          1.84551        1.11631        5.12406
H          2.50279       -0.46159        5.50409
H          5.32163        2.41508        3.13774
H          5.06894        3.49737        4.49460
H          3.71337        2.97601        3.49628
