57
CSD_code = ILOLUS | q = 0 | S = 0 | Stoichiometry = C16H34FeN2O2Si2 | MND = 4
Fe         7.85503        3.75498       11.97047
Si        10.42179        3.82885       13.06553
Si         9.96198        2.38068       10.34281
O          6.85509        2.32934       12.71462
O          7.57995        5.15700        9.90406
N          6.14384        4.79571       12.23995
N          9.63126        3.56659       11.55551
C          5.28843        0.76627       13.60189
H          4.59661        0.28658       12.91253
H          4.80763        0.83766       14.57432
H          6.18496        0.15809       13.68332
C          5.65655        2.14402       13.09062
C          4.67519        3.12475       13.03416
H          3.67467        2.86909       13.34177
C          4.92864        4.42349       12.56985
C          3.74954        5.36956       12.50819
H          3.87923        6.19373       13.20995
H          2.83817        4.84138       12.77081
H          3.63338        5.78252       11.50751
C          6.40981        6.13082       11.76229
H          7.36121        6.45761       12.19348
H          5.63511        6.85037       12.04494
C          6.57596        6.11362       10.23037
H          5.63912        5.77434        9.77239
C          7.05617        7.45853        9.67702
H          6.71025        7.59056        8.65114
H          6.70599        8.29627       10.27617
C          8.57461        7.29377        9.70515
H          9.08410        7.93344        8.98830
H          8.96337        7.50170       10.70169
C          8.72808        5.81209        9.37362
H          8.74494        5.65835        8.28575
H          9.60884        5.34973        9.82084
C         10.16534        2.38430       14.29079
H          9.13155        2.05700       14.23086
H         10.36884        2.67294       15.31720
H         10.79706        1.53533       14.05549
C          9.49983        5.32933       13.81795
H          9.59931        6.21845       13.20424
H          9.86631        5.57260       14.80865
H          8.44083        5.08550       13.90792
C         12.28319        4.20525       12.86308
H         12.80345        3.34435       12.45904
H         12.73845        4.45102       13.81626
H         12.45241        5.03780       12.18917
C         10.54181        0.72103       11.09212
H         11.49269        0.83314       11.60195
H         10.66535       -0.03905       10.32728
H          9.81908        0.35562       11.81278
C         11.32761        2.96033        9.12929
H         10.99583        3.77670        8.49698
H         11.63104        2.14613        8.47976
H         12.20720        3.29636        9.66752
C          8.30529        2.10573        9.44322
H          7.50462        2.06440       10.17814
H          8.29302        1.18339        8.87391
H          8.07886        2.92067        8.76841
