38
CSD_code = IMACEE | q = 0 | S = 0 | Stoichiometry = C12H21Cl3SiTi | MND = 8
Ti         5.33801        3.35491        8.36410
Cl         6.26965        5.23977        7.87466
Cl         6.74596        1.99023        7.45617
Cl         6.11165        3.21908       10.38586
Si         4.03535        2.82484        5.11943
C          5.47378        4.02225        4.72759
C          2.44783        3.25677        4.13828
C          4.59313        1.08483        4.56641
C          3.63966        2.97155        6.96913
C          3.37043        4.20198        7.64804
C          3.22623        3.92850        9.03569
C          3.36272        2.52330        9.22403
C          3.62308        1.93546        7.95725
C          3.09376        5.54039        7.02870
C          2.91356        4.93862       10.09945
C          3.15981        1.78189       10.51215
C          3.70206        0.45967        7.70090
H          5.67319        4.06390        3.66077
H          5.28718        5.03768        5.06695
H          6.38451        3.68099        5.21911
H          2.63754        3.17193        3.07382
H          1.63908        2.57440        4.38039
H          2.08974        4.26297        4.32665
H          4.83999        1.10840        3.50926
H          5.48246        0.76501        5.10034
H          3.82401        0.33195        4.70013
H          3.20323        5.49900        5.94944
H          2.07053        5.84286        7.26120
H          3.77076        6.30454        7.41511
H          3.46573        4.71849       11.01401
H          3.18586        5.93931        9.76615
H          1.84643        4.92995       10.33256
H          3.18732        2.46503       11.35799
H          2.18820        1.28252       10.50493
H          3.93478        1.02859       10.65844
H          4.65223        0.18695        7.24294
H          3.59671       -0.09407        8.63179
H          2.89875        0.15706        7.02855
