86
CSD_code = IPUYUN | q = 1 | S = 0 | Stoichiometry = C24H54MoN3O3Si(1+) | MND = 6
Mo        -5.40617        7.17903       16.91369
Si        -4.54472        7.19226       13.76713
N         -6.59153        7.07598       18.84009
N         -7.03679        8.90183       17.49378
C         -6.95857       10.37415       17.24115
C         -5.74047       10.94709       17.97334
H         -5.94079       11.11656       19.02873
H         -5.47535       11.90724       17.54130
H         -4.88544       10.27998       17.86533
C         -6.75806       10.57487       15.73686
H         -5.99981        9.88059       15.37168
H         -6.41615       11.58686       15.54170
H         -7.67939       10.43805       15.17504
O         -5.43636        7.46058       15.14211
O         -5.03941        5.58713       17.08105
O         -4.32911        8.18460       17.63226
C         -6.95255        8.49309       18.88979
H         -7.91277        8.64729       19.41965
H         -6.15495        9.04471       19.38413
C         -4.35033        5.27937       13.56744
H         -4.14074        4.88557       14.57239
C         -6.07103        6.51987       20.14009
C         -4.77683        7.25203       20.50555
H         -4.25670        6.70198       21.28405
H         -4.96037        8.25257       20.89028
H         -4.12185        7.31289       19.63376
C         -8.22772       11.09418       17.71043
H         -9.10583       10.77909       17.15138
H         -8.10325       12.16181       17.55304
H         -8.40821       10.93604       18.77132
C         -5.43534        7.95288       12.23184
H         -6.11383        7.19265       11.83181
C         -3.18838        4.89704       12.64892
H         -3.04382        3.81852       12.65585
H         -2.25738        5.36544       12.94953
H         -3.40277        5.19733       11.62632
N         -7.80885        6.80560       16.89104
C         -8.18223        8.21846       16.90528
H         -8.33751        8.57317       15.88639
H         -9.10342        8.38389       17.49987
C         -7.73559        6.36103       18.27914
H         -7.53988        5.29021       18.30692
H         -8.66644        6.59372       18.83196
C         -8.61825        5.92079       15.99806
C         -7.98169        4.52529       16.01358
H         -6.89270        4.60185       16.01674
H         -8.28438        3.96907       15.13129
H         -8.29975        3.94395       16.87605
C         -5.60979        4.57970       13.05125
H         -5.81265        4.86890       12.02255
H         -6.47356        4.82649       13.65840
H         -5.47291        3.50011       13.07270
C         -2.83487        7.97995       14.19506
H         -2.19517        7.99665       13.30775
C         -5.75045        5.03302       19.96156
H         -6.64294        4.41148       19.98280
H         -5.11307        4.70170       20.77571
H         -5.20910        4.87632       19.02684
C         -2.12477        7.15784       15.27369
H         -1.22856        7.67668       15.61019
H         -1.83054        6.17995       14.90392
H         -2.78399        7.01093       16.14227
C         -6.27900        9.19637       12.50881
H         -5.66224       10.01265       12.87461
H         -7.05111        8.98434       13.24431
H         -6.76520        9.52779       11.59283
C         -7.10041        6.69111       21.26360
H         -8.03623        6.18421       21.03978
H         -7.30360        7.73751       21.47733
H         -6.69721        6.24625       22.16906
C         -4.41485        8.26083       11.13751
H         -4.91937        8.59000       10.23123
H         -3.82488        7.38211       10.89779
H         -3.73735        9.04900       11.45296
C         -2.99267        9.41912       14.69050
H         -3.55606        9.42018       15.62530
H         -3.50833       10.03865       13.96064
H         -2.01755        9.86334       14.88199
C        -10.07836        5.83104       16.45854
H        -10.16578        5.39539       17.45083
H        -10.62187        5.19013       15.76991
H        -10.56368        6.80451       16.45541
C         -8.56975        6.48816       14.57472
H         -9.24652        7.33111       14.44922
H         -8.88384        5.72648       13.86676
H         -7.55426        6.79273       14.32135
