125
CSD_code = IWULUJ | q = 0 | S = 0 | Stoichiometry = C47H71N3P2SiTi | MND = 5
Ti        -1.79014        8.34569       10.18028
P         -3.82649        7.80661       11.81805
P          0.19413        9.18884        8.53901
Si        -0.51631        5.22366        9.83440
N         -1.42917        9.53162       11.77226
N         -2.77949        8.76632        8.50249
N         -1.16990        6.71924       10.27514
C         -1.95344        9.42447       13.02500
C         -1.38731       10.06668       14.15135
H         -0.48490       10.64879       14.03160
C         -1.94580        9.96231       15.40168
H         -1.47705       10.47120       16.23306
C         -3.09451        9.20639       15.62512
C         -3.65460        8.56036       14.53777
H         -4.52982        7.94873       14.70147
C         -3.12151        8.66267       13.25721
C         -3.69365        9.10398       16.99687
H         -4.12697       10.05898       17.29759
H         -2.93221        8.84040       17.72983
H         -4.47706        8.34969       17.02390
C         -5.57672        8.52876       11.74628
H         -5.93147        8.28489       10.74016
C         -5.43834       10.04531       11.85834
H         -6.35566       10.54081       11.54482
H         -4.62382       10.39733       11.22459
H         -5.21914       10.33313       12.88556
C         -6.62132        8.01657       12.73278
H         -6.36045        8.26087       13.75845
H         -6.76761        6.94341       12.64492
H         -7.57261        8.50100       12.51240
C         -4.06681        6.11739       12.58072
H         -4.77098        6.21226       13.41445
C         -2.71298        5.65059       13.10798
H         -2.74922        4.59150       13.35646
H         -2.43186        6.20351       14.00244
H         -1.94817        5.81415       12.34287
C         -4.62769        5.14678       11.55043
H         -3.87186        4.95737       10.79486
H         -5.51463        5.55452       11.06658
H         -4.89347        4.20135       12.02239
C         -0.28202       10.35316       11.69793
C          0.99117        9.77815       11.85711
C          2.11059       10.59507       11.84289
H          3.08731       10.15490       11.99025
C          2.00593       11.97177       11.68527
C          0.74033       12.53222       11.59048
H          0.63840       13.60682       11.52151
C         -0.40496       11.74908       11.62103
C          1.08793        8.31157       12.14944
H          0.63887        8.10551       13.12421
H          2.12545        7.98628       12.17932
H          0.52500        7.72533       11.40565
C          3.23193       12.83368       11.63119
H          3.03846       13.81241       12.06468
H          3.54190       12.98135       10.59528
H          4.05674       12.36789       12.16533
C         -1.75655       12.40259       11.66896
H         -1.97609       12.70650       12.69400
H         -2.53930       11.70875       11.36237
H         -1.78915       13.28973       11.03957
C         -2.21978        8.71372        7.25753
C         -3.00451        8.57098        6.09095
H         -4.07833        8.49437        6.18675
C         -2.44958        8.53032        4.83344
H         -3.09742        8.41359        3.97541
C         -1.07614        8.63633        4.64797
C         -0.28951        8.80921        5.77583
H          0.77661        8.90232        5.63144
C         -0.81986        8.85933        7.06026
C         -0.45918        8.55578        3.28277
H          0.41366        9.20246        3.21053
H         -1.17543        8.84741        2.51774
H         -0.13777        7.53450        3.07193
C          0.37485       11.07027        8.37835
H          0.90441       11.39749        9.27972
C         -1.03416       11.65058        8.39820
H         -1.00997       12.72763        8.55911
H         -1.61492       11.18655        9.19697
H         -1.53006       11.45524        7.44771
C          1.11963       11.59548        7.15464
H          0.69829       11.18701        6.23825
H          2.18266       11.37372        7.19392
H          1.01276       12.67941        7.11699
C          1.91817        8.67262        7.99111
H          2.15909        9.25494        7.09688
C          1.98750        7.19301        7.64522
H          3.00766        6.92453        7.37082
H          1.33461        6.95262        6.81101
H          1.68562        6.59271        8.49657
C          2.94041        9.00696        9.07093
H          2.76298        8.39894        9.95318
H          2.89180       10.05535        9.35623
H          3.94617        8.79715        8.70727
C         -4.18595        8.58098        8.53164
C         -4.73013        7.28464        8.44729
C         -6.10617        7.11660        8.43251
H         -6.51125        6.11592        8.36593
C         -6.97458        8.20001        8.46372
C         -6.42864        9.47477        8.49408
H         -7.08741       10.33236        8.47831
C         -5.05671        9.68260        8.51863
C         -3.81584        6.11278        8.28993
H         -4.35499        5.17846        8.42521
H         -2.98522        6.18497        9.00325
H         -3.38332        6.11576        7.28778
C         -8.45944        7.99389        8.46676
H         -8.73034        7.12468        7.87140
H         -8.97408        8.86657        8.07135
H         -8.81238        7.82530        9.48540
C         -4.51869       11.08199        8.45713
H         -5.32430       11.80751        8.54241
H         -4.00762       11.24176        7.50723
H         -3.79928       11.26384        9.25461
C         -1.41688        3.61827       10.40657
H         -1.51210        3.55163       11.48441
H         -0.84374        2.75494       10.08001
H         -2.40886        3.52323        9.97550
C          1.24976        4.94250       10.55510
H          1.89065        5.81496       10.47917
H          1.74902        4.12126       10.04999
H          1.18358        4.68592       11.60815
C         -0.50502        5.00834        7.91598
H         -1.28216        4.31663        7.60573
H          0.43802        4.61980        7.54594
H         -0.69724        5.95863        7.42286
