48
CSD_code = IXUNAR | q = 0 | S = 0 | Stoichiometry = C17H25Cl3NSiTa | MND = 10
Ta        -0.34548        7.42120        8.59516
Si        -0.14657        8.45998        4.81549
Cl         1.22404        9.05296        8.88569
Cl        -1.80044        5.67829        8.21242
Cl        -2.04511        8.91526        8.19015
N         -1.03451        8.44846       11.13347
C         -1.27166        9.88285       11.17912
H         -0.43266       10.39756       10.71302
H         -1.39018       10.24273       12.20930
H         -2.17423       10.11658       10.61836
C         -2.19627        7.72005       11.62816
H         -3.04853        7.92622       10.98213
H         -2.44906        8.01477       12.65550
H         -1.99230        6.64982       11.60889
C          1.19183        7.71702        5.90716
C          1.00841        6.57827        6.82692
H          0.46388        5.71990        6.43927
C          2.33206        6.33257        7.38947
H          2.57046        5.51992        8.05406
C          3.19248        7.27131        6.91791
H          4.23232        7.37472        7.17358
C          2.48972        8.12176        6.00978
H          2.93294        8.95753        5.49818
C          0.48551        8.44347        3.01304
H          1.41622        8.99293        2.92155
H         -0.23489        8.90222        2.34395
H          0.66669        7.43326        2.66149
C         -1.73837        7.40563        4.88377
H         -2.17471        7.36402        5.87793
H         -1.54828        6.38424        4.56557
H         -2.49330        7.81402        4.21793
C         -0.47100       10.27834        5.31258
H          0.38676       10.89951        5.07180
H         -0.65677       10.38145        6.37782
H         -1.32902       10.68649        4.78668
C          0.44181        6.18771       10.30162
C          0.81179        4.86536       10.07558
H          0.65504        4.42905        9.09765
C          1.36208        4.07950       11.07606
H          1.64513        3.05901       10.86450
C          1.53707        4.60289       12.34472
H          1.96197        3.99816       13.13166
C          1.14238        5.90253       12.60460
H          1.25654        6.31292       13.59811
C          0.59510        6.68602       11.59577
C          0.16520        8.09951       11.89134
H          0.00547        8.23330       12.97257
H          0.96522        8.77712       11.57372
