43
CSD_code = JAJHOR | q = 0 | S = 0 | Stoichiometry = C16H24Si2Ti | MND = 12
Ti        -1.43590        6.50016        2.52157
Si        -0.15341        9.02600        2.53687
Si        -3.25012        3.88145        3.29696
C         -1.33516        8.19028        3.77519
C         -0.12740        7.58736        1.28923
C         -0.85504       10.65010        1.79506
C          1.57453        9.40873        3.27711
C         -3.52853        2.23873        2.37309
C         -4.22693        3.92410        4.93256
C         -1.43534        4.35202        3.50608
C         -0.93633        5.26351        4.46452
C          0.32364        5.72474        4.03364
C          0.59340        5.14025        2.78316
C         -0.50149        4.32863        2.44066
C         -3.51704        5.41796        2.23569
C         -3.77226        6.71629        2.73339
C         -3.44317        7.65392        1.73414
C         -2.93697        6.94744        0.62832
C         -2.94555        5.57938        0.94923
H         -0.88752        8.03191        4.75861
H         -2.26901        8.73828        3.91735
H          0.87047        7.16748        1.14779
H         -0.50774        7.87221        0.30627
H         -1.03347       11.39162        2.56652
H         -1.79480       10.46802        1.28340
H         -0.16591       11.08136        1.07689
H          1.50155       10.09041        4.11785
H          2.22385        9.86570        2.53806
H          2.05669        8.50054        3.62469
H         -4.57972        2.10325        2.14204
H         -2.97636        2.19656        1.44040
H         -3.21331        1.39874        2.98281
H         -5.29029        3.81829        4.74664
H         -4.07369        4.85370        5.47141
H         -3.92386        3.10929        5.58117
H         -1.37937        5.45368        5.43554
H          1.01130        6.33317        4.60666
H          1.53335        5.19828        2.24915
H         -0.54651        3.66849        1.58204
H         -4.27866        6.93936        3.66567
H         -3.64298        8.71718        1.76504
H         -2.71206        7.37139       -0.34209
H         -2.70856        4.77424        0.26323
