73
CSD_code = JALVUO | q = 0 | S = 0 | Stoichiometry = C35H34N2SiZr | MND = 12
C          6.00163       13.67600       10.71509
C          5.15359       12.87202        9.92416
H          4.12877       12.73006       10.25366
C          5.61699       12.21890        8.80310
H          4.93834       11.60797        8.22418
C          6.94682       12.32495        8.42222
H          7.30885       11.81513        7.54280
C          7.80464       13.07988        9.20286
H          8.84795       13.15914        8.93054
C          7.35297       13.74176       10.32804
H          8.06009       14.31772       10.90447
C          6.37941       14.74999       12.84803
H          7.21805       14.04455       12.94693
H          5.82921       14.74517       13.80296
C          6.93447       16.17708       12.63573
H          7.83992       16.16115       12.02605
H          7.19436       16.59376       13.61050
C          5.89305       17.05766       11.91922
H          6.21226       18.10961       11.95716
H          5.87796       16.75541       10.85878
C          4.17383       17.72718       13.48439
C          5.05683       18.46249       14.29818
H          6.12122       18.42602       14.12537
C          4.58578       19.24528       15.33358
H          5.29327       19.78984       15.94329
C          3.23139       19.34224       15.60251
H          2.87477       19.95323       16.41707
C          2.34013       18.65660       14.79073
H          1.27631       18.74940       14.96402
C          2.79596       17.87214       13.75346
H          2.09448       17.39050       13.07866
C          2.46869       14.78815        9.79092
H          2.22054       13.76844        9.51007
C          3.59499       15.49963        9.32790
H          4.34318       15.12993        8.63610
C          3.40749       16.86603        9.68313
C          4.13200       18.02856        9.37276
H          5.03817       17.96227        8.78417
C          3.65598       19.24531        9.79409
H          4.20082       20.14772        9.55860
C          2.44753       19.34571       10.49907
H          2.09054       20.32321       10.78781
C          1.70228       18.23259       10.80049
H          0.74324       18.33572       11.28902
C          2.17234       16.96327       10.42068
C          1.58707       15.65953       10.49501
C          2.13606       14.91253       13.95758
H          1.66349       15.70489       14.52385
C          3.33406       14.28517       14.34030
H          3.90746       14.52281       15.22856
C          3.48134       13.11828       13.53454
C          4.39843       12.05242       13.55928
H          5.21951       12.05819       14.26424
C          4.20787       10.98499       12.71741
H          4.89477       10.15242       12.73923
C          3.11415       10.93829       11.83798
H          2.98618       10.06857       11.21025
C          2.20519       11.96791       11.77301
H          1.34166       11.89451       11.12455
C          2.36713       13.08602       12.61287
C          1.52452       14.21499       12.88304
C         -0.86106       13.69755       10.81237
H         -0.36562       13.17559       10.00055
H         -1.72676       14.19816       10.39182
H         -1.22148       12.95550       11.51730
C         -0.82694       16.25953       12.53336
H         -1.54146       15.76260       13.18123
H         -1.39098       16.82503       11.79952
H         -0.26874       16.96392       13.14048
N          5.46131       14.29293       11.81453
N          4.53888       16.92276       12.43755
Si         0.28131       14.96589       11.67274
Zr         3.61232       15.18382       11.89311
