98
CSD_code = JAMKIU | q = 0 | S = 0 | Stoichiometry = C39H50Cl2N2O2Si2Zr | MND = 6
Zr        16.71746        5.23317        5.08661
Cl        14.90812        3.68298        5.01272
Cl        18.46714        5.15633        3.50236
Si        15.05771        6.32824        1.32538
Si        18.88783        1.62917        5.91310
N         17.93497        6.98810        5.89766
C         17.72836        8.83393        7.94762
H         17.59285        9.52753        8.76523
O         15.70555        6.52976        4.15052
C         16.24526        7.57184        3.55791
C         17.01685        8.49428        4.27072
C         17.48211        9.67634        3.62412
C         17.10673        9.90574        2.27310
C         16.35815        8.92643        1.58227
H         16.12893        9.10069        0.54167
C         15.94433        7.77413        2.18395
C         18.34416       10.61073        4.23530
H         18.71174       10.42263        5.23291
C         18.74718       11.74111        3.57643
H         19.40620       12.44303        4.06663
C         18.32338       11.99416        2.26625
H         18.64354       12.89469        1.76399
C         17.53064       11.08217        1.62590
H         17.22302       11.24236        0.60252
C         17.38821        8.19559        5.65889
C         17.24553        9.13706        6.68509
H         16.75021       10.07425        6.48627
C         15.81514        4.62120        1.70589
H         15.33446        3.84526        1.11552
H         15.71620        4.35212        2.76031
H         16.87463        4.61412        1.45832
C         15.34238        6.59696       -0.54756
H         16.40138        6.61481       -0.78259
H         14.90995        7.52498       -0.90339
H         14.89655        5.79147       -1.11995
C         13.14709        6.37813        1.67086
C         12.53408        7.63922        1.05450
H         11.47267        7.69990        1.29425
H         12.63556        7.62774       -0.02723
H         13.02179        8.53415        1.43595
C         12.84773        6.37768        3.17040
H         13.24826        7.27543        3.63642
H         13.29276        5.50913        3.65205
H         11.77109        6.35446        3.34217
C         12.47920        5.15097        1.04723
H         11.39857        5.20193        1.17834
H         12.83414        4.24003        1.52138
H         12.68841        5.09355       -0.01799
O         17.61477        4.18572        6.38219
C         18.87551        4.32501        6.72350
C         19.68461        3.15659        6.71658
C         20.95096        3.22782        7.21766
H         21.57277        2.34520        7.23301
C         21.49735        4.43746        7.70286
C         20.72719        5.62954        7.63670
C         19.38401        5.55141        7.16325
C         22.81299        4.48780        8.20186
H         23.37454        3.56632        8.25813
C         23.37562        5.67173        8.59203
H         24.38454        5.70277        8.97526
C         22.64453        6.85852        8.46248
H         23.10575        7.79852        8.72884
C         21.35880        6.83975        7.99201
H         20.82943        7.77267        7.86933
C         18.54550        6.75157        7.07481
C         18.42731        7.65389        8.13958
H         18.86654        7.41399        9.09499
C         20.34917        0.48798        5.44049
H         19.99207       -0.39368        4.92054
H         20.90625        0.14958        6.30659
H         21.04362        0.99598        4.77965
C         17.97400        1.99372        4.28136
H         18.58965        2.61235        3.63130
H         17.02683        2.51100        4.44544
H         17.76110        1.07127        3.74674
C         17.75637        0.69602        7.18441
C         16.65482        1.60942        7.72354
H         16.05377        2.01349        6.91138
H         17.08991        2.43852        8.27730
H         15.99836        1.05610        8.39585
C         18.59022        0.19334        8.36654
H         19.11471        1.01580        8.84897
H         19.32527       -0.53612        8.03739
H         17.94816       -0.28366        9.10683
C         17.09918       -0.50363        6.49961
H         16.49700       -1.06413        7.21417
H         17.84967       -1.17467        6.08961
H         16.44912       -0.17540        5.69334
N         15.41383        6.06527        7.05490
H         15.86119        6.87475        7.49676
C         14.07291        6.49373        6.64084
H         13.56646        5.65386        6.16246
H         14.15483        7.30992        5.92201
H         13.47283        6.82791        7.49861
C         15.31374        5.01988        8.07954
H         14.70612        5.34885        8.93413
H         16.31127        4.75495        8.43269
H         14.85073        4.13623        7.63703
