75
CSD_code = JEJPOE | q = 0 | S = 0 | Stoichiometry = C26H42N4RuSi2 | MND = 8
Ru         9.79697        3.65881       15.31405
Si         8.37362        5.21738       12.21526
Si        11.61678        3.67647       18.59301
N         10.47772        4.04605       17.34921
N          9.48620        4.73909       13.44590
N         11.29966        4.84053       14.71606
C         10.47095        2.15214       13.93320
H         11.23288        2.53360       13.24476
C         10.88537        1.80205       15.21962
H         11.93438        1.96954       15.46051
C         10.24114        0.65628       15.97986
H         10.99655        0.16513       16.59632
H          9.88633       -0.08814       15.26429
C          9.09112        1.12884       16.88505
H          8.34112        0.33627       16.99694
H          9.49168        1.34499       17.87723
N          8.99413        5.25112       16.22680
C          8.42305        2.39198       16.38107
H          7.89312        2.93185       17.17340
C          7.96194        2.55611       15.07362
H          7.12825        3.24218       14.92968
C          8.03246        1.43144       14.05580
H          7.16984        1.49630       13.38985
H          7.95524        0.47595       14.57855
C          9.31721        1.48525       13.21195
H          9.61339        0.47595       12.90079
H          9.11928        2.06324       12.30738
C         10.68788        5.30017       13.59528
C         11.34991        6.23696       12.77688
H         10.86631        6.59067       11.88213
C         12.60253        6.68597       13.12967
C         13.19188        6.19130       14.30351
H         14.17082        6.52628       14.60664
C         12.50442        5.27021       15.06194
H         12.91827        4.86106       15.97552
C         13.33922        7.68310       12.28983
H         14.29763        7.27438       11.97322
H         13.53804        8.58590       12.86560
H         12.76345        7.95065       11.40809
C          9.68738        5.12081       17.38613
C          9.49492        6.05895       18.41988
H         10.03795        5.94560       19.34283
C          8.61685        7.10347       18.23837
C          7.93063        7.20506       17.01822
H          7.23890        8.01390       16.84591
C          8.15000        6.25610       16.04479
H          7.64395        6.29345       15.08781
C          8.38559        8.12385       19.30965
H          7.32560        8.18391       19.55130
H          8.70340        9.10722       18.96566
H          8.93845        7.87444       20.21136
C         12.84523        2.31291       18.08389
H         12.35257        1.36796       17.89122
H         13.55055        2.15148       18.89332
H         13.41787        2.57902       17.20171
C         12.67172        5.22941       19.01540
H         12.48420        5.57747       20.02693
H         12.45515        6.05386       18.34160
H         13.73438        5.01727       18.94299
C          8.96195        4.62215       10.48835
H         10.01843        4.81732       10.32956
H          8.41050        5.12554        9.70007
H          8.80815        3.55485       10.35885
C          8.19204        7.13294       12.18554
H          8.73855        7.59830       13.00120
H          7.15212        7.43308       12.27455
H          8.56773        7.55581       11.25844
C         10.72739        3.07791       20.18470
H          9.88334        3.71129       20.44121
H         11.40982        3.07832       21.02919
H         10.34934        2.06561       20.07566
C          6.62465        4.51553       12.49145
H          6.20145        4.81887       13.44315
H          6.60508        3.43373       12.44554
H          5.96720        4.88485       11.71041
