52
CSD_code = JENXUW | q = 0 | S = 0 | Stoichiometry = C24H24MoN2Si | MND = 10
Mo         5.45436        2.76568       -1.58346
Si         4.67127        3.24954        6.03566
N          3.63025        1.96295       -1.76870
N          4.23737        4.33427       -1.83726
C          7.04929        3.95415       -2.70205
C          7.70503        3.47282       -1.55094
C          7.62146        2.16979       -1.01342
C          7.02975        1.00989       -1.55145
C          6.21740        0.93611       -2.70460
C          6.01210        1.89600       -3.73378
C          6.37496        3.23401       -3.72907
C          3.30503        0.69332       -1.45763
C          2.12277        0.10354       -1.81389
C          1.17497        0.84452       -2.53743
C          1.44709        2.16391       -2.79655
C          2.66477        2.72016       -2.38030
C          3.01796        4.10109       -2.41947
C          2.20820        5.14986       -2.87753
C          2.60427        6.44999       -2.69153
C          3.80221        6.68328       -1.99763
C          4.56352        5.61906       -1.59719
C          5.10324        2.91596        0.42398
C          5.00627        2.98706        1.63962
C          4.89406        3.06791        2.98737
C          4.80700        3.13749        4.20050
C          4.65486        1.48959        6.77529
H          3.81780        0.91291        6.39317
H          4.57305        1.51148        7.85862
H          5.56396        0.95122        6.52441
C          6.16704        4.21800        6.72137
H          7.10143        3.72733        6.46574
H          6.12568        4.30453        7.80375
H          6.20325        5.22305        6.31171
C          3.05535        4.15513        6.49667
H          3.03849        5.15932        6.08365
H          2.93645        4.23929        7.57347
H          2.18822        3.62853        6.10936
H          7.19081        5.01336       -2.91083
H          8.25245        4.20270       -0.96166
H          8.12618        2.03164       -0.05952
H          7.12796        0.09998       -0.96668
H          5.79386       -0.04566       -2.91156
H          5.42700        1.55556       -4.58388
H          6.04557        3.82790       -4.57767
H          4.05616        0.15008       -0.89711
H          1.92837       -0.92266       -1.54668
H          0.25075        0.39127       -2.85794
H          0.73176        2.78326       -3.31390
H          1.27524        4.92224       -3.36816
H          2.00423        7.27297       -3.04510
H          4.12649        7.68967       -1.78717
H          5.49075        5.76524       -1.05649
