46
CSD_code = JIRMUS | q = 0 | S = 0 | Stoichiometry = C15H24O4RuSi2 | MND = 8
Ru         4.21852        3.18400        4.23787
Si         5.26605        6.70686        4.97072
Si         5.56276        2.69282        0.73422
O          6.91387        4.69035        3.07494
O          6.92020        2.38603        4.39023
O          2.94440        3.57564        6.91814
O          3.24786        0.37910        3.82496
C          4.67321        5.32618        3.82439
C          5.56427        4.55501        3.02616
C          4.82758        3.70624        2.15182
C          3.44466        4.07466        2.32410
C          3.35226        5.05772        3.32086
C          5.89100        2.31218        5.03184
C          5.88843        1.57686        6.35766
C          3.45546        3.37542        5.90806
C          3.60757        1.45593        4.00720
C          6.30784        7.92495        3.94212
C          3.72954        7.56500        5.70785
C          6.29577        5.89576        6.35905
C          6.77323        3.82567       -0.20837
C          4.12499        2.16393       -0.40358
C          6.44025        1.13880        1.40883
H          7.30998        3.82302        3.29160
H          2.63692        3.74304        1.68434
H          2.46295        5.61380        3.58784
H          6.79286        0.97557        6.45248
H          5.00431        0.94835        6.45713
H          5.87260        2.31381        7.16066
H          6.73874        8.69349        4.57578
H          5.71178        8.41996        3.18080
H          7.12027        7.40744        3.44204
H          3.09103        6.86318        6.23685
H          4.02936        8.33057        6.41542
H          3.13005        8.04749        4.94165
H          6.73777        6.63952        7.01482
H          7.10420        5.30019        5.94357
H          5.68120        5.23827        6.97090
H          6.25122        4.64287       -0.69808
H          7.30210        3.26745       -0.97432
H          7.51272        4.26255        0.45555
H          3.59329        3.01834       -0.81206
H          4.50424        1.58676       -1.24035
H          3.40467        1.54175        0.12002
H          6.88903        0.56529        0.60328
H          5.74019        0.48694        1.92739
H          7.22790        1.38873        2.11391
