105
CSD_code = JIYVIX | q = 0 | S = 0 | Stoichiometry = C38H58NO3S2Si2Y | MND = 6
Y          5.31104        1.68045       14.26668
S          6.19528        0.94244       16.84620
S          2.58661        0.49337       14.23925
Si         6.88596        4.57054       13.94528
H          5.55317        4.95607       13.39209
Si         8.62156        2.14704       13.93520
H          9.46261        2.70688       15.02666
O          4.20814        2.71472       15.64150
O          5.24670       -0.01406       13.14995
O          4.06238        2.75678       12.39936
N          7.05988        2.86065       13.82232
C          4.44135        3.04092       16.88906
C          5.40495        2.33487       17.63740
C          5.74276        2.65307       18.94131
H          6.50893        2.08038       19.44165
C          5.09338        3.69306       19.57394
C          4.09209        4.36668       18.87380
H          3.57974        5.15752       19.39804
C          3.73728        4.07505       17.57142
C          5.42992        4.09249       20.97997
H          6.20246        3.44708       21.38956
H          4.54892        4.02989       21.61809
H          5.78816        5.12114       21.00706
C          2.62286        4.82242       16.85059
C          1.91930        5.85131       17.74155
H          1.12413        6.32935       17.17249
H          2.60770        6.62669       18.06923
H          1.47147        5.37816       18.61257
C          3.21897        5.56302       15.64722
H          3.74426        4.86600       15.00049
H          3.93008        6.31488       15.98267
H          2.43161        6.05731       15.08001
C          1.56860        3.81085       16.37740
H          0.76989        4.32131       15.84248
H          1.13608        3.29422       17.23248
H          2.01438        3.07366       15.71519
C          4.81961       -0.29208       17.10316
H          4.94716       -0.68087       18.11662
H          3.89119        0.27469       17.04382
C          4.91691       -1.39489       16.09560
C          3.86084       -1.76083       15.25213
C          4.04201       -2.82004       14.36552
H          3.23003       -3.09694       13.70815
C          5.23204       -3.51805       14.31442
H          5.34431       -4.34119       13.62554
C          6.27718       -3.15504       15.14665
H          7.21584       -3.68624       15.10732
C          6.11359       -2.10446       16.02770
H          6.92300       -1.81412       16.68236
C          2.54401       -1.06329       15.24884
H          2.21567       -0.74618       16.23719
H          1.77371       -1.68727       14.79629
C          2.95854       -0.20484       12.63618
C          4.31678       -0.36001       12.29182
C          4.59586       -0.91817       11.01044
C          3.53222       -1.24662       10.19145
H          3.72301       -1.66588        9.21634
C          2.19501       -1.06691       10.54577
C          1.91594       -0.53874       11.79012
H          0.89829       -0.38058       12.11726
C          1.10245       -1.45381        9.59293
H          1.09221       -2.53355        9.44336
H          1.25599       -0.98645        8.62104
H          0.13096       -1.15091        9.97545
C          6.04009       -1.15382       10.58289
C          6.68824       -2.13504       11.56706
H          6.62503       -1.75062       12.57982
H          7.73578       -2.28641       11.31466
H          6.17828       -3.09546       11.52737
C          6.81463        0.17100       10.59184
H          6.42570        0.84240        9.82765
H          7.86537       -0.01749       10.38049
H          6.74208        0.65721       11.56310
C          6.15773       -1.75202        9.17622
H          5.67118       -2.72293        9.11684
H          7.21048       -1.89099        8.93825
H          5.73002       -1.09076        8.42567
C          7.02573        5.22105       15.73405
H          6.27324        4.78268       16.38200
H          6.90920        6.29956       15.77463
H          7.99823        4.97801       16.15223
C          8.15839        5.55073       12.92438
H          9.15456        5.42144       13.33149
H          7.93119        6.61127       12.93831
H          8.17957        5.22989       11.88890
C          8.44379        0.28110       14.32296
H          8.65867        0.08278       15.36874
H          9.13106       -0.31374       13.73023
H          7.43570       -0.08299       14.11764
C          9.63677        2.31424       12.32651
H          9.07113        2.00943       11.45179
H         10.53349        1.70481       12.37252
H          9.94631        3.34115       12.17382
C          2.73328        3.30928       12.37477
H          2.62846        3.95110       13.25411
H          2.00258        2.49491       12.44276
C          2.58714        4.09338       11.06573
H          2.06965        5.03788       11.21495
H          2.03643        3.50539       10.33089
C          4.03485        4.27722       10.61544
H          4.13428        4.39493        9.53925
H          4.48857        5.13247       11.11616
C          4.66707        2.98869       11.12419
H          4.43082        2.14822       10.45441
H          5.74667        3.05903       11.27775
