109
CSD_code = JIZZOJ | q = 0 | S = 0 | Stoichiometry = C40H60CrN2O2Si4 | MND = 4
C          5.18911        8.89553        2.22295
C          5.79107        7.45612        4.87148
C          5.79194       10.54377        4.69382
C          5.35676       10.55234        6.01460
C          4.99209       11.72817        6.64977
C          5.05329       12.93166        5.96820
C          5.48111       12.94663        4.65065
C          5.84655       11.76514        4.02954
C          8.23701       10.45462        0.75111
C         10.59643        9.18489        2.37817
C          8.50946        7.44341        0.88707
C          7.70537        6.39873        1.33043
C          7.52113        5.25627        0.57260
C          8.14804        5.13399       -0.65622
C          8.95646        6.16007       -1.11477
C          9.13134        7.29904       -0.34867
C          9.73746       11.87427        4.10376
C          9.17159       13.23534        4.49646
C          9.16397       13.13332        6.01750
C          8.77528       11.67422        6.21630
O          9.34201       10.94707        5.11846
N          7.98180        8.96787        3.46307
Si         6.29942        8.94540        3.77748
Si         8.73281        9.02782        1.93461
Cr         9.49677        8.93751        4.93898
H          9.34771       11.51216        3.15235
H         10.83298       11.89974        4.07324
H          8.45693       13.81185        6.48763
H         10.15886       13.31882        6.42322
H          9.17430       11.26227        7.14140
H          7.68810       11.55251        6.18849
H          4.14790        8.73196        2.48270
H          5.49316        8.10677        1.54404
H          5.24598        9.83102        1.67833
H          6.31619        7.45975        5.81998
H          4.72623        7.47589        5.08189
H          6.00440        6.51348        4.37731
H          5.29836        9.62059        6.55643
H          4.65569       11.70786        7.67724
H          4.76400       13.85080        6.45768
H          5.51977       13.88290        4.10936
H          6.17829       11.78164        3.00118
H          8.09051       11.39524        1.27262
H          7.30758       10.21312        0.24753
H          8.98878       10.61841       -0.01455
H         10.72574        9.09974        3.46603
H         11.01175       10.13601        2.06077
H         11.19455        8.40762        1.91353
H          7.22039        6.49909        2.29002
H          6.88601        4.45926        0.93481
H          8.00618        4.24473       -1.25369
H          9.44832        6.07097       -2.07349
H          9.76282        8.09444       -0.71800
H          8.15195       13.34247        4.12783
H          9.77689       14.05850        4.12386
C         13.80438        8.97926        7.65510
C         13.20242       10.41861        5.00645
C         13.20138        7.33089        5.18434
C         13.63619        7.32210        3.86344
C         14.00053        6.14614        3.22831
C         13.93937        4.94275        3.91003
C         13.51195        4.92799        5.22771
C         13.14683        6.10960        5.84879
C         10.75649        7.42032        9.12695
C          8.39692        8.69010        7.49944
C         10.48362       10.43149        8.99104
C         11.28816       11.47608        8.54829
C         11.47235       12.61830        9.30651
C         10.84488       12.74045       10.53506
C         10.03599       11.71447       10.99297
C          9.86121       10.57572       10.22653
C          9.25583        6.00074        5.77435
C          9.82163        4.63964        5.38163
C          9.82930        4.74169        3.86059
C         10.21817        6.20075        3.66190
O          9.65126        6.92793        4.75961
N         11.01168        8.90720        6.41491
Si        12.69408        8.92941        6.10056
Si        10.26048        8.84720        7.94328
H          9.64562        6.36283        6.72575
H          8.16031        5.97532        5.80492
H         10.53631        4.06310        3.39048
H          8.83442        4.55629        3.45482
H          9.81945        6.61282        2.73673
H         11.30535        6.32229        3.69000
H         14.84559        9.14285        7.39537
H         13.50032        9.76801        8.33403
H         13.74751        8.04376        8.19970
H         12.67724       10.41491        4.05799
H         14.26724       10.39890        4.79598
H         12.98903       11.36125        5.50059
H         13.69454        8.25378        3.32149
H         14.33660        6.16629        2.20072
H         14.22837        4.02350        3.42058
H         13.47331        3.99178        5.76911
H         12.81537        6.09325        6.87724
H         10.90374        6.47993        8.60478
H         11.68571        7.66283        9.63086
H         10.00401        7.25630        9.89215
H          8.26776        8.77482        6.41152
H          7.98145        7.73916        7.81721
H          7.79883        9.46764        7.96368
H         11.77353       11.37587        7.58888
H         12.10787       13.41522        8.94479
H         10.98669       13.62952       11.13281
H          9.54369       11.80347       11.95148
H          9.22939        9.78037       10.59539
H         10.84127        4.53247        5.75024
H          9.21630        3.81650        5.75421
