93
CSD_code = JOCFAL | q = 0 | S = 0 | Stoichiometry = C35H51N2O2ScSi2 | MND = 5
Sc         3.98613        8.71913        3.89589
Si         2.46422        7.25139        6.80577
Si         2.37250       11.91682        3.05673
O          2.75143        6.75660        2.61998
O          6.84398       11.95230        4.86606
N          5.49087       10.16352        4.81964
N          5.56433        8.71015        2.36084
C          6.28756       10.94186        4.15338
C          7.14460        9.58792        0.75489
H          7.03214        8.69514        0.15706
C          2.18842       10.08252        3.46300
H          1.56231        9.65542        2.66021
H          1.54701       10.02372        4.36130
C          6.70931       10.81540        2.79269
C          6.42543        9.66806        1.98281
C          3.95653        7.24095        5.65660
H          4.09752        6.20266        5.31221
H          4.83687        7.44493        6.29024
C          7.95279       10.59330        0.30635
H          8.45742       10.48817       -0.64409
C          5.47641        7.57209        1.52208
C          7.53613       11.83820        2.29032
H          7.69716       12.70351        2.91435
C          8.13405       11.75552        1.06223
H          8.75402       12.55739        0.69333
C          2.97042        5.37076        2.88103
H          2.44901        5.09388        3.80560
H          4.04317        5.22467        3.00683
C          5.54534       10.56030        6.22329
H          4.53163       10.72345        6.60287
C          6.16564        6.40628        1.88806
C          2.17811        9.00544        7.52701
H          1.19335        9.10017        7.97343
H          2.90675        9.23218        8.29773
H          2.26452        9.76146        6.74873
C          4.71179        7.59350        0.34517
C          6.36095       11.87611        6.19183
H          5.74713       12.75817        6.40043
H          7.21338       11.85755        6.87700
C          3.96710        8.83820       -0.03349
H          3.21271        8.62380       -0.78805
H          3.49142        9.27548        0.85186
H          4.65380        9.58391       -0.43688
C          6.23993        9.52284        7.07595
C          0.86255        6.78324        5.85542
H         -0.02062        6.92622        6.47012
H          0.75279        7.40196        4.96800
H          0.87057        5.74369        5.54164
C          1.51996        6.80647        1.90676
H          1.45021        7.77417        1.41280
H          0.68359        6.69031        2.60960
C          2.57091        6.05918        8.31025
H          1.70247        6.13947        8.95742
H          2.64504        5.02375        7.99054
H          3.44902        6.27638        8.91158
C          7.25480        8.73238        6.55028
H          7.52941        8.83906        5.50982
C          6.97593        6.40001        3.15155
H          7.34599        5.40046        3.36980
H          7.82861        7.07304        3.05215
H          6.36708        6.75661        3.99341
C          3.13513       12.88522        4.52531
H          2.84084       13.93000        4.51062
H          2.82584       12.47125        5.48063
H          4.21803       12.85216        4.47961
C          6.09301        5.28757        1.07174
H          6.62931        4.39095        1.35059
C          4.67083        6.46198       -0.45461
H          4.10523        6.48556       -1.37656
C          1.56638        5.63136        0.92933
H          0.57024        5.27409        0.67941
H          2.07512        5.93047        0.01498
C          5.35881        5.31393       -0.10110
H          5.32787        4.44418       -0.74140
C          2.40124        4.58915        1.68425
H          3.20283        4.20455        1.05726
H          1.79360        3.75273        2.02442
C          0.71468       12.79556        2.63274
H          0.86656       13.83286        2.34885
H          0.21116       12.30315        1.80580
H          0.03428       12.78434        3.47906
C          5.90385        9.39011        8.41682
H          5.12822       10.01430        8.83580
C          3.51906       12.18585        1.54215
H          3.78779       13.23280        1.43724
H          4.44330       11.62131        1.64457
H          3.04086       11.88191        0.61562
C          7.90307        7.80590        7.34792
H          8.68456        7.19035        6.92734
C          7.55219        7.66788        8.67996
H          8.05610        6.94235        9.30097
C          6.55471        8.46591        9.21415
H          6.28123        8.36682       10.25418
