63
CSD_code = JOCYEF | q = 0 | S = 0 | Stoichiometry = C27H25F4FeO3PSi2 | MND = 6
Fe         3.38387        0.88696        4.41751
P          2.95286        2.47608        2.94577
Si         3.78720       -0.66630        5.99412
Si         5.42603        0.34885        3.63826
F          2.69794       -1.87563        5.97255
F          3.48357       -0.18084        7.52035
F          5.57396       -0.26876        2.13363
F          6.53567        1.53090        3.43889
C          5.55525       -1.35120        5.85122
C          6.23431       -0.89850        4.79419
C          6.13267       -2.27990        6.89824
C          7.35284       -3.05087        6.38491
C          6.55164       -1.41007        8.09214
C          5.07161       -3.28533        7.35217
C          1.82277        1.00722        5.23584
C          2.87244       -0.42882        3.35936
C          4.31230        1.99512        5.43213
C          4.36096        3.22397        2.07362
C          4.96230        2.52274        1.03009
C          6.09276        3.02827        0.41867
C          6.64135        4.22426        0.85381
C          6.06114        4.91158        1.90641
C          4.92667        4.41329        2.52100
C          2.10112        3.96648        3.58500
C          1.91366        4.17302        4.94556
C          1.27260        5.31477        5.39604
C          0.81399        6.25671        4.49162
C          1.00083        6.05834        3.13217
C          1.64070        4.92102        2.67924
C          1.78454        2.03813        1.60864
C          1.90731        2.47217        0.29230
C          0.94902        2.12457       -0.64406
C         -0.14166        1.35462       -0.27774
C         -0.28014        0.93574        1.03571
C          0.67709        1.27605        1.97224
O          0.81717        1.01837        5.77890
O          2.55414       -1.29073        2.67998
O          4.94877        2.68935        6.08209
H          7.24736       -1.21952        4.60281
H          7.67174       -3.77208        7.13422
H          8.18738       -2.38284        6.18807
H          7.10870       -3.58826        5.47141
H          6.97605       -2.03328        8.87622
H          5.69513       -0.87908        8.49735
H          7.29728       -0.67970        7.78495
H          4.70543       -3.85980        6.50464
H          5.49461       -3.97335        8.08108
H          4.22899       -2.77809        7.81295
H          4.54983        1.57446        0.71443
H          6.55527        2.48089       -0.38855
H          7.53015        4.61374        0.38042
H          6.49826        5.83470        2.25727
H          4.48094        4.94414        3.35135
H          2.27245        3.44141        5.65587
H          1.13217        5.46656        6.45577
H          0.31212        7.14532        4.84393
H          0.64592        6.79272        2.42432
H          1.78805        4.76773        1.61928
H          2.75301        3.07457       -0.00755
H          1.05698        2.45820       -1.66568
H         -0.88326        1.08236       -1.01355
H         -1.13195        0.34070        1.32896
H          0.57173        0.94949        2.99844
