62
CSD_code = JOHNEA | q = 0 | S = 0 | Stoichiometry = C23H33ClO2Si2Ti | MND = 12
Ti        -0.89822        3.69942       15.57332
Cl        -3.11694        3.99866       15.82071
Si        -2.59771        1.18879       17.70862
Si        -1.90824        4.66411       12.15297
O         -1.05415        2.38539       14.49221
O          1.01207       -1.61659       11.34868
C         -0.54110        1.42193       13.74661
C          0.84351        1.21797       13.69999
H          1.48895        1.85807       14.29092
C          1.39489        0.22015       12.91548
H          2.46704        0.10055       12.90821
C          0.57630       -0.60727       12.15476
C         -0.80618       -0.41296       12.19908
H         -1.43182       -1.06023       11.60562
C         -1.35765        0.57897       12.97593
H         -2.42660        0.72380       12.99798
C          2.39532       -1.85234       11.25603
H          2.50611       -2.68653       10.56517
H          2.82321       -2.12786       12.22548
H          2.92632       -0.98143       10.85805
C         -1.13245        2.34303       17.44034
C         -0.97893        3.67935       17.92059
H         -1.72492        4.22182       18.48925
C          0.33871        4.08840       17.69244
H          0.79577        5.00076       18.05204
C          1.01130        3.04318       17.02240
H          2.06799        3.02105       16.78646
C          0.11947        1.96288       16.90379
H          0.36470        0.97267       16.53933
C         -1.95520       -0.26171       18.78355
H         -1.56686        0.08861       19.73441
H         -1.16128       -0.81113       18.28770
H         -2.75612       -0.96192       18.99431
C         -3.21314        0.47253       16.04729
H         -2.42221       -0.07486       15.53943
H         -3.54547        1.27185       15.38989
H         -4.04560       -0.20893       16.19308
C         -3.99532        2.08460       18.64966
H         -3.65635        2.44392       19.61690
H         -4.82884        1.41221       18.82562
H         -4.36547        2.93360       18.08416
C         -0.89229        5.05261       13.69111
C         -1.25175        5.94351       14.73762
H         -2.18832        6.48294       14.79932
C         -0.15457        6.11540       15.59219
H         -0.10303        6.81035       16.42046
C          0.90752        5.33913       15.09169
H          1.92380        5.34350       15.46336
C          0.45663        4.67366       13.93638
H          1.07419        4.10630       13.25152
C         -3.50663        3.68626       12.52276
H         -4.26070        4.32443       12.97468
H         -3.31046        2.87932       13.22464
H         -3.93049        3.25772       11.61906
C         -0.80576        3.68092       10.93402
H          0.08699        4.23905       10.66821
H         -1.34517        3.47765       10.01469
H         -0.49386        2.72618       11.34815
C         -2.37747        6.33453       11.34509
H         -3.00622        6.93109       11.99825
H         -2.92493        6.17125       10.42301
H         -1.49870        6.92508       11.10611
