58
CSD_code = JONPUX | q = 0 | S = 0 | Stoichiometry = C22H26CrO6P2Si | MND = 6
Cr         1.78208       -4.14487       -0.41993
P          1.59253       -4.63340        1.88434
P          4.11610       -3.75264       -0.36460
O         -1.10016       -4.61668       -1.02222
O          1.57507       -3.46877       -3.32032
O          0.76856       -1.35847        0.00927
O          2.05601       -7.00999       -1.27110
O          3.34828       -2.90181        2.88797
O          3.80551       -1.27786        0.70030
Si         3.88809       -1.45724        2.31971
C          0.00239       -4.44786       -0.71045
C          1.74116       -3.72383       -2.20243
C          1.27396       -2.39154       -0.08086
C          2.04722       -5.92347       -0.87500
C          2.01806       -3.28907        3.09766
C          4.54660       -1.94576       -0.27350
C          2.45490       -6.04482        2.69256
C         -0.12731       -4.95382        2.44430
C          4.98495       -4.13891       -1.93737
C          5.35469       -4.45851        0.80566
C          2.82001       -0.04045        2.95167
C          2.70041        0.15157        4.32576
C          1.89907        1.15409        4.83996
C          1.19851        1.98639        3.98251
C          1.30796        1.81065        2.61367
C          2.11380        0.80805        2.10415
C          5.68600       -1.47734        2.90464
C          6.16607       -2.35943        3.86862
C          7.49489       -2.34545        4.25294
C          8.37316       -1.44193        3.67934
C          7.91282       -0.55045        2.72461
C          6.58269       -0.56972        2.34655
H          1.92300       -3.65386        4.13057
H          1.33136       -2.44591        2.95541
H          4.28395       -1.50064       -1.24218
H          5.62390       -1.81547       -0.09099
H          2.08466       -6.20103        3.70625
H          2.28025       -6.94015        2.09651
H          3.52435       -5.84482        2.72076
H         -0.18074       -5.07283        3.52743
H         -0.75842       -4.12239        2.13242
H         -0.48665       -5.85889        1.95625
H          6.01256       -3.77310       -1.92268
H          4.98447       -5.21927       -2.07592
H          4.44296       -3.68669       -2.76610
H          6.35971       -4.11170        0.56179
H          5.10852       -4.16390        1.82314
H          5.31662       -5.54532        0.72540
H          3.24672       -0.49636        4.99671
H          1.81931        1.28767        5.90938
H          0.56983        2.76924        4.38156
H          0.76205        2.45587        1.94091
H          2.19443        0.66993        1.03776
H          5.48388       -3.06450        4.31962
H          7.84757       -3.03930        5.00249
H          9.41148       -1.42978        3.97720
H          8.59204        0.16059        2.27675
H          6.22522        0.13245        1.60726
