66
CSD_code = JOTSIU | q = 0 | S = 0 | Stoichiometry = C23H38N2Si2W | MND = 5
W          0.22097       11.27987        0.15322
Si         0.68303       12.37431        3.12230
Si         0.94485       13.88838       -1.90240
N         -2.19160       11.03301        0.20254
N          1.96709       10.94774       -0.04255
C         -0.32226       10.10453       -1.56346
C          0.47980        9.18331       -2.24669
C          0.00968        8.47008       -3.33857
C         -1.29046        8.64799       -3.78187
C         -2.12524        9.52576       -3.11151
C         -1.64524       10.23255       -2.02079
C         -2.51265       11.17563       -1.23367
C         -2.96993       12.01119        0.96382
C         -2.61499        9.68835        0.62059
C          3.24170       10.60652       -0.23383
C          3.83470       10.65800       -1.51516
C          5.15039       10.29499       -1.69644
C          5.92789        9.88404       -0.62281
C          5.36737        9.83376        0.64486
C          4.04899       10.17936        0.84320
C         -0.09661       13.12619       -0.55269
C          0.24806       15.59133       -2.45400
C          0.91456       12.75072       -3.44591
C          2.77861       14.18182       -1.41514
C          0.06058       10.78587        2.26612
C          2.12380       13.24708        2.21335
C          1.28390       11.99388        4.90665
C         -0.73545       13.65839        3.32312
H          1.50530        9.02786       -1.92395
H          0.66061        7.77467       -3.84919
H         -1.65565        8.09905       -4.63722
H         -3.14832        9.65912       -3.43788
H         -2.27590       12.20830       -1.52864
H         -3.58315       10.98448       -1.41239
H         -2.74514       13.01789        0.61408
H         -2.72377       11.94598        2.02366
H         -4.04848       11.83639        0.84312
H         -2.02047        8.92686        0.10966
H         -3.67439        9.52279        0.37772
H         -2.49406        9.56460        1.69644
H          3.22692       10.99182       -2.34371
H          5.58330       10.33843       -2.68615
H          6.96080        9.60735       -0.77214
H          5.96766        9.51486        1.48586
H          3.60608       10.13562        1.82955
H         -0.72075       13.85514       -0.01235
H          0.25682       16.30737       -1.63810
H         -0.77587       15.50722       -2.80525
H          0.83569       16.01198       -3.26306
H          1.11705       11.72393       -3.15470
H          1.65666       13.05028       -4.17957
H         -0.05440       12.76323       -3.93635
H          2.88526       15.01896       -0.73200
H          3.38564       14.39340       -2.29017
H          3.18975       13.30140       -0.93198
H          0.76518        9.97344        2.49733
H         -0.89565       10.49987        2.72269
H          1.81599       13.59490        1.22703
H          2.96633       12.57656        2.07246
H          2.48128       14.10058        2.78372
H          2.12606       11.30879        4.90462
H          0.49934       11.54402        5.50787
H          1.60249       12.89939        5.41258
H         -1.09861       14.02010        2.36597
H         -0.37774       14.51824        3.87991
H         -1.57889       13.25097        3.87306
