81
CSD_code = JUDGOE | q = 0 | S = 0 | Stoichiometry = C24H50P2Si4Zr | MND = 12
Zr         4.68432        5.47231        4.56972
P          5.58174        3.26424        3.55812
P          6.28733        7.49719        4.38620
Si         7.75765        2.98947        3.92360
Si         5.21222        2.12241        1.68368
Si         7.64388        8.56164        5.79408
Si         7.39413        7.52850        2.45837
C          8.31134        4.41368        5.07439
C          8.88769        3.05428        2.37623
C          8.12442        1.33942        4.83159
C          3.33353        1.79944        1.49135
C          6.03356        0.40003        1.83708
C          5.82225        2.91009        0.04227
C          9.19288        7.60941        6.41150
C          6.65621        9.10095        7.34480
C          8.25426       10.17637        4.96670
C          7.12035        9.17320        1.50902
C          9.28611        7.23847        2.56806
C          6.67733        6.11807        1.38321
C          2.81797        7.01900        3.91525
C          3.60425        6.80608        2.75493
C          3.42793        5.46656        2.34278
C          2.53523        4.84836        3.24263
C          2.14505        5.80869        4.19689
C          2.66111        8.32983        4.63326
C          3.84776        4.12068        6.51465
C          5.25997        4.17661        6.62576
C          5.62461        5.50323        6.94588
C          4.44409        6.26977        7.03396
C          3.35127        5.41494        6.78887
C          3.04259        2.87809        6.25776
H          4.14053        7.57919        2.21779
H          3.80571        5.02478        1.43018
H          2.11999        3.85493        3.14305
H          1.33496        5.68796        4.90455
H          5.91981        3.31791        6.59365
H          6.61718        5.84760        7.20439
H          4.37828        7.29807        7.36188
H          2.31321        5.66778        6.96243
H          9.35807        4.65572        4.91837
H          7.71857        5.31460        4.88160
H          8.20001        4.14778        6.12131
H          8.81186        4.01007        1.86806
H          9.92476        2.91065        2.66383
H          8.63355        2.27691        1.66395
H          7.45477        1.19163        5.67361
H          8.00451        0.48952        4.16894
H          9.14266        1.32504        5.20820
H          2.79673        2.67907        1.15194
H          3.16608        1.01444        0.76050
H          2.89157        1.47547        2.42870
H          5.77392       -0.06658        2.78154
H          5.70282       -0.25533        1.03747
H          7.11493        0.46491        1.78765
H          5.29877        3.83260       -0.18922
H          6.88254        3.13665        0.07709
H          5.65654        2.22399       -0.78298
H          8.93027        6.73588        7.00027
H          9.81050        7.27238        5.58580
H          9.80054        8.25558        7.03801
H          6.48454        8.27812        8.03081
H          7.20452        9.86602        7.88553
H          5.69205        9.51883        7.07150
H          8.94830        9.97626        4.15786
H          7.42071       10.73598        4.55536
H          8.75914       10.81001        5.68910
H          6.06805        9.43845        1.46892
H          7.64384        9.99505        1.98473
H          7.48386        9.09443        0.48898
H          9.51562        6.27075        3.00203
H          9.72829        7.27319        1.57700
H          9.77158        7.99782        3.17139
H          6.35144        5.28330        2.01335
H          5.82863        6.45547        0.79581
H          7.41943        5.74623        0.68351
H          2.13386        8.19697        5.57810
H          3.64170        8.77448        4.82967
H          2.09151        9.03567        4.02474
H          1.99826        3.12259        6.06304
H          3.44890        2.33346        5.39977
H          3.07816        2.21150        7.12225
