82
CSD_code = JURSOE | q = 0 | S = 0 | Stoichiometry = C38H39ClP2SiZr | MND = 13
Zr        -0.75236        0.16787       13.45797
Cl        -2.12509        1.74825       12.27873
P          0.20927        0.10076       10.97767
P          0.93338       -1.90235       12.72629
Si         2.03855       -2.26544        9.72991
C          1.41707       -1.20013       11.15772
C          1.06657        1.54198       10.25219
C          0.32361        2.61218        9.75584
C          0.96698        3.74785        9.30165
C          2.35066        3.83092        9.34836
C          3.09135        2.77875        9.86189
C          2.45101        1.64327       10.32329
C         -1.02558       -0.21161        9.65302
C         -2.25841       -0.73041       10.03799
C         -3.21216       -1.04870        9.08865
C         -2.94101       -0.84895        7.74420
C         -1.71604       -0.33166        7.35388
C         -0.75772       -0.01832        8.30113
C          2.48696       -2.13899       13.68081
C          3.71085       -1.70087       13.19202
C          4.85267       -1.80858       13.96552
C          4.77917       -2.33821       15.24326
C          3.55707       -2.74972       15.75185
C          2.41568       -2.64103       14.97940
C          0.43517       -3.65220       12.45045
C         -0.64684       -3.82336       11.58790
C         -1.13170       -5.08356       11.30072
C         -0.53300       -6.19838       11.86757
C          0.55285       -6.03943       12.71118
C          1.03521       -4.77588       13.00695
C          1.09540        0.60613       15.08029
C          1.53839        1.09411       13.82647
C          0.75893        2.22619       13.50261
C         -0.16379        2.43447       14.54463
C          0.04992        1.44557       15.52361
C         -2.44667       -1.80091       13.58781
C         -1.56343       -2.03068       14.66678
C         -2.64960       -0.06142       15.05522
C         -1.68800       -0.96290       15.56995
C         -3.13492       -0.59690       13.84203
C          3.10550       -3.71231       10.38490
C          3.14179       -1.18015        8.60443
C          0.75735       -3.10432        8.57739
H         -0.75625        2.54534        9.73578
H          0.38999        4.57476        8.91371
H          2.84983        4.71972        8.99100
H          4.16875        2.84751        9.90619
H          3.01119        0.81452       10.73269
H         -2.46780       -0.84945       11.10057
H         -4.17051       -1.44360        9.39389
H         -3.68620       -1.09133        7.00112
H         -1.50593       -0.17467        6.30577
H          0.19980        0.38093        7.99757
H          3.75160       -1.27928       12.19677
H          5.80270       -1.47519       13.57368
H          5.67011       -2.42121       15.84782
H          3.49561       -3.14867       16.75444
H          1.45625       -2.94716       15.38095
H         -1.08515       -2.94701       11.11988
H         -1.97167       -5.20083       10.63075
H         -0.90647       -7.18669       11.64447
H          1.03168       -6.90671       13.14263
H          1.88929       -4.67167       13.65965
H          1.58132       -0.16714       15.66347
H          2.41924        0.76038       13.29355
H          0.90402        2.87845       12.65086
H         -0.85076        3.26798       14.62169
H         -0.40397        1.43200       16.50673
H         -2.69312       -2.52574       12.82280
H         -1.00489       -2.94272       14.83153
H         -1.23322       -0.92052       16.55128
H         -3.05703        0.80487       15.56519
H         -3.96500       -0.20247       13.26810
H          3.88507       -3.95738        9.67101
H          3.58402       -3.49439       11.33271
H          2.49929       -4.60150       10.52477
H          3.42294       -1.73552        7.71560
H          4.05807       -0.87585        9.09977
H          2.63000       -0.27955        8.28246
H          0.01270       -2.40814        8.20760
H          0.23564       -3.91064        9.08311
H          1.26232       -3.53237        7.71628
