59
CSD_code = JUYPAU | q = 0 | S = 0 | Stoichiometry = C19H34Cl2Si3Zr | MND = 12
Zr         3.16646        4.43358        9.32782
Cl         4.86540        3.05473       10.18021
Cl         4.28452        4.65517        7.27333
Si         2.58480        7.87378        7.83018
Si         2.60421        5.11842       13.07900
Si         2.98340        1.31261        7.25600
C          3.08062        5.78979       11.38987
C          2.26758        6.40901       10.40271
C          3.08811        6.86995        9.33905
C          4.43352        6.56125        9.70219
C          4.42717        5.91868       10.94303
C          2.06205        2.52637        8.37282
C          1.83242        2.42553        9.77335
C          0.97414        3.47145       10.16658
C          0.65122        4.22792        9.01558
C          1.31773        3.65122        7.91799
C          1.50639        9.33710        8.42487
C          4.15379        8.50906        6.95336
C          1.56559        6.83103        6.59193
C          0.81071        5.64625       13.48643
C          2.78674        3.21180       13.12578
C          3.77672        5.87390       14.38407
C          2.68410        1.86651        5.45037
C          4.85907        1.15179        7.56199
C          2.17726       -0.39923        7.54646
H          1.21227        6.62754       10.51579
H          5.31337        6.84992        9.13903
H          5.30130        5.62658       11.51215
H          2.17575        1.61213       10.40174
H          0.52293        3.59274       11.14155
H         -0.09226        5.01405        8.96807
H          1.18388        3.91899        6.87854
H          1.23092        9.97162        7.58966
H          2.03460        9.95252        9.14541
H          0.58819        8.99872        8.89432
H          3.89798        9.11285        6.08869
H          4.75994        7.67751        6.60620
H          4.76475        9.12016        7.61049
H          2.15361        5.99237        6.22695
H          1.28436        7.43116        5.73174
H          0.64782        6.44856        7.03041
H          0.09150        5.31569       12.74340
H          0.73098        6.72600       13.55999
H          0.50454        5.23228       14.44125
H          1.84778        2.69380       12.95393
H          3.15449        2.88742       14.09466
H          3.50178        2.87195       12.37720
H          3.46491        5.60282       15.38778
H          3.79701        6.95777       14.32665
H          4.79365        5.51849       14.25063
H          3.10984        2.84869        5.26715
H          1.62673        1.90284        5.20665
H          3.15246        1.17302        4.75989
H          5.36651        2.10613        7.44395
H          5.29732        0.45563        6.85246
H          5.07598        0.78391        8.56070
H          2.59404       -1.13419        6.86687
H          1.10502       -0.37009        7.38314
H          2.34654       -0.75577        8.55727
