61
CSD_code = KAMRIA | q = 0 | S = 0 | Stoichiometry = C20H33CrNO4Si2 | MND = 9
Cr         7.12231        7.90102       16.62944
Si         8.38258        4.72083       15.38368
C          6.03850        9.32988       16.88177
C          6.53217        8.19333       14.93763
O          6.07107        8.39931       13.89434
O          5.27630       10.19751       16.99646
O          7.73148        5.12715       18.40527
C          6.27659        7.84406       20.05296
H          5.85443        7.72795       21.04758
H          5.73017        7.18630       19.37967
H          6.14530        8.86568       19.71684
C          7.75098        7.43687       20.02024
H          7.78865        6.39188       20.38144
O          4.39529        6.73532       16.80802
C          8.24673        7.48072       18.59080
C          8.73225        8.67565       18.01417
C          8.68573        6.23229       16.49817
N          8.64261        8.26254       20.84075
C          5.48364        7.13055       16.76368
C          9.30088        8.58557       16.72651
H          9.80291        9.44484       16.30371
C          8.16362        8.44771       22.19739
H          7.21409        8.97433       22.20104
H          8.88881        9.05027       22.74318
H          8.03755        7.49160       22.72870
C          8.21664        6.29708       17.82574
C          8.56449        5.33303       13.58569
H          9.58968        5.58637       13.33234
H          7.94388        6.20372       13.39652
H          8.25024        4.55479       12.89822
C          6.61650        4.06219       15.63107
H          5.88692        4.80561       15.32205
H          6.41380        3.82105       16.66872
H          6.45170        3.16631       15.04010
C          8.73822        4.29403       18.94605
H          9.54986        4.13364       18.23281
H          8.25827        3.34459       19.17552
H          9.16004        4.71700       19.86616
C          9.24493        7.41116       15.97759
H          9.70164        7.38918       14.99456
C          9.95518        7.64224       20.88872
H         10.35372        7.52938       19.88226
H          9.92542        6.64892       21.36744
H         10.63425        8.27203       21.45877
C          9.69389        3.34730       15.65940
H          9.80504        2.77288       14.74505
H          9.39863        2.65247       16.43897
H         10.67459        3.74158       15.91304
Si         8.83247       10.40614       18.83067
C         10.51409       10.66114       19.70730
H         10.84489       11.68295       19.55276
H         11.29116       10.00572       19.32801
H         10.43395       10.50461       20.77542
C          8.83992       11.59997       17.32126
H          8.62266       12.61200       17.64932
H          8.08032       11.33002       16.59157
H          9.79748       11.63919       16.80937
C          7.40441       11.10483       19.87755
H          7.27208       10.60749       20.82713
H          6.46621       11.07784       19.33292
H          7.62199       12.14811       20.08688
