42
CSD_code = KEDMEL | q = 0 | S = 0 | Stoichiometry = C20H18Cl2SiZr | MND = 12
Zr        -1.48848        3.50013        2.34037
Cl        -3.07650        5.11375        1.79706
Si        -1.48841        0.17148        2.34083
C         -2.96105       -0.94256        1.86445
C         -1.61532        3.36146       -0.25171
C         -2.13670        2.18220        0.30164
C          0.05335        2.29747        0.95466
C         -1.12820        1.48142        1.02439
C          1.34444        2.16803        1.51041
C          2.29303        3.11817        1.22087
C          2.00771        4.21698        0.39038
C          0.75997        4.39863       -0.15014
C         -0.24781        3.45723        0.13486
H         -3.47694       -1.30070        2.74906
H         -3.68622       -0.43809        1.23556
H         -2.60747       -1.81033        1.31816
H         -2.13019        4.03120       -0.92841
H         -3.13417        1.80334        0.10422
H          1.59712        1.30427        2.11196
H          3.28662        3.02497        1.63337
H          2.79141        4.93002        0.18518
H          0.54407        5.24627       -0.78713
Cl         0.09794        5.11275        2.88935
C         -0.01582       -0.94257        2.81733
C         -1.36116        3.36212        4.93250
C         -0.83997        2.18254        4.37961
C         -3.03005        2.29770        3.72677
C         -1.84852        1.48164        3.65708
C         -4.32123        2.16809        3.17124
C         -5.26983        3.11821        3.46078
C         -4.98448        4.21711        4.29113
C         -3.73666        4.39895        4.83139
C         -2.72878        3.45770        4.54620
H          0.50007       -1.30074        1.93274
H          0.70937       -0.43808        3.44620
H         -0.36941       -1.81031        3.36365
H         -0.84641        4.03165        5.60952
H          0.15735        1.80347        4.57738
H         -4.57393        1.30423        2.56984
H         -6.26347        3.02490        3.04843
H         -5.76825        4.93003        4.49651
H         -3.52084        5.24647        5.46858
