99
CSD_code = KELJOA | q = 0 | S = 0 | Stoichiometry = C37H55N2ScSi4 | MND = 12
Sc         1.21429        0.14186        4.28314
Si         5.00172        1.06994        1.77260
Si         7.16031        2.02281        2.12895
Si         4.79922       -0.20299       -0.25743
Si         5.54893       -1.04873        4.77004
N          2.98348       -0.07616        5.29701
N          2.51421        1.14875        2.84800
C          3.98752       -0.00574        4.37687
C          3.78138        0.64751        3.17525
C          2.50210        2.02406        1.85959
C          1.35363        2.36888        1.07481
C          1.53365        2.99460       -0.12355
C          2.81201        3.37670       -0.61882
C          3.89674        3.22886        0.15801
C          3.82179        2.62703        1.49307
C         -0.04328        2.02965        1.49688
C          4.16199        3.69958        2.54491
C          3.21547       -0.87204        8.91296
C          4.07286        0.11913        9.35285
C          4.50183        1.07897        8.45598
C          4.12785        1.03491        7.12280
C          3.32173       -0.02448        6.65071
C          2.82663       -0.95651        7.58526
C          1.88671       -2.05410        7.18456
C          4.51090        2.17762        6.22674
C          7.54250        3.08606        3.69025
C          7.59407        3.20298        0.67660
C          8.46728        0.63347        2.02163
C          3.03773       -0.29950       -0.99918
C          5.88868        0.66653       -1.57517
C          5.44918       -2.00451       -0.21758
C          7.03351       -0.13110        5.55109
C          6.11867       -1.91731        3.17053
C          5.18610       -2.50743        5.95165
C          0.21552        0.85620        6.56329
C         -0.84346        0.47125        5.72187
C         -0.89707        1.37915        4.64430
C          0.14104        2.32436        4.82210
C          0.81937        1.99974        6.01008
C          0.78146       -1.22919        1.92107
C          1.94080       -1.84718        2.41082
C          1.65761       -2.36837        3.67764
C          0.30651       -2.07514        3.98738
C         -0.23297       -1.36080        2.88801
H          0.66886        3.20614       -0.73672
H          2.87634        3.81222       -1.60508
H          4.86366        3.58938       -0.15814
H         -0.64671        1.76807        0.62909
H         -0.04133        1.19479        2.20060
H         -0.50705        2.89393        1.97480
H          3.40800        4.48716        2.51895
H          4.17652        3.27429        3.54422
H          5.12899        4.14889        2.33799
H          2.83840       -1.60334        9.61434
H          4.37615        0.16127       10.38798
H          5.12542        1.89271        8.79963
H          1.24880       -2.32682        8.02381
H          1.26343       -1.73242        6.34712
H          2.43752       -2.94488        6.88331
H          3.68635        2.41484        5.55415
H          4.73799        3.05728        6.82699
H          5.38255        1.93834        5.62293
H          8.43791        2.73870        4.19872
H          7.71010        4.12599        3.42176
H          6.73215        3.07339        4.41107
H          8.64347        3.48491        0.71465
H          7.42268        2.73722       -0.28731
H          7.01790        4.12332        0.70336
H          9.46803        1.05114        1.95987
H          8.44358       -0.02667        2.88097
H          8.31907        0.02439        1.13494
H          3.05958       -0.66475       -2.02329
H          2.41112       -0.97391       -0.42604
H          2.55485        0.67240       -1.00754
H          5.81348        0.15996       -2.53293
H          5.58893        1.69721       -1.73199
H          6.93655        0.66095       -1.29201
H          5.41573       -2.43619       -1.21441
H          6.47764       -2.06207        0.12353
H          4.85346       -2.64148        0.42713
H          7.87837       -0.81112        5.60507
H          7.34958        0.73319        4.98045
H          6.81520        0.19034        6.56462
H          6.94628       -2.58437        3.38883
H          5.31814       -2.52081        2.75868
H          6.44365       -1.22902        2.40275
H          6.03473       -3.18677        5.96097
H          5.01149       -2.18874        6.97365
H          4.32303       -3.07768        5.62406
H          0.43540        0.44644        7.53750
H         -1.58625       -0.28290        5.94494
H         -1.71427        1.45800        3.93890
H          0.28039        3.23524        4.25521
H          1.57032        2.60319        6.49612
H          0.65500       -0.81386        0.93320
H          2.87553       -1.94636        1.88201
H          2.31372       -3.00645        4.25062
H         -0.27960       -2.54733        4.76695
H         -1.28489       -1.15393        2.73207
