78
CSD_code = KIPKOJ | q = 0 | S = 0 | Stoichiometry = C31H38Cl2N2P2Si2Ti | MND = 5
Ti         4.81639        1.64978       -3.03589
Cl         5.99999        0.04111       -3.86088
Cl         3.56001        2.89589       -4.39384
P          5.86164        3.14557       -1.13031
P          3.56588        1.26144       -0.74688
Si         7.32892        3.55245       -3.83397
Si         2.38649       -0.51567       -3.00073
N          6.03997        3.13443       -2.74978
N          3.23155        0.81679       -2.27830
C          5.27918        1.53530       -0.83739
C          6.65886        3.18613       -5.58611
C          7.78076        5.40088       -3.64581
C          8.86649        2.46176       -3.48862
C          2.51010       -0.23284       -4.88691
C          0.56291       -0.53186       -2.42595
C          3.23646       -2.16979       -2.53785
C          7.47119        3.36151       -0.32356
C          8.19276        2.20597       -0.05192
C          9.46845        2.29516        0.47410
C         10.02521        3.54027        0.72337
C          9.30767        4.69383        0.44824
C          8.03062        4.60853       -0.07798
C          4.89198        4.61444       -0.68145
C          4.17060        5.28116       -1.66413
C          3.39831        6.37534       -1.31846
C          3.33847        6.79419        0.00131
C          4.04487        6.11667        0.98313
C          4.81863        5.02232        0.64578
C          2.40375        2.57617       -0.27689
C          1.68223        3.23548       -1.26439
C          0.82584        4.26274       -0.91143
C          0.69931        4.63616        0.41721
C          1.43375        3.98898        1.39895
C          2.29131        2.96146        1.05437
C          3.23277       -0.10928        0.39262
C          4.27250       -1.00511        0.60809
C          4.06785       -2.12667        1.39050
C          2.82153       -2.35580        1.95325
C          1.78221       -1.46519        1.73455
C          1.98333       -0.34142        0.95230
H          6.32649        2.14879       -5.66860
H          7.42751        3.34895       -6.33482
H          5.81387        3.82456       -5.83364
H          8.31998        5.57662       -2.72038
H          6.89886        6.03444       -3.64381
H          8.41780        5.71785       -4.46381
H          9.37312        2.76398       -2.57624
H          9.58173        2.53102       -4.30170
H          8.58289        1.41627       -3.38173
H          3.55249       -0.14246       -5.20069
H          1.99369        0.67478       -5.19088
H          2.07027       -1.06239       -5.43120
H          0.10202        0.44708       -2.51694
H          0.48560       -0.84173       -1.38861
H         -0.01414       -1.22931       -3.02248
H          4.31508       -2.09968       -2.66661
H          2.87824       -2.97870       -3.16625
H          3.04172       -2.44298       -1.50447
H          7.72849        1.24917       -0.26037
H         10.03240        1.39888        0.68724
H         11.02226        3.61274        1.13240
H          9.74667        5.66153        0.64381
H          7.46106        5.50259       -0.29365
H          4.23000        4.93269       -2.69030
H          2.84120        6.90190       -2.07908
H          2.73683        7.65054        0.26798
H          3.99048        6.44329        2.01144
H          5.37584        4.47904        1.39853
H          1.80073        2.92856       -2.29855
H          0.25671        4.77388       -1.67369
H          0.02788        5.43683        0.69023
H          1.33629        4.28751        2.43259
H          2.87464        2.44482        1.80614
H          5.23320       -0.79654        0.15196
H          4.87424       -2.82492        1.56071
H          2.65853       -3.23184        2.56367
H          0.81273       -1.64893        2.17475
H          1.17947        0.36130        0.77832
