89
CSD_code = KOCCEN | q = 0 | S = 0 | Stoichiometry = C31H51N2O2Si2Y | MND = 5
Y          4.13365        3.86512        2.57638
Si         0.75649        5.20815        2.64642
Si         6.42840        4.78113        5.31360
O          1.96399       -0.24475        2.51503
O          5.15352        6.23735        1.47922
N          4.25748        2.81170        0.46713
N          3.19169        1.58013        2.93974
C          2.71877        0.92149        0.60596
C          2.65201        0.82404        2.03502
C          5.15866        3.53165       -0.35384
C          2.44835        5.28282        3.47675
H          2.31616        5.02761        4.53596
H          2.78282        6.32709        3.48012
C          4.72350        4.63113       -1.11065
C          2.02202       -0.21397        3.92486
H          2.42621       -1.16569        4.28084
H          1.00736       -0.08713        4.31794
C          6.50303        3.13289       -0.40685
C          4.52342        7.51087        1.40845
H          4.69396        8.06383        2.34334
H          3.45420        7.35660        1.26654
C          5.63322        5.30771       -1.90771
H          5.29472        6.13748       -2.51345
C          3.27826        5.02862       -1.06697
H          2.95300        5.14786       -0.02810
H          3.11440        5.95930       -1.60676
H          2.65837        4.25322       -1.51989
C          3.56170        1.82663       -0.11628
C          5.20787        8.21925        0.24165
H          5.12189        9.30100        0.30847
H          4.77044        7.88596       -0.69769
C          0.50647        6.65838        1.41384
H         -0.50327        6.66005        1.01572
H          0.66559        7.61565        1.90070
H          1.18541        6.59901        0.56896
C          1.99627       -0.13307       -1.46929
H          1.38261       -0.85434       -1.98614
C          1.94406       -0.01500       -0.10730
H          1.29257       -0.66140        0.45957
C          2.88188        0.68370       -2.17778
H          2.96958        0.58031       -3.25061
C          6.65437        7.72617        0.36271
H          7.07222        7.47354       -0.60880
H          7.29003        8.47799        0.82793
C          2.93806        0.98915        4.25632
C          6.94505        1.92646        0.36668
H          8.02910        1.83784        0.35996
H          6.59066        1.98268        1.39906
H          6.51781        1.02556       -0.07583
C          7.39106        3.84273       -1.20183
H          8.42643        3.53455       -1.24498
C          6.54383        6.48001        1.26165
H          6.96380        5.58709        0.79675
H          7.03499        6.65276        2.22692
C          6.22827        3.79818        3.72037
H          6.48622        2.75070        3.93118
H          6.98919        4.14702        3.00917
C          4.26338        0.53014        4.87235
H          4.08214        0.04902        5.83123
H          4.76110       -0.17587        4.20990
H          4.91558        1.38856        5.02249
C          0.50441        3.58017        1.66201
H         -0.41159        3.60843        1.07836
H          1.32419        3.38760        0.97179
H          0.43129        2.72330        2.32625
C          6.96184        4.92123       -1.95570
H          7.65957        5.45174       -2.58732
C          2.24117        1.98223        5.18658
H          1.96838        1.48434        6.11537
H          2.91271        2.80853        5.41428
H          1.34109        2.37748        4.71828
C          3.63662        1.61432       -1.52485
H          4.31784        2.23166       -2.09239
C         -0.70494        5.31221        3.88727
H         -1.66523        5.21999        3.38920
H         -0.64619        4.52316        4.63127
H         -0.70078        6.25866        4.41858
C          6.03592        6.63785        5.04458
H          6.83555        7.14349        4.51126
H          5.11817        6.75943        4.47504
H          5.90737        7.15114        5.99296
C          8.18846        4.70429        6.07921
H          8.93886        5.04520        5.37216
H          8.27145        5.32316        6.96748
H          8.44835        3.68911        6.36289
C          5.21912        4.16787        6.67043
H          5.44475        4.63032        7.62637
H          4.19157        4.42047        6.42350
H          5.27841        3.09321        6.81179
