42
CSD_code = KOYDOR | q = 0 | S = 0 | Stoichiometry = C12H22As2MoO4Si | MND = 6
Mo        10.74464        6.13403       13.18602
As        12.51534        6.73532       14.81777
As        11.86113        4.01577       12.48397
Si        13.97793        5.01875       15.41269
C          9.79083        7.75588       13.64583
C         11.71633        7.09950       11.79515
C          9.35280        5.66855       11.92149
C          9.82520        5.14553       14.59673
C         13.42194        3.12855       13.29530
C         14.47829        4.11922       13.78247
C         13.73843        8.18834       14.37749
C         11.91332        7.37119       16.55933
C         12.44514        4.03652       10.62840
C         10.68199        2.47080       12.39884
C         15.57148        5.63865       16.27430
C         13.00591        3.83207       16.56190
O          9.21501        8.71151       13.90191
O         12.29193        7.67122       10.98607
O          8.52528        5.40893       11.17310
O          9.29390        4.55589       15.42467
H         13.84186        2.46369       12.52666
H         13.07804        2.49690       14.12032
H         15.43380        3.60415       13.91106
H         14.63101        4.88163       13.00433
H         14.41918        8.40432       15.20531
H         14.32087        7.93338       13.48916
H         13.15238        9.08508       14.15340
H         12.75383        7.59879       17.22161
H         11.31725        8.27790       16.41688
H         11.27696        6.61804       17.02868
H         12.74648        3.03937       10.29402
H         11.61766        4.39137       10.00684
H         13.28451        4.72518       10.50300
H         11.21110        1.58866       12.02449
H         10.27860        2.25207       13.39072
H          9.84501        2.69794       11.73257
H         16.16354        4.81584       16.65863
H         16.19556        6.20517       15.58946
H         15.32231        6.28456       17.11114
H         13.49528        2.87097       16.69071
H         12.88233        4.27214       17.54832
H         12.01079        3.65503       16.15055
