104
CSD_code = KUHMIK | q = 0 | S = 0 | Stoichiometry = C45H49CrO7PSi | MND = 9
C          8.59326        7.70280        5.30548
C          7.98760        6.53190        5.73443
C          6.97684        6.61261        6.70429
C          6.53347        7.85141        7.15031
C          6.98763        9.05397        6.56431
C          6.38024       10.35055        6.77559
C          5.16146       10.54098        7.49058
H          4.64713        9.69162        7.91003
C          4.61172       11.80170        7.66338
H          3.71926       11.91822        8.27035
C          5.27032       12.95439        7.16643
H          4.88603       13.94164        7.39443
C          6.44908       12.80235        6.45542
H          6.98538       13.67462        6.09763
C          7.02380       11.51837        6.24110
C          8.19883       11.37410        5.45578
H          8.67195       12.26639        5.06921
C          8.67899       10.14749        5.14757
H          9.51587       10.03685        4.48032
C          8.08967        8.96502        5.67753
C         11.89620        9.19750        5.62489
H         12.91704        9.07736        5.97307
H         11.27742        9.40904        6.49292
H         11.87337       10.07807        4.99037
C         11.82025        6.16115        5.82528
H         11.76502        5.20771        5.30843
H         11.18841        6.09110        6.70691
H         12.84306        6.28149        6.16736
C         11.95259        7.49344        2.93205
C         11.47914        8.67998        2.08876
H         11.83567        8.58304        1.06351
H         11.85829        9.61759        2.48951
H         10.39320        8.72582        2.06935
C         13.48105        7.48606        2.95766
H         13.86449        8.39697        3.41093
H         13.87906        7.41603        1.94579
H         13.85376        6.63900        3.52862
C         11.46535        6.20443        2.26587
H         11.82384        5.32893        2.80280
H         11.83202        6.14529        1.24136
H         10.37932        6.17512        2.24216
C          8.39516        5.23128        5.09837
H          8.24060        4.39000        5.77054
H          9.45213        5.27253        4.84148
C          7.58998        5.01824        3.81360
H          7.87803        4.08395        3.33634
H          7.77238        5.83580        3.12105
H          6.52379        4.98887        4.02635
C          6.36423        5.36547        7.28968
H          5.40265        5.62500        7.73301
H          6.18181        4.64113        6.49595
C          7.25018        4.73176        8.36562
H          7.35829        5.40035        9.21617
H          8.24426        4.51573        7.98111
H          6.80493        3.80363        8.71766
C          6.16211        8.23928        9.43088
H          6.56407        9.25848        9.40334
H          6.96488        7.55800        9.73166
H          5.35277        8.19019       10.15835
C          4.51616       10.02480        4.45702
C          5.28430       11.95430        3.76765
C          1.02223       12.15315        3.20576
C          0.47487       10.94220        2.80986
H          1.08532       10.05431        2.86474
C         -0.82990       10.90118        2.35201
H         -1.25816        9.95980        2.04199
C         -1.58566       12.06078        2.29358
H         -2.60441       12.02507        1.93758
C         -1.03305       13.26598        2.69169
H         -1.61874       14.17213        2.64687
C          0.27229       13.31776        3.15086
H          0.71725       14.25160        3.46062
C          1.67294       10.31415        6.79639
C          1.10937       10.84705        7.94723
H          0.65882       11.82717        7.90364
C          1.13368       10.11582        9.12230
H          0.69555       10.52925       10.01890
C          1.72077        8.86103        9.15035
H          1.73943        8.29581       10.07030
C          2.28135        8.33365        7.99891
H          2.75178        7.36295        8.01794
C          2.26280        9.05805        6.81857
H          2.70178        8.66615        5.91470
C          2.68610       14.59116        5.86122
C          2.29115       15.51059        6.82730
H          1.53575       15.22734        7.54421
C          2.86714       16.76784        6.85472
H          2.55859       17.47895        7.60647
C          3.83678       17.11284        5.92745
H          4.28673       18.09360        5.95488
C          4.22212       16.19625        4.96336
H          4.97210       16.45962        4.23317
C          3.65084       14.93611        4.92329
H          3.93972       14.21237        4.17444
Cr         4.92576       11.46285        5.47403
O          9.66049        7.64321        4.46315
O          5.60547        7.85989        8.19157
O          4.28589        9.13912        3.74113
O          5.52300       12.18962        2.65698
O          2.35195       12.19461        3.61665
O          1.61478       11.02048        5.61244
O          2.08632       13.36131        5.87133
P          2.77415       12.04095        5.15852
Si        11.27910        7.62876        4.72473
