125
CSD_code = LACMIN | q = 0 | S = 0 | Stoichiometry = C43H74N3O2Si2Y | MND = 5
Y          9.48396        6.00326        4.10600
Si         8.88384        2.39681        4.70835
Si         9.71640        6.69585        7.76319
O          6.73137        6.41526        4.47837
O         12.08575        5.15286        4.42575
N         10.10266        7.07500        2.39885
N          8.98472        8.32367        0.66544
N         11.13724        7.85464        0.41451
C         10.06347        7.67902        1.31685
C          9.40562        8.81681       -0.55953
H          8.73284        9.34210       -1.20885
C         10.71017        8.53675       -0.70820
H         11.38415        8.77812       -1.50612
C          7.67689        8.49238        1.15761
C          7.43388        9.44292        2.15862
C          6.12019        9.67199        2.54257
H          5.89769       10.42869        3.27920
C          5.07972        8.95570        1.97843
H          4.06215        9.14995        2.28764
C          5.33754        7.98654        1.02707
H          4.51604        7.42350        0.61152
C          6.63345        7.74539        0.59485
C          8.58699       10.22811        2.74301
H          9.44550        9.55185        2.81080
C          8.31152       10.75642        4.14962
H          7.95134        9.95714        4.79337
H          7.57994       11.56199        4.13787
H          9.23193       11.14897        4.57646
C          8.94513       11.39198        1.81147
H          9.77857       11.95805        2.22234
H          8.09350       12.06148        1.70100
H          9.22797       11.03120        0.82562
C          6.94316        6.66307       -0.41387
H          7.85618        6.93969       -0.94927
C          7.22011        5.36021        0.34318
H          7.53892        4.58067       -0.34548
H          6.32019        5.02312        0.85492
H          8.00431        5.51661        1.08621
C          5.84100        6.46176       -1.45318
H          5.55608        7.41126       -1.90153
H          4.95809        6.00440       -1.01311
H          6.19767        5.80255       -2.24184
C         12.45013        7.42396        0.67958
C         13.25418        8.17553        1.54237
C         14.51995        7.69646        1.85258
H         15.15327        8.25115        2.52900
C         14.98526        6.51867        1.30025
H         15.97333        6.15887        1.54995
C         14.19177        5.79958        0.42365
H         14.57139        4.88297       -0.00046
C         12.91535        6.23697        0.10026
C         12.75876        9.48098        2.11784
H         11.82010        9.74129        1.62074
C         13.75081       10.61791        1.86362
H         13.32013       11.56392        2.18514
H         13.98591       10.68889        0.80359
H         14.67732       10.46535        2.41150
C         12.46935        9.32462        3.61145
H         12.04434       10.24294        4.01148
H         13.38204        9.10213        4.16124
H         11.75696        8.51116        3.76055
C         12.00606        5.43917       -0.80554
H         11.28799        6.12873       -1.25978
C         11.21915        4.43141        0.03872
H         10.47408        3.92688       -0.57267
H         10.71555        4.94127        0.86045
H         11.89019        3.68214        0.45482
C         12.75153        4.73340       -1.93778
H         12.03670        4.32715       -2.65028
H         13.35260        3.90846       -1.56330
H         13.40270        5.42955       -2.46227
C          8.95579        3.74199        3.40241
H          7.98867        3.75414        2.88147
H          9.68238        3.44233        2.63469
C          7.80444        2.98882        6.17869
H          8.06548        2.48334        7.10282
H          6.75218        2.79469        5.99103
H          7.92638        4.05759        6.34061
C         10.63388        1.93576        5.33999
H         10.58435        1.36279        6.26076
H         11.23246        2.81974        5.53325
H         11.16215        1.33059        4.60894
C          8.10163        0.73610        4.13173
H          8.06013        0.00608        4.93477
H          8.66974        0.29501        3.31818
H          7.08688        0.88494        3.77388
C          9.81954        7.42745        6.03860
H         10.82669        7.85288        5.92090
H          9.14359        8.29125        5.98309
C         10.48381        7.78142        9.15394
H         10.43437        7.29438       10.12342
H          9.96905        8.73373        9.24014
H         11.52881        7.99631        8.94973
C          7.90168        6.40753        8.31495
H          7.86165        5.86798        9.25629
H          7.34597        5.82944        7.58407
H          7.38168        7.35023        8.46032
C         10.65041        5.02207        7.82724
H         10.19438        4.33308        8.53113
H         11.68348        5.15841        8.13457
H         10.65083        4.54315        6.85008
C          5.66445        5.63620        3.95489
H          6.07654        4.68755        3.61184
H          5.19872        6.17092        3.11455
C          4.68160        5.48849        5.11720
H          3.66673        5.29982        4.77553
H          4.99495        4.66670        5.75987
C          4.82408        6.82916        5.85066
H          3.97203        7.48015        5.66189
H          4.91338        6.68513        6.92536
C          6.11031        7.43529        5.25834
H          5.87206        8.28559        4.60743
H          6.82529        7.74463        6.02039
C         12.71760        4.32865        3.44946
H         12.91295        4.92378        2.54910
H         12.02919        3.51722        3.21276
C         14.03997        3.84258        4.07328
H         13.98775        2.78943        4.34192
H         14.86331        3.98007        3.37470
C         14.20135        4.72675        5.31856
H         15.20318        5.13783        5.41685
H         13.96275        4.16471        6.22091
C         13.15051        5.81616        5.09189
H         12.75636        6.24866        6.01120
H         13.55333        6.60683        4.44392
