49
CSD_code = LAMPEU | q = 0 | S = 0 | Stoichiometry = C18H26Cl2Si2Zr | MND = 12
Zr         3.72075        2.95496        2.50495
Si         6.47067        3.45368        1.02096
Si         6.18535        1.47398        3.82551
Cl         2.26826        4.19978        1.15629
Cl         1.99837        2.30730        3.95169
C          5.34861        1.92653        1.09041
C          5.21036        1.08008        2.24786
C          3.92930        0.46262        2.17659
C          3.26650        0.93627        1.01449
C          4.14172        1.82274        0.34746
C          3.39570       -0.62322        3.06488
C          1.88419        0.54667        0.57577
C          8.35930        3.19431        0.96247
C          5.89701        4.44247       -0.51071
C          8.03858        1.02678        3.76710
C          5.38451        0.74475        5.40022
C          5.69381        3.30537        3.80656
C          5.80302        4.15735        2.65010
C          4.84027        5.19692        2.79138
C          4.12147        4.98269        3.99621
C          4.65403        3.83170        4.61960
C          4.68520        6.41289        1.92520
C          3.00520        5.84326        4.51427
H          3.94999        2.27233       -0.62064
H          2.94967       -1.41185        2.45758
H          4.19496       -1.05823        3.65890
H          2.62044       -0.24574        3.73603
H          1.57845        1.13957       -0.28589
H          1.84245       -0.50957        0.30119
H          1.16732        0.71213        1.38585
H          8.79445        3.14930        1.95286
H          8.61427        2.28058        0.43789
H          8.82832        4.01603        0.43310
H          6.05608        3.86075       -1.41335
H          4.83932        4.69029       -0.45094
H          6.45594        5.36443       -0.62633
H          8.64027        1.77925        4.26407
H          8.20709        0.08515        4.27748
H          8.39952        0.92040        2.75181
H          4.30753        0.89899        5.40664
H          5.57598       -0.31848        5.49306
H          5.79790        1.21907        6.28485
H          4.37059        3.47135        5.60241
H          4.59472        7.30249        2.54969
H          5.54997        6.53424        1.27849
H          3.78646        6.35126        1.30688
H          2.25087        5.99621        3.73686
H          2.52930        5.37028        5.37313
H          3.37533        6.82398        4.82124
