88
CSD_code = LASSOQ | q = 0 | S = 0 | Stoichiometry = C22H58N3OSi3Y | MND = 4
Y          1.55988        4.48420        6.82978
C          3.50416        3.11881        9.00547
C          4.60833        4.03353        9.56642
H          5.55545        3.80458        9.08872
H          4.71471        3.89650       10.64063
H          4.36030        5.07416        9.36527
C          3.85263        1.65360        9.31290
H          3.11161        1.00058        8.85913
H          3.86053        1.48397       10.38799
H          4.83045        1.39964        8.91883
C          2.19556        3.42750        9.75721
H          1.89451        4.46641        9.58758
H          2.33825        3.28550       10.82889
H          1.40727        2.74636        9.42576
C          3.92786        0.79744        5.97900
H          4.35336        0.08094        6.67500
H          4.29322        0.54043        4.98892
H          2.85026        0.65590        5.98000
C          6.25890        2.62116        6.72754
H          6.62802        3.62755        6.90053
H          6.77749        2.23143        5.85687
H          6.55635        2.01184        7.57502
C          0.06093        2.92257        4.42136
C          1.47186        3.01020        3.81070
H          1.98572        3.91833        4.14192
H          1.41605        3.01719        2.72254
H          2.06038        2.15048        4.12344
C         -0.56720        1.62669        3.89093
H         -0.00326        0.77012        4.24555
H         -0.55389        1.62567        2.80245
H         -1.59556        1.53385        4.22103
C         -0.77799        4.10970        3.90526
H         -1.79556        4.02707        4.27951
H         -0.80680        4.12094        2.81706
H         -0.35273        5.05191        4.26019
C         -0.36759        0.10667        6.96256
H         -0.81513       -0.45801        6.15061
H         -0.72210       -0.32969        7.89156
H          0.70673       -0.04797        6.92087
C         -2.70734        2.05229        6.70487
H         -3.04904        3.06687        6.52167
H         -3.18986        1.70801        7.61438
H         -3.07640        1.43018        5.89501
C         -0.56456        6.57185        8.12852
C         -1.41281        6.13188        6.92109
H         -1.21227        6.77569        6.06495
H         -2.47205        6.20646        7.16201
H         -1.19273        5.09192        6.66094
C         -0.97270        8.01269        8.47052
H         -0.50431        8.33444        9.39418
H         -2.05215        8.07567        8.59222
H         -0.67123        8.68764        7.67510
C         -0.92721        5.66908        9.32309
H         -0.71418        4.62481        9.08306
H         -1.98497        5.75999        9.56243
H         -0.34682        5.95762       10.19567
C          2.04358        9.29907        8.29907
H          1.68103        9.56208        7.31103
H          3.05877        9.67685        8.38302
H          1.44135        9.84277        9.02020
C          2.13286        7.32719       10.54117
H          1.24955        7.74578       11.01654
H          2.98508        7.90135       10.89296
H          2.25265        6.31367       10.91146
C          2.20861        6.89299        4.06484
H          1.44177        6.27906        3.58091
H          2.90406        7.24075        3.29312
C          1.55520        8.07350        4.77416
H          1.03109        7.70900        5.65904
H          0.85369        8.56657        4.10581
H          2.29955        8.79961        5.09147
C          4.20770        6.44623        5.31425
H          4.47870        5.84627        6.18776
H          4.19214        7.50399        5.59967
C          5.22018        6.19998        4.19943
H          5.19328        5.15418        3.90452
H          6.21537        6.43182        4.56715
H          5.02713        6.81938        3.32659
N          3.34227        3.36714        7.57114
N          0.13854        2.98363        5.88107
N          0.86149        6.45064        7.80654
O          2.88316        6.01600        4.97329
Si         4.36407        2.61323        6.42730
H          4.20840        3.40525        5.16617
Si        -0.79673        1.97259        6.89055
H         -0.52933        2.49919        8.27488
Si         2.02580        7.40408        8.62308
H          3.33316        6.89462        8.10130
