92
CSD_code = LAZHOK | q = 0 | S = 0 | Stoichiometry = C34H49N4OPSi2W | MND = 7
W          3.96201        4.64948       10.55512
P          3.93464        4.24941       13.06902
Si         0.62918        4.26920        9.68768
Si         5.85865        1.82310        9.86697
N          5.67524        5.20832       10.76083
O          3.15564        6.31501        9.87536
N          2.07913        3.78310       10.48727
N          4.05228        4.44231        8.41475
C          9.02270        6.63740       10.41631
H          9.56031        7.30786        9.75922
C          6.77756        2.96154        8.63537
H          6.39488        2.88389        7.62223
H          7.82793        2.69360        8.60483
H          6.71517        3.99850        8.94700
N          4.46201        2.61154       10.50806
C          3.78307        9.23014       13.61142
H          3.36781        9.67542       14.50541
C         -0.59114        5.24279       10.82066
H         -0.61749        4.85859       11.83746
H         -1.59876        5.17779       10.42102
H         -0.33626        6.29748       10.87283
C          4.80739        5.53613       14.05869
H          4.16718        6.40819       14.17121
H          5.71311        5.85025       13.54493
H          5.06159        5.14818       15.04433
C          1.07001        1.86929       11.66591
H          0.11672        2.37350       11.71442
C          2.41980       -0.06038       12.10406
H          2.52879       -1.06450       12.48695
C          3.60411        3.19655        6.42031
H          3.17135        2.31563        5.97290
C          4.64989        5.37192        7.65779
H          5.04180        6.23135        8.19247
C          2.96107        6.44626       11.19618
C          3.63313        7.58316       11.84752
C          3.12076        8.18097       13.00255
H          2.18807        7.82168       13.41957
C          7.17168        1.31259       11.17831
H          7.66857        2.18692       11.58850
H          7.93634        0.69645       10.71471
H          6.75422        0.74342       12.00404
C          7.65184        4.91184       12.08544
H          7.10888        4.22640       12.72291
C          2.14792        2.52928       11.08134
C         -0.32556        2.74691        9.00563
H         -0.68034        2.93150        7.99703
H         -1.19344        2.51860        9.61379
H          0.29240        1.85458        8.98359
C          4.75665        5.27306        6.28408
H          5.24565        6.05381        5.72314
C          8.97412        5.20433       12.32937
H          9.47407        4.74843       13.17379
C          4.80803        8.11284       11.30479
H          5.18713        7.68167       10.38764
C          9.67349        6.07096       11.50213
H         10.71104        6.29656       11.69724
C          2.32288        4.23521       13.96606
H          2.49458        4.18899       15.04078
H          1.73986        3.37036       13.65399
H          1.76650        5.13957       13.72812
C          3.41506        1.87887       11.04625
C          4.68043        2.73131       13.80950
H          4.78246        2.84910       14.88794
H          5.65658        2.55349       13.36383
H          4.04758        1.87181       13.59630
C          1.20325        0.58978       12.18346
H          0.35122        0.10454       12.63659
C          7.69916        6.35895       10.16233
H          7.20668        6.80085        9.30558
C          3.51282        0.57986       11.53820
H          4.46504        0.07540       11.49265
C          5.46570        9.15575       11.91973
H          6.37978        9.53998       11.48930
C          4.97100        9.72611       13.08958
C          3.53256        3.37826        7.79030
H          3.03627        2.64533        8.41547
C          5.36403        0.24668        8.87642
H          5.79817       -0.64488        9.31559
H          5.70955        0.29810        7.84869
H          4.28796        0.10399        8.85865
C          4.22902        4.15919        5.64230
H          4.29987        4.05052        4.57103
C          6.95785        5.48714       10.99510
C          0.91534        5.35490        8.13315
H          1.65756        6.12673        8.30705
H         -0.01635        5.84702        7.87160
H          1.22775        4.77277        7.27028
C          5.68528       10.87043       13.74361
H          5.42715       11.80774       13.24885
H          6.76330       10.74151       13.67295
H          5.40786       10.95463       14.79185
H          1.89506        6.35365       11.49126
