119
CSD_code = LECJUZ | q = 0 | S = 0 | Stoichiometry = C39H67LaN4P2Si6 | MND = 4
C          7.80228       20.49920       15.43519
H          7.97627       21.57270       15.60478
C         10.08787       19.60643       13.63956
C         10.05091       18.38222       12.98554
H          9.60485       17.53520       13.49056
C         10.58690       18.25872       11.71653
H         10.56227       17.30289       11.21494
C         11.15730       19.35868       11.09725
H         11.59118       19.26230       10.11300
C         11.16428       20.59006       11.73439
H         11.59467       21.45053       11.24313
C         10.62130       20.71992       12.99863
H         10.61176       21.68108       13.49522
C         10.51914       20.71653       16.29367
C         11.83798       20.98144       15.95108
H         12.23361       20.63605       15.00649
C         12.64830       21.69038       16.82174
H         13.67329       21.89824       16.55081
C         12.15152       22.12665       18.03886
H         12.78870       22.67796       18.71440
C         10.84124       21.84501       18.39320
H         10.45657       22.17200       19.34780
C         10.02997       21.13739       17.52640
H          9.01244       20.88925       17.79619
C          7.43496       20.86913       12.44535
C          7.63581       19.90618       11.46631
H          7.34175       18.88760       11.67660
C          8.19125       20.26126       10.25100
H          8.33770       19.51331        9.48595
C          8.55611       21.57641       10.01355
H          8.97920       21.85610        9.06009
C          8.38896       22.53367       11.00191
H          8.68752       23.55616       10.82082
C          7.83901       22.18071       12.22002
H          7.71296       22.91985       13.00051
C          5.45757       21.63989       14.40670
C          4.91895       22.51239       13.47098
H          5.27729       22.50215       12.45101
C          3.92288       23.39800       13.84595
H          3.50685       24.07804       13.11677
C          3.46039       23.41338       15.15144
H          2.68887       24.11130       15.44124
C          3.97983       22.52645       16.08164
H          3.61130       22.53391       17.09680
C          4.96601       21.63191       15.70867
H          5.36377       20.91180       16.41612
C          9.92414       15.62851       17.00024
H          9.52107       15.63944       18.00813
H         10.69936       14.87062       16.97058
H          9.12920       15.32575       16.31938
C         12.10292       17.20474       15.34514
H         11.86621       16.59579       14.47876
H         12.95946       16.75524       15.83724
H         12.40607       18.18201       14.98203
C         11.33015       18.11713       18.17391
H         12.00466       18.94419       17.97759
H         11.88162       17.37144       18.73743
H         10.53098       18.48672       18.80939
C          4.27779       16.75596       13.19441
H          4.73051       16.31579       14.08319
H          4.71950       16.27366       12.32984
H          3.22053       16.51604       13.19745
C          4.45625       19.24978       11.32486
H          4.76588       20.28638       11.23404
H          3.43938       19.17586       10.95279
H          5.08684       18.65995       10.66803
C          3.05386       19.49542       14.02467
H          3.17135       19.48284       15.10346
H          2.13040       18.97605       13.78957
H          2.93282       20.52868       13.71435
C          3.38972       16.49452       18.98310
H          3.89515       15.56205       18.75912
H          2.32209       16.31984       18.88923
H          3.59245       16.73728       20.02063
C          2.85546       19.39101       18.24102
H          3.07150       19.75867       19.23921
H          1.80282       19.12824       18.20845
H          3.01008       20.21031       17.54701
C          6.03157       18.29684       20.83352
H          5.02728       18.61221       21.09650
H          6.70566       18.67854       21.59388
H          6.06002       17.21362       20.88094
C          6.42073       20.82868       19.18713
H          6.75749       21.29382       18.26543
H          7.03742       21.21292       19.99441
H          5.40336       21.16248       19.36659
C          4.42466       13.96197       15.81643
H          3.88284       14.87368       16.05495
H          4.03731       13.17352       16.45429
H          4.19376       13.69485       14.79063
C          6.59261       14.69034       17.89353
H          7.55144       14.33692       18.25706
H          5.83138       14.25356       18.53174
H          6.55474       15.77644       18.02673
C          6.60361       13.70494       12.54058
H          6.69549       12.75769       13.06058
H          6.97418       13.56599       11.52999
H          5.54675       13.93779       12.47616
C          9.39419       14.49404       13.44575
H         10.04466       15.19869       13.95333
H          9.76059       14.37343       12.43071
H          9.49983       13.53740       13.94733
N          9.25789       18.21643       15.93659
N          6.06675       18.90437       13.93907
N          5.64110       18.23128       17.78646
N          6.99160       15.40047       15.05270
P          9.37946       19.69212       15.31894
P          6.70924       20.37130       14.04510
Si        10.62997       17.34244       16.56502
Si         4.52980       18.64335       13.14401
Si         3.95685       17.88842       17.80715
H          3.60093       17.45336       16.41254
Si         6.51656       18.91453       19.09594
H          7.96896       18.54839       18.89989
Si         6.30780       14.19186       16.06811
H          6.92226       12.84824       15.90103
Si         7.56595       15.06731       13.46604
H          7.48349       16.31626       12.63631
La         6.91076       17.67932       15.85629
