91
CSD_code = LEMSAY | q = 1 | S = 0 | Stoichiometry = C38H48NNbPSi2(1+) | MND = 12
Nb         3.99796        0.81105       16.55600
P          4.83122        3.10483       15.72944
Si         2.30672        1.04029       20.27698
Si         2.63910       -2.33605       14.71614
N          6.19513       -0.14953       14.42091
C          5.40692        0.23108       15.20857
C          7.18503       -0.35930       13.52607
C          6.87015       -0.50010       12.16601
C          7.90923       -0.70005       11.27351
H          7.68590       -0.80833       10.22310
C          9.22218       -0.76433       11.71013
H         10.01845       -0.92142       10.99996
C          9.51557       -0.62949       13.05717
H         10.53996       -0.68324       13.39286
C          8.51024       -0.42683       13.98650
C          8.80047       -0.29872       15.45041
H          8.20851        0.50080       15.89779
H          9.85518       -0.09924       15.61633
H          8.54347       -1.22498       15.96512
C          5.44328       -0.44776       11.71727
H          5.38632       -0.27684       10.64600
H          4.90435        0.34624       12.23409
H          4.94715       -1.39302       11.93930
C          6.43701        3.69082       16.40075
H          7.20022        2.92070       16.30326
H          6.30865        3.93635       17.45461
H          6.74170        4.58699       15.85816
C          5.13086        3.17106       13.93138
C          6.37840        2.83396       13.41095
H          7.19589        2.58505       14.07063
C          6.58493        2.82302       12.04319
H          7.55727        2.56487       11.65226
C          5.54890        3.13836       11.17971
H          5.71175        3.13054       10.11333
C          4.30284        3.46756       11.68874
H          3.49343        3.71742       11.01959
C          4.09181        3.47923       13.05550
H          3.12137        3.75341       13.44539
C          3.82980        4.59360       16.05409
C          4.02733        5.77550       15.34619
H          4.75017        5.81001       14.54281
C          3.28705        6.89841       15.66811
H          3.43540        7.81401       15.11627
C          2.35858        6.85207       16.69687
H          1.78512        7.73208       16.94364
C          2.16701        5.67912       17.40886
H          1.44784        5.64629       18.21349
C          2.90054        4.55149       17.08616
H          2.76158        3.62693       17.63349
C          3.67359        0.72053       18.99609
C          4.73833        1.60216       18.70955
H          4.80400        2.62851       19.04899
C          5.80643        0.86924       18.11806
H          6.83273        1.21069       18.03325
C          5.39843       -0.49560       18.05749
H          6.03760       -1.33140       17.80246
C          4.09496       -0.57013       18.56954
H          3.55657       -1.49086       18.74895
C          1.68671        2.84453       20.19813
H          1.05465        3.04634       19.33805
H          2.50350        3.56067       20.19093
H          1.09043        3.05126       21.08136
C          3.17954        0.73248       21.94217
H          2.48681        0.87938       22.76441
H          4.01440        1.41094       22.09103
H          3.56462       -0.28039       22.01443
C          0.84463       -0.16559       20.06849
H          0.23205        0.04564       19.19686
H          0.19662       -0.09295       20.93646
H          1.17383       -1.19895       20.00555
C          2.46424       -0.55169       15.33991
C          1.85940       -0.19054       16.56966
H          1.50266       -0.89476       17.30720
C          1.57766        1.19184       16.56879
H          1.00326        1.72122       17.31545
C          1.99711        1.71478       15.33743
H          1.80111        2.71829       14.98194
C          2.57741        0.65944       14.58828
H          2.83321        0.71852       13.53597
C          2.06906       -2.37104       12.89810
H          2.57721       -1.63135       12.28759
H          1.00276       -2.18265       12.81860
H          2.26003       -3.34585       12.46189
C          4.43759       -2.95013       14.91482
H          4.87553       -2.61117       15.85093
H          5.07885       -2.60668       14.11000
H          4.46713       -4.03522       14.90965
C          1.49220       -3.41801       15.79054
H          1.43696       -4.42168       15.38194
H          0.47953       -3.02710       15.82472
H          1.85053       -3.50833       16.81198
