107
CSD_code = LEQNEC | q = 0 | S = 0 | Stoichiometry = C42H58Cl2P3ReSi | MND = 6
Re         9.08230        4.17165        8.12372
Cl         8.42835        4.04812        5.88847
Cl         7.94947        6.30105        8.21135
P          6.86518        3.45487        8.78477
P          9.87875        2.02822        7.36637
P         10.89916        5.64671        7.45497
Si         7.58683        8.62106       11.22390
C          9.70986        4.11129        9.88968
C         10.19120        4.00264       11.17571
H         10.76788        3.11296       11.41093
C          9.96884        4.94982       12.13945
C          9.21882        6.09015       11.80868
C          8.57687        7.09173       11.56973
C          8.41289        9.65072        9.85228
H          8.33283        9.12811        8.90491
H          9.46557        9.82373       10.05617
H          7.93263       10.61879        9.73874
C          5.81095        8.15356       10.71818
H          5.82003        7.66479        9.74935
H          5.17814        9.03334       10.63809
H          5.35071        7.47889       11.43463
C          7.56420        9.60361       12.86367
H          6.99754       10.52454       12.76513
H          8.56885        9.86947       13.17847
H          7.11244        9.02529       13.66402
C         10.45960        4.87404       13.56764
C         11.31904        6.11441       13.86270
H         10.73786        7.01509       13.65425
H         12.19132        6.11793       13.20348
C         11.76912        6.10551       15.32201
H         12.37984        6.99482       15.51540
C         12.59520        4.84984       15.59435
H         12.93156        4.84190       16.63363
H         13.48189        4.84165       14.95586
C         11.73974        3.61560       15.31541
H         12.33073        2.71146       15.50398
C         11.28746        3.61949       13.85429
H         12.16541        3.59482       13.20362
H         10.69068        2.72475       13.65945
C          9.23848        4.88718       14.50229
H          8.61810        4.00963       14.30110
H          8.63762        5.77625       14.29952
C          9.69419        4.88125       15.95978
H          8.81313        4.89008       16.61160
C         10.54372        6.12088       16.23392
H          9.95512        7.02195       16.04822
H         10.85797        6.13329       17.28016
C         10.51834        3.62443       16.23259
H          9.91061        2.73431       16.05313
H         10.83773        3.60667       17.27712
C          6.61071        1.71845        9.27019
C          5.57348        0.91098        8.82371
H          4.83844        1.29492        8.13155
C          5.48247       -0.40058        9.26088
H          4.67624       -1.02786        8.90817
C          6.41834       -0.90903       10.14529
H          6.33992       -1.93202       10.48331
C          7.45971       -0.10748       10.58903
H          8.19757       -0.50451       11.27067
C          7.55965        1.19650       10.14594
H          8.38282        1.83323       10.44764
C          5.54639        3.83740        7.59182
H          5.67183        3.23623        6.69139
H          5.65626        4.89055        7.32719
H          4.56591        3.66893        8.03774
C          6.28378        4.28784       10.30373
H          6.34130        5.36418       10.15326
H          6.94619        4.01868       11.12426
H          5.26200        3.97954       10.52491
C         10.70460        0.97524        8.60528
C         10.32165       -0.31620        8.93832
H          9.48693       -0.78866        8.44349
C         11.00666       -1.00948        9.92275
H         10.70324       -2.01517       10.17730
C         12.07321       -0.42281       10.58089
H         12.60176       -0.96861       11.34891
C         12.45694        0.86913       10.25501
H         13.28741        1.33282       10.76812
C         11.77171        1.56316        9.27757
H         12.03812        2.58077        9.02453
C          8.67566        0.89482        6.58468
H          8.23851        1.40390        5.72717
H          7.88600        0.63699        7.28883
H          9.19441       -0.00341        6.24920
C         11.17241        2.08492        6.07225
H         11.43299        1.06959        5.77265
H         12.05393        2.59486        6.45824
H         10.77885        2.63504        5.21848
C         12.62562        5.06855        7.45562
C         13.18536        4.75603        8.69262
H         12.58348        4.88782        9.58184
C         14.48113        4.28425        8.77601
H         14.91092        4.04929        9.73904
C         15.23075        4.10942        7.62286
H         16.24371        3.74019        7.68555
C         14.67696        4.40693        6.38977
H         15.25776        4.26858        5.48910
C         13.37870        4.88160        6.30366
H         12.95639        5.10539        5.33506
C         11.06107        7.10725        8.54714
H         10.19596        7.74718        8.38943
H         11.98161        7.64107        8.31175
H         11.05474        6.78819        9.58773
C         10.67478        6.43669        5.83068
H         10.66179        5.68856        5.03916
H         11.46181        7.17110        5.65674
H          9.70059        6.92818        5.85391
