68
CSD_code = LEQQUT | q = 0 | S = 0 | Stoichiometry = C28H38SiTi | MND = 12
Ti         8.88148        0.36818        3.98696
Si         7.91516       -1.59233        1.56962
C         10.48877        0.52366        5.23660
C         11.50033       -0.40192        5.48101
C         12.53336       -0.14371        6.37224
C         12.57539        1.05866        7.05409
C         11.59007        2.00306        6.82460
C         10.56625        1.74490        5.92260
C          9.52129        2.77913        5.59699
C          8.27508        2.08229        5.04348
C          8.96330       -0.01356        1.67330
C          8.43222        1.29440        1.88748
C          9.46643        2.13311        2.37135
C         10.62509        1.33512        2.55115
C         10.31500        0.01816        2.12642
C          7.63333       -1.54633        3.44087
C          6.74732       -0.65545        4.11180
C          7.13816       -0.57219        5.46622
C          8.31803       -1.34345        5.63678
C          8.62313       -1.94512        4.39088
C          7.13563        1.85468        1.38270
C          9.42699        3.63223        2.31017
C         12.00493        1.83876        2.85454
C         11.37977       -1.00562        1.86130
C          5.43520       -0.12676        3.60986
C          6.28717       -0.05901        6.59097
C          8.92718       -1.62741        6.97879
C          9.58177       -3.08654        4.20282
C          8.76684       -3.16202        0.87416
C          6.37408       -1.57138        0.42948
H         11.50102       -1.36135        4.97267
H         13.30437       -0.88538        6.53640
H         13.37218        1.26082        7.75616
H         11.61946        2.95104        7.34730
H          9.94390        3.47127        4.86061
H          9.28634        3.37622        6.49027
H          7.67793        2.78880        4.44603
H          7.66294        1.82021        5.91163
H          6.65224        2.47992        2.13569
H          6.44762        1.07406        1.08099
H          7.32825        2.48669        0.51107
H         10.34187        4.06898        2.70359
H          8.57677        4.05313        2.84645
H          9.33531        3.93821        1.26417
H         12.49163        2.16276        1.93045
H         12.61565        1.05949        3.30650
H         11.97930        2.68313        3.54087
H         10.95883       -1.92222        1.46203
H         11.96325       -1.22963        2.75536
H         12.07570       -0.60836        1.11751
H          4.62277       -0.53557        4.21526
H          5.26183       -0.42123        2.58047
H          5.38389        0.96150        3.68323
H          5.64844       -0.87120        6.95086
H          5.63941        0.75515        6.26941
H          6.89363        0.27862        7.43043
H          9.09777       -0.70060        7.52865
H          9.88142       -2.14059        6.89077
H          8.25156       -2.25370        7.56691
H         10.02512       -3.37345        5.15462
H         10.38602       -2.85833        3.50566
H          9.03849       -3.95085        3.81766
H          9.55883       -3.57002        1.48740
H          9.17867       -2.95313       -0.10858
H          8.02159       -3.94144        0.75047
H          5.75807       -2.43943        0.64283
H          6.69845       -1.64985       -0.60316
H          5.73821       -0.69822        0.49895
