100
CSD_code = LIPKIE | q = -1 | S = 0 | Stoichiometry = C38H56N3Si2Zr(1-) | MND = 5
Zr         3.97073        5.40914       11.58990
Si         1.19291        5.21238       11.79000
N          4.15152        4.41915       13.41993
N          3.97054        7.50241       11.58992
C          3.43071        4.79524       14.60937
C          4.17362        2.98032       13.32493
C          3.79293        8.33724       12.74990
C          0.01443        5.70653       13.28767
C          0.40630        6.73910       14.13690
C         -0.37410        7.15038       15.20241
C         -1.58637        6.52939       15.45301
C         -2.00284        5.50295       14.62260
C         -1.21285        5.10347       13.55846
C          0.57329        3.37681       11.57478
C          0.44401        2.55053       12.69348
C          0.16282        1.20191       12.58400
C          0.00949        0.62283       11.33450
C          0.15217        1.41249       10.20638
C          0.43602        2.76039       10.33180
C          0.23358        6.29670       10.40124
C          1.04162        6.24707        9.10536
C         -1.20415        5.85788       10.12611
C          0.20996        7.75203       10.87005
H          3.40918        5.88238       14.72225
H          3.91623        4.37675       15.51386
H          2.38071        4.42933       14.61750
H          4.79620        2.65937       12.48417
H          3.15745        2.53891       13.21045
H          4.60379        2.53033       14.24204
H          3.67892        7.72501       13.64959
H          2.89837        8.99208       12.66194
H          4.65491        9.01985       12.91013
H          1.35005        7.23400       13.94909
H         -0.03923        7.95684       15.84327
H         -2.20108        6.84353       16.28696
H         -2.95184        5.01397       14.80634
H         -1.55632        4.29948       12.92315
H          0.56006        2.98290       13.67904
H          0.06307        0.59442       13.47513
H         -0.21288       -0.43230       11.24233
H          0.04405        0.97054        9.22333
H          0.56512        3.34800        9.43519
H          2.07274        6.55359        9.29517
H          0.60871        6.90890        8.34929
H          1.06934        5.24122        8.69355
H         -1.80819        5.95854       11.02502
H         -1.24320        4.82012        9.80565
H         -1.65500        6.47431        9.34356
H         -0.39301        7.86099       11.76927
H         -0.20948        8.40379       10.09909
H          1.22055        8.08979       11.09290
Si         6.74854        5.21252       11.39003
C          7.92672        5.70641        9.89205
C          7.53493        6.73910        9.04293
C          8.31537        7.15044        7.97747
C          9.52764        6.52944        7.72688
C          9.94410        5.50299        8.55729
C          9.15405        5.10343        9.62135
H          9.49756        4.29951       10.25673
H         10.89309        5.01398        8.37353
H         10.14234        6.84355        6.89291
H          7.98050        7.95687        7.33659
H          6.59120        7.23403        9.23075
C          7.36782        3.37681       11.60513
C          7.49719        2.55055       10.48642
C          7.77842        1.20193       10.59591
C          7.93169        0.62285       11.84541
C          7.78897        1.41251       12.97354
C          7.50510        2.76040       12.84810
H          7.37603        3.34802       13.74471
H          7.89705        0.97056       13.95659
H          8.15402       -0.43229       11.93759
H          7.87814        0.59443        9.70478
H          7.38118        2.98291        9.50086
C          7.70770        6.29684       12.77884
C          6.89954        6.24712       14.07463
H          5.86844        6.55367       13.88477
H          7.33245        6.90893       14.83073
H          6.87180        5.24126       14.48641
C          9.14540        5.85785       13.05383
H          9.74943        5.95851       12.15491
H          9.18440        4.82008       13.37428
H          9.59625        6.47427       13.83638
C          7.73131        7.75210       12.30984
H          8.33428        7.86100       11.41061
H          8.15075        8.40386       13.08078
H          6.72071        8.08985       12.08699
N          3.78966        4.41917        9.75990
C          4.51053        4.79525        8.57050
H          4.53212        5.88238        8.45763
H          4.02504        4.37679        7.66597
H          5.56052        4.42932        8.56241
C          3.76756        2.98035        9.85491
H          3.14496        2.65940       10.69565
H          4.78372        2.53892        9.96942
H          3.33742        2.53035        8.93778
C          4.14827        8.33727       10.42998
H          4.26220        7.72506        9.53027
H          5.04292        8.99197       10.51797
H          3.28638        9.02000       10.26978
