98
CSD_code = LITRUD | q = 0 | S = 0 | Stoichiometry = C34H56N3OSSi2Y | MND = 6
Y          2.97876        3.79606       -2.92439
S          6.92029        1.77901       -0.25834
Si         6.07752        5.08451       -4.43543
Si         1.68748        2.61664        0.32180
N          5.04015        3.23612       -1.22364
N          4.19818        1.51299       -3.17674
N          2.08576        2.44167       -4.59486
C          7.47292        3.87627        1.53709
H          7.13156        4.87165        1.81024
H          8.52256        3.92844        1.24909
H          7.39709        3.22529        2.40765
C          6.65025        3.35287        0.41894
C          5.61311        3.95066       -0.23399
H          5.23401        4.93274       -0.01028
C          5.60715        2.06901       -1.37622
C          5.20868        1.11594       -2.37787
C          5.81992       -0.12778       -2.52185
H          6.62417       -0.41646       -1.86237
C          5.37176       -0.97385       -3.52180
H          5.82117       -1.94638       -3.65580
C          4.34140       -0.55411       -4.34797
H          3.97365       -1.18674       -5.14108
C          3.77632        0.70264       -4.14009
C          2.67202        1.20143       -5.02798
H          3.11365        1.29965       -6.04390
H          1.91959        0.39435       -5.11598
C          0.92800        2.75894       -5.32899
C          0.99338        3.65070       -6.41721
C         -0.15998        3.95585       -7.12359
H         -0.10874        4.63010       -7.96685
C         -1.37740        3.39776       -6.78132
H         -2.26613        3.63865       -7.34676
C         -1.44865        2.52733       -5.71012
H         -2.40313        2.09786       -5.44099
C         -0.31613        2.19610       -4.98114
C          2.31448        4.26110       -6.82538
H          3.05986        3.98033       -6.06996
C          2.76024        3.71659       -8.18496
H          2.83399        2.63113       -8.15849
H          3.73353        4.12256       -8.45493
H          2.04838        3.98815       -8.96206
C          2.24135        5.78834       -6.85802
H          1.89121        6.15608       -5.89741
H          1.56581        6.13661       -7.63697
H          3.22844        6.20379       -7.05303
C         -0.43270        1.27343       -3.78872
H          0.56799        1.14550       -3.36326
C         -0.97429       -0.09946       -4.19253
H         -0.37532       -0.53038       -4.99306
H         -2.00128       -0.02414       -4.54253
H         -0.95245       -0.77758       -3.34148
C         -1.30820        1.90016       -2.70154
H         -0.86278        2.83230       -2.35946
H         -1.38535        1.22407       -1.85250
H         -2.31029        2.10475       -3.07258
C          4.43488        5.55978       -3.65388
H          3.88238        6.16317       -4.38366
H          4.63422        6.22462       -2.80210
C          5.93735        3.56862       -5.60358
H          5.48495        3.83702       -6.55258
H          5.33309        2.78348       -5.15567
H          6.91562        3.14805       -5.82015
C          7.41669        4.64266       -3.13266
H          7.32339        5.25416       -2.24090
H          8.41514        4.79504       -3.53054
H          7.34260        3.60265       -2.83122
C          6.84751        6.48600       -5.50627
H          7.09223        7.35436       -4.90226
H          6.15541        6.81221       -6.27673
H          7.75847        6.16497       -6.00252
C          1.75772        4.06935       -0.87195
H          2.16917        4.93952       -0.34335
H          0.72774        4.34427       -1.13138
C         -0.03769        2.38590        1.13701
H         -0.80974        2.24226        0.38807
H         -0.31152        3.25864        1.72173
H         -0.06143        1.52735        1.80148
C          2.11292        0.94519       -0.52775
H          1.88893        0.97774       -1.59221
H          1.55322        0.11886       -0.09898
H          3.16878        0.70895       -0.42338
C          2.91021        2.80350        1.78935
H          3.93470        2.88530        1.44248
H          2.85675        1.94957        2.45774
H          2.69139        3.69111        2.37415
O          0.96648        5.83336       -3.51631
C          1.09370        7.22252       -3.24800
H          2.13523        7.50360       -3.40355
H          0.81975        7.41921       -2.20135
C          0.11412        7.93340       -4.19951
H         -0.38652        8.75904       -3.69762
H          0.63566        8.32821       -5.06962
C         -0.86635        6.81875       -4.60265
H         -1.90364        7.08514       -4.41400
H         -0.75812        6.56621       -5.65594
C         -0.42152        5.63365       -3.73759
H         -0.95373        5.64395       -2.77440
H         -0.55394        4.66809       -4.22146
