83
CSD_code = LIXMEK | q = 0 | S = 0 | Stoichiometry = C28H46Cl2HfN4Si2 | MND = 6
Hf         4.48860        0.69619        3.46163
Cl         3.94542        1.35347        5.66838
Cl         4.12612       -1.59072        3.94728
N          4.33174        0.08293        1.36360
C          4.66622       -1.11078        0.86036
C          4.86383       -1.34406       -0.48049
C          4.78113       -0.25718       -1.36039
C          4.43450        0.96939       -0.86419
C          4.13702        1.12286        0.51299
C          3.52724        2.31852        0.96922
C          2.65414        2.39635        2.04203
C          1.76457        3.64858        2.12788
C          1.32235        3.89411        3.57206
C          0.55484        3.43902        1.20714
C          2.48453        4.91802        1.64505
N          2.54386        1.38591        2.91785
Si         1.21045        0.32925        3.30546
C         -0.62669        0.87307        3.12389
C          1.30862       -1.12829        2.05429
C          1.27049       -0.23947        5.12569
N          5.40736        2.67932        3.29877
C          5.02443        3.78579        3.94623
C          5.40075        5.05514        3.57411
C          6.16797        5.20366        2.41146
C          6.57394        4.08307        1.74048
C          6.24398        2.79688        2.23613
C          6.88241        1.65262        1.69536
C          7.15541        0.49433        2.40479
C          8.21472       -0.45183        1.81358
C          8.17496       -0.49675        0.27756
C          9.59990        0.07419        2.21325
C          8.00033       -1.88026        2.31880
N          6.57267        0.25606        3.58957
Si         7.23493        0.10238        5.19670
C          9.02185       -0.53393        5.52215
C          7.32324        1.88820        5.90550
C          6.19826       -1.08125        6.27596
H          4.76137       -1.90874        1.58703
H          5.10209       -2.33286       -0.83614
H          4.98102       -0.39173       -2.41314
H          4.34013        1.82659       -1.51283
H          3.57062        3.14418        0.27732
H          0.54133        4.65117        3.59933
H          2.16493        4.24468        4.16383
H          0.94581        2.98830        4.03245
H         -0.07898        4.32354        1.22372
H         -0.02881        2.58507        1.52020
H          0.88710        3.27128        0.18448
H          1.89663        5.78588        1.93765
H          2.58327        4.94490        0.56281
H          3.47066        5.00949        2.08874
H         -0.86207        1.84787        3.53392
H         -1.23305        0.15127        3.66161
H         -0.95971        0.84675        2.09154
H          2.11129       -1.81585        2.29666
H          1.46834       -0.76872        1.03993
H          0.38214       -1.69351        2.05774
H          2.16441       -0.80349        5.36615
H          0.42179       -0.88820        5.32089
H          1.21270        0.59482        5.81888
H          4.39547        3.62020        4.81274
H          5.08854        5.91092        4.14955
H          6.43828        6.18800        2.05882
H          7.18325        4.15510        0.85279
H          7.38745        1.81462        0.75677
H          8.78094       -1.33413       -0.06308
H          8.58916        0.40402       -0.16833
H          7.16360       -0.63625       -0.09053
H          9.71580        0.08641        3.28763
H          9.73703        1.08787        1.84174
H         10.37344       -0.55904        1.78306
H          7.85461       -1.90516        3.39231
H          8.86054       -2.49753        2.06799
H          7.11760       -2.31079        1.85139
H          9.76809        0.23059        5.33253
H          9.30053       -1.42639        4.97479
H          9.09208       -0.77768        6.57736
H          7.75081        2.57985        5.18266
H          7.94987        1.91360        6.79124
H          6.34446        2.26020        6.18730
H          5.17774       -0.74443        6.41783
H          6.65162       -1.14909        7.26041
H          6.15799       -2.08507        5.86293
