57
CSD_code = LUBXOV | q = 0 | S = 0 | Stoichiometry = C15H33NO3P3SiV | MND = 6
V         12.37991        2.20684       10.43852
P         13.94876        2.76750       12.02099
P         14.03020        2.64360        8.85600
P         11.84885        4.44197       10.30393
Si        14.82803        5.21262       10.37673
O         10.25489        1.52995       12.13155
O         12.61043       -0.70790       10.74906
O         10.32361        1.10768        8.64796
N         11.17089        1.86310       11.45068
C         13.35622        2.57115       13.74493
C         15.43479        1.68927       12.14686
C         14.76605        4.42937       12.11790
C         13.42130        3.20440        7.21542
C         15.00213        1.19525        8.27795
C         15.38593        3.87120        9.13170
C         11.11447        5.12217       11.84314
C         10.47572        4.88963        9.16603
C         13.06664        5.77824        9.90080
C         16.04598        6.69629       10.34374
C         15.88332        7.47899        9.04528
C         15.76541        7.62661       11.51892
C         17.48322        6.19643       10.44212
C         12.67137        0.43643       10.58452
C         11.18405        1.61999        9.22870
H         14.12450        2.84841       14.47033
H         12.46132        3.17412       13.89737
H         13.08163        1.52220       13.87201
H         15.08590        0.65565       12.18033
H         16.07217        1.81613       11.27287
H         16.00679        1.91350       13.04968
H         14.16180        5.05301       12.77925
H         15.75308        4.31555       12.57057
H         12.98718        4.19972        7.29787
H         14.22928        3.21765        6.48083
H         12.64400        2.50815        6.89581
H         14.29785        0.48215        7.84561
H         15.74659        1.48277        7.53219
H         15.49095        0.71733        9.12679
H         16.23850        3.32651        9.54161
H         15.68511        4.28622        8.16688
H         11.86619        5.17312       12.62943
H         10.69305        6.11522       11.67298
H         10.32504        4.43636       12.15611
H         10.25540        5.95900        9.19839
H         10.72404        4.59142        8.14750
H          9.60056        4.31910        9.48278
H         13.01327        5.95731        8.82532
H         12.76322        6.69526       10.40996
H         16.58957        8.30778        9.00926
H         16.06721        6.84402        8.18189
H         14.87974        7.88854        8.96326
H         15.91398        7.11163       12.46461
H         16.43558        8.48520       11.49357
H         14.74377        7.99740       11.48628
H         17.63440        5.62240       11.35317
H         17.73299        5.56546        9.59288
H         18.17817        7.03537       10.45440
