93
CSD_code = LUSZUW | q = 0 | S = 0 | Stoichiometry = C35H50FeN2O3Si2 | MND = 7
Fe         7.76458        6.17605        1.26592
Si        11.43118        5.28907        2.13452
Si         8.39035        8.51913       -1.50216
O         10.59785        6.34799       -0.71670
C          9.89703        6.74263        0.20477
C          8.76753        7.69527        0.14919
C          8.58882        8.20520        1.48111
C          8.05773        9.56071        1.84393
H          7.02136        9.67998        1.52389
H          8.65108       10.29657        1.29082
C          8.18474        9.83450        3.34299
H          8.08665       10.90718        3.52570
H          7.37437        9.33500        3.87580
C          9.52158        9.33339        3.88403
H          9.64554        9.64564        4.92376
H         10.33149        9.77693        3.30060
C          9.61028        7.80779        3.78773
H         10.61002        7.47282        4.06829
H          8.90930        7.35658        4.49266
C          9.32886        7.39100        2.37314
C          9.96367        6.34732        1.63067
C          6.17071        6.72313        0.84827
O          5.12412        7.10087        0.53100
C          8.01036        4.97027       -0.03318
O          8.20789        4.36611       -0.98633
C          9.94332        9.51748       -1.99415
H         10.80698        8.86123       -2.01638
H         10.15414       10.32059       -1.29333
H          9.83238        9.95949       -2.97960
C          6.88591        9.69509       -1.41324
H          6.58497        9.98160       -2.41538
H          7.10338       10.60685       -0.86769
H          6.03294        9.21839       -0.94263
C          8.01403        7.16692       -2.78654
H          8.81748        6.43866       -2.80227
H          7.91175        7.57696       -3.78682
H          7.09490        6.64028       -2.54478
C         11.31209        4.74078        3.97216
H         11.95060        5.35548        4.59827
H         11.64280        3.71484        4.09112
H         10.30459        4.81008        4.37022
C         12.99734        6.37207        1.94983
H         13.07776        6.72843        0.92780
H         13.89830        5.81000        2.17915
H         12.97526        7.24172        2.60158
C         11.56099        3.78357        0.97840
H         10.59499        3.32079        0.80624
H         12.24050        3.02717        1.36091
H         11.92846        4.11175        0.01233
C          4.63880        7.15929        4.19290
H          3.93879        6.48729        4.69490
H          4.38402        7.18042        3.13229
C          4.51426        8.55646        4.79226
H          5.15317        9.24781        4.23989
H          3.48530        8.90536        4.69037
C          4.91684        8.54981        6.26416
H          4.84451        9.55920        6.67241
H          4.22770        7.91367        6.82485
C          6.33988        8.02566        6.43301
H          6.60028        7.99148        7.49273
H          7.03970        8.70441        5.94329
C          6.46954        6.62833        5.83378
H          7.49449        6.26391        5.93660
H          5.82016        5.94841        6.38927
C          6.06660        6.62847        4.35617
H          6.74628        7.25798        3.77221
N          6.17543        5.30278        3.79130
C          5.49973        4.22182        4.29440
H          4.89490        4.26604        5.17538
C          5.76161        3.18252        3.47463
H          5.43891        2.16191        3.50555
N          6.58609        3.65647        2.48956
C          6.86202        4.97090        2.66978
C          7.01788        2.80715        1.43557
C          8.20239        2.08928        1.58777
C          8.59611        1.24039        0.56592
H          9.52386        0.69514        0.66167
C          7.82433        1.07999       -0.57644
C          6.62164        1.76657       -0.67470
H          6.00682        1.63460       -1.55293
C          6.19788        2.63153        0.32097
C          9.00289        2.24281        2.84191
H          8.44211        1.86521        3.69785
H          9.22051        3.29401        3.01505
H          9.93849        1.69660        2.77369
C          8.28915        0.19830       -1.69296
H          8.93024       -0.59777       -1.32209
H          8.86330        0.79079       -2.40535
H          7.44588       -0.23945       -2.22186
C          4.90859        3.38313        0.20442
H          4.24156        3.14162        1.03195
H          4.40733        3.14207       -0.72842
H          5.10426        4.45455        0.23242
