65
CSD_code = MALXOO | q = 0 | S = 0 | Stoichiometry = C26H28O9RuSi | MND = 7
Ru         6.69953        4.26509        4.08275
Si         9.07466        7.27331        3.99556
C          7.50090        3.08824       -2.35537
H          6.68608        3.80900       -2.19251
H          8.42546        3.64236       -2.52990
C          7.67568        2.23210       -1.09115
H          8.38350        1.42022       -1.28825
C          6.33640        1.66625       -0.58150
H          5.54519        1.74853       -1.33885
C          6.03018        2.48560        0.68301
H          5.06883        3.01471        0.65367
C          7.18223        3.50549        0.77765
C          5.90415        0.26524        1.17901
C          4.41227       -0.08698        1.12534
H          3.86864        0.65202        0.54118
H          4.01199       -0.10323        2.13452
H          4.28800       -1.06241        0.66490
C          6.68641       -0.74849        2.00010
H          6.53767       -1.74007        1.58528
H          6.33994       -0.71950        3.02808
H          7.74255       -0.49999        1.97233
C          7.69589        3.81723        2.15750
C          8.45659        3.22501        3.21659
C          9.18853        4.36147        3.88355
C          8.40475        5.57307        3.50680
C          7.67807        5.22866        2.33260
C          7.21114        5.85174        1.05313
H          6.41398        6.59375        1.13874
H          8.06841        6.30006        0.52855
C          9.00233        1.85841        3.27044
C          8.88091        1.09294        4.42584
H          8.31737        1.48618        5.26410
C          9.46732       -0.15644        4.50335
H          9.36761       -0.74122        5.40585
C         10.18304       -0.65571        3.42797
H         10.64279       -1.63100        3.48867
C         10.30830        0.10132        2.27446
H         10.86795       -0.28302        1.43404
C          9.72659        1.35385        2.19286
H          9.83085        1.94987        1.29904
C         10.79070        7.43746        3.18484
H         10.73531        7.40106        2.10004
H         11.43738        6.62872        3.51151
H         11.26325        8.37495        3.46040
C          9.16257        7.33533        5.89592
H          9.61857        8.25722        6.24309
H          9.75999        6.50827        6.26885
H          8.17558        7.26342        6.34787
C          7.86817        8.59419        3.32778
H          6.84639        8.40769        3.64546
H          7.87563        8.63841        2.24308
H          8.14765        9.57567        3.69445
C          7.19727        4.17430        5.91625
C          5.36909        5.59341        4.08723
C          5.48796        2.82532        4.11158
O          7.28988        2.31568       -3.50485
H          6.53203        1.73464       -3.37229
O          8.21349        3.00579       -0.02920
O          6.44750        0.34082       -0.13044
O          6.08143        1.56311        1.73487
O          6.69269        4.75614        0.29475
O         10.17604        4.31164        4.58951
O          7.47146        4.16180        7.02346
O          4.63004        6.46754        4.07083
O          4.77315        1.94217        4.21737
