65
CSD_code = MALYEF | q = 0 | S = 0 | Stoichiometry = C26H28O9RuSi | MND = 7
Ru         5.72095        1.16153        3.57004
Si         6.55031        4.13341        1.31958
C          6.19933        2.56141        9.32946
H          5.91060        3.46977        8.79555
H          5.31977        1.90933        9.40989
C          7.28062        1.82978        8.51776
H          7.54205        0.87426        8.98571
C          8.53929        2.69915        8.34749
H          8.51590        3.54862        9.03954
C          8.53059        3.10846        6.86235
H          8.55769        4.19463        6.70561
C          7.18480        2.54586        6.33414
C         10.55343        2.22489        7.38031
C         11.44114        3.44981        7.63967
H         10.83189        4.32234        7.86225
H         12.04131        3.65083        6.75734
H         12.09016        3.25012        8.48690
C         11.39280        0.99776        7.06050
H         12.12339        0.84394        7.84795
H         11.89431        1.14689        6.10989
H         10.74955        0.12710        6.98790
C          7.20919        2.12902        4.89271
C          7.92295        1.26168        4.00742
C          7.93396        1.96328        2.67493
C          6.79188        2.91561        2.74617
C          6.51821        3.11503        4.13311
C          6.04807        4.18419        5.07429
H          6.68395        5.07886        4.97317
H          5.00118        4.47990        4.97788
C          8.84626        0.18909        4.40065
C          8.56256       -0.60744        5.51186
H          7.68128       -0.40314        6.10410
C          9.39262       -1.65825        5.85012
H          9.15656       -2.27352        6.70681
C         10.51966       -1.93104        5.08945
H         11.16257       -2.75840        5.35154
C         10.81327       -1.13856        3.99333
H         11.69077       -1.34490        3.39824
C          9.98453       -0.08761        3.64505
H         10.20605        0.51610        2.77961
C          8.15760        5.14969        1.19111
H          9.00655        4.49035        1.03962
H          8.34448        5.73127        2.09009
H          8.11684        5.83930        0.35405
C          5.06929        5.26209        1.74039
H          4.84289        5.90912        0.90017
H          5.27379        5.89899        2.59545
H          4.17316        4.68963        1.96006
C          6.20320        3.11282       -0.24924
H          7.01755        2.41694       -0.42892
H          6.10635        3.74583       -1.12567
H          5.28708        2.53352       -0.15438
C          5.93712       -0.02853        2.09668
C          5.17266       -0.02676        4.92773
C          3.99484        1.82450        3.25970
O          6.66043        2.96623       10.58987
H          6.92380        2.18886       11.09623
O          6.80864        1.53432        7.20952
O          9.72668        1.96103        8.50229
O          9.65324        2.48326        6.30920
O          6.21956        3.61162        6.36920
O          8.66790        1.79001        1.71903
O          6.05477       -0.73495        1.20941
O          4.87064       -0.74710        5.75802
O          2.98204        2.30147        3.02081
