67
CSD_code = MATXOU | q = 0 | S = 0 | Stoichiometry = C23H39N3SiZr | MND = 8
Zr         3.08552        5.81604       12.42970
Si         5.44800        6.98637       10.91844
N          5.09208        5.58525       11.84921
N          2.55639        5.55130       14.39019
N          2.28893        4.11997       11.66350
C          3.68797        7.69485       11.04225
C          3.19335        8.27387       12.25474
C          1.79803        8.05290       12.32617
C          1.41279        7.31457       11.16605
C          2.57185        7.09028       10.38708
C          4.01475        9.12764       13.18752
C          0.79781        8.65297       13.27983
C         -0.02065        7.08534       10.76704
C          2.59574        6.49178        9.00698
C          6.04910        6.60715        9.12429
C          6.82175        8.16608       11.57447
C          6.08765        4.77496       12.51829
C          6.70593        5.54874       13.66627
C          5.86060        6.20369       14.55611
C          6.38299        6.95190       15.59625
C          7.75648        7.05895       15.75454
C          8.60170        6.40962       14.87213
C          8.07879        5.65600       13.83414
C          5.44734        3.48718       13.06831
C          2.42781        6.54611       15.43643
C          2.19527        4.25681       14.93750
C          2.86745        3.41293       10.54143
C          0.86875        3.86050       11.75027
H          4.62449        9.82086       12.60805
H          3.37487        9.72098       13.84147
H          4.69126        8.53571       13.81131
H          0.09917        9.29244       12.73430
H          0.21300        7.88077       13.78517
H          1.28168        9.26411       14.03943
H         -0.47298        8.02384       10.43302
H         -0.09879        6.37360        9.94714
H         -0.61328        6.71473       11.60518
H          2.60312        7.28438        8.25381
H          3.48349        5.88154        8.85724
H          1.71353        5.87745        8.82744
H          7.13050        6.67356        9.06714
H          5.77077        5.60682        8.80678
H          5.64380        7.30984        8.40485
H          7.79431        7.72823       11.37359
H          6.79437        9.13300       11.08357
H          6.76192        8.32866       12.64455
H          6.89450        4.49134       11.81963
H          4.78145        6.11045       14.40112
H          5.72140        7.45639       16.28698
H          8.16493        7.64877       16.56194
H          9.67231        6.49298       14.99070
H          8.74316        5.15263       13.14593
H          5.12253        2.84929       12.24805
H          6.16664        2.94028       13.67755
H          4.57592        3.75434       13.67681
H          1.38645        6.61190       15.80790
H          3.05389        6.29220       16.31541
H          2.72851        7.53323       15.07743
H          1.16433        4.26534       15.34175
H          2.25708        3.48314       14.16614
H          2.85851        3.97286       15.77946
H          2.86660        2.31879       10.71190
H          2.30021        3.58363        9.60557
H          3.90073        3.74654       10.39227
H          0.66539        2.79330       11.96358
H          0.42616        4.45912       12.55616
H          0.34348        4.09377       10.80206
