52
CSD_code = MEGYAA | q = 0 | S = 0 | Stoichiometry = C20H29NSiZr | MND = 14
Zr         3.38807        6.12914        3.75427
C          4.26229        5.11371        5.64507
Si         5.74426        5.22585        6.75498
C          5.90093        7.10191        7.16494
H          5.37631        7.34364        8.08545
H          5.47277        7.72128        6.37681
H          6.93658        7.40146        7.29989
C          7.43965        4.61614        6.08880
H          8.19404        4.64292        6.87015
H          7.79874        5.23029        5.26854
H          7.37675        3.59209        5.73191
C          5.40150        4.28127        8.38337
H          6.15145        4.50728        9.13508
H          5.40367        3.20784        8.22438
H          4.43224        4.54891        8.79198
C          3.43473        4.24817        5.18219
C          2.37738        3.95238        4.36256
H          1.52149        3.37976        4.71768
N          2.49139        4.39388        3.05435
C          1.58644        3.87521        2.04041
C          2.06557        2.48531        1.58151
H          3.09163        2.54508        1.22438
H          1.43258        2.10336        0.78390
H          2.03809        1.78906        2.41713
C          0.12465        3.76370        2.52557
H          0.00374        2.94137        3.22642
H         -0.53189        3.57448        1.67956
H         -0.18583        4.68614        3.01355
C          1.63595        4.85724        0.85537
H          1.49291        5.88107        1.21816
H          0.85640        4.62235        0.13352
H          2.59756        4.79359        0.35140
C          5.71438        5.54929        2.96155
H          6.28970        4.71801        3.34741
C          5.75457        6.88210        3.43246
H          6.40299        7.25575        4.21418
C          4.97280        7.67114        2.56332
H          4.92282        8.75371        2.56531
C          4.42237        6.82476        1.57389
H          3.88762        7.15559        0.68985
C          4.90435        5.51701        1.81279
H          4.77897        4.65932        1.16574
C          2.34618        7.42187        5.63449
H          2.63544        7.34842        6.67521
C          1.29085        6.71336        5.02237
H          0.64031        6.00241        5.51634
C          1.13357        7.20806        3.70641
H          0.30743        6.98784        3.04003
C          2.08186        8.23938        3.51474
H          2.12075        8.90651        2.65954
C          2.83276        8.36726        4.70419
H          3.55206        9.14938        4.91902
