67
CSD_code = MIKNUP | q = 0 | S = 0 | Stoichiometry = C26H35MoN3Si2 | MND = 5
Mo         9.47750        1.28074        2.22382
Si        12.22000        2.76309        3.65307
Si         8.35569        2.80827       -0.62655
N         10.08456       -0.26433        1.71890
N         10.62506        2.71731        2.95834
N          8.80197        2.69837        1.05384
C         10.59290       -1.43335        1.29730
C         11.61660       -1.47965        0.33591
C         12.13093       -2.68765       -0.08391
C         11.64592       -3.87911        0.43320
C         10.63526       -3.84968        1.38229
C         10.11245       -2.64950        1.81339
C          9.64352        3.66190        3.05686
C          8.66758        3.67269        2.00430
C          7.71018        4.68986        1.98139
C          7.68299        5.65679        2.96354
C          8.60527        5.62673        4.00376
C          9.57031        4.64303        4.05156
C         13.09390        1.34170        2.73185
C         12.18962        2.38415        5.53123
C         13.05898        4.44476        3.30031
C          9.26450        1.29743       -1.35639
C          6.47824        2.63598       -0.94684
C          9.01914        4.45027       -1.34929
C          8.69556        0.71244        4.12659
C          7.62658        0.60724        3.11252
C          6.47587        1.51612        3.07597
C          6.34866        2.65976        3.87062
C          5.24468        3.48504        3.76043
C          4.23811        3.20241        2.85452
C          4.33947        2.06793        2.06367
C          5.43416        1.23777        2.17967
H         11.98803       -0.54351       -0.06027
H         12.91899       -2.70359       -0.82359
H         12.05197       -4.82231        0.10009
H         10.25305       -4.77500        1.78977
H          9.32422       -2.61329        2.55491
H          6.98873        4.70276        1.17819
H          6.93846        6.43759        2.92569
H          8.57141        6.38173        4.77531
H         10.29796        4.62438        4.84980
H         12.51109        0.42470        2.81186
H         14.08082        1.14784        3.13738
H         13.21148        1.56820        1.67518
H         11.88624        3.24105        6.12572
H         13.17155        2.08068        5.87950
H         11.49866        1.57168        5.74403
H         13.08498        4.65420        2.23467
H         14.08202        4.44456        3.66173
H         12.53903        5.26747        3.78103
H         10.34122        1.44951       -1.36615
H          8.95337        1.09496       -2.37546
H          9.06069        0.40680       -0.75998
H          6.10571        1.69028       -0.56475
H          6.27054        2.66745       -2.01184
H          5.89846        3.42388       -0.47565
H          8.48996        5.30703       -0.94325
H          8.90514        4.47320       -2.42807
H         10.07419        4.58189       -1.12402
H          8.96702       -0.23973        4.59030
H          8.54195        1.46736        4.90264
H          7.32906       -0.42205        2.87082
H          7.10973        2.91483        4.59546
H          5.17291        4.35923        4.39175
H          3.37914        3.85161        2.77120
H          3.55488        1.82873        1.35964
H          5.49953        0.34477        1.57021
