66
CSD_code = MINDES | q = 0 | S = 0 | Stoichiometry = C23H28NO9PSSi2W | MND = 6
W          1.06186        8.32744        7.79592
S          4.63538        5.04784        4.84553
P          0.90231        7.45039        5.49538
Si         2.39376        8.96815        3.37960
Si        -0.76762        7.97581        2.95273
N          2.18681        6.51192        5.05767
C          1.24224        9.09631        9.61589
O          1.34104        9.54451       10.66391
C          1.79820       10.03235        7.06450
O          2.12545       11.05563        6.67352
C         -0.70656        9.22767        7.60725
O         -1.69046        9.80043        7.49836
C          0.26995        6.65693        8.56781
O         -0.15433        5.72093        9.06393
C          2.82990        7.39784        7.93610
O          3.80645        6.81203        8.01001
O         -0.68287        3.60792        6.95353
O         -1.91842        6.90612        6.86611
O          0.15981        2.55332        5.15749
O         -2.43818        5.27780        5.40361
C          0.64094        8.59294        4.11620
H          0.28453        9.51299        4.58916
C          2.24216       10.67794        2.54383
H          3.21309       10.99135        2.17668
H          1.89782       11.43656        3.23962
H          1.56269       10.66995        1.70064
C          2.85460        7.63551        2.09773
H          3.75271        7.92714        1.56300
H          2.07052        7.47883        1.36485
H          3.05574        6.68625        2.58264
C          3.77604        9.10951        4.68573
H          3.52546        8.56516        5.59145
H          3.97246       10.14286        4.95597
H          4.70158        8.68908        4.30398
C         -0.77361        9.02855        1.36239
H         -1.62623        8.75560        0.74920
H          0.11908        8.88151        0.76525
H         -0.85745       10.08742        1.58205
C         -2.41916        8.31081        3.85778
H         -2.97345        9.11380        3.38083
H         -2.25849        8.59862        4.89314
H         -3.05598        7.43122        3.85181
C         -0.53277        6.14256        2.48952
H         -1.19446        5.50054        3.06320
H          0.48482        5.80995        2.67064
H         -0.75140        5.97409        1.43933
C         -0.19721        6.01036        5.59374
C          0.57978        4.88815        5.51328
C          1.95153        5.22646        5.16641
C          0.01985        3.54883        5.82059
C         -1.39273        2.43779        7.33652
H         -2.34981        2.40953        6.81176
H         -1.54871        2.50958        8.41023
H         -0.81581        1.54592        7.08511
C         -1.62353        5.99483        5.93028
C         -3.27852        6.96277        7.28235
H         -3.94047        6.81979        6.42645
H         -3.42816        7.94349        7.72703
H         -3.46958        6.18123        8.02010
C          3.05083        4.33050        4.97560
C          3.11582        2.96404        4.84159
H          2.25215        2.32646        4.85982
C          4.42531        2.49972        4.64543
H          4.67604        1.46157        4.52165
C          5.34445        3.50723        4.62878
H          6.40569        3.42557        4.49853
