70
CSD_code = MIWWUK | q = 0 | S = 0 | Stoichiometry = C30H36NNbSi2 | MND = 12
Nb         5.79999        8.47402        8.60498
Si         5.93804       10.50390       11.76658
Si         7.04404        5.08698        8.76021
N          4.45231        7.46029        9.19475
C          5.43695        7.97755        6.57466
C          5.29842        7.77663        5.38451
C          4.97514        8.94705       12.32680
C          7.70468       10.48228       12.48878
C          5.02327       12.06921       12.36478
C          5.91551        4.74907        7.25714
C          8.69080        4.12374        8.58506
C          6.17123        4.55715       10.37672
C          6.01056       10.50482        9.88600
C          7.17149       10.44373        9.07014
C          6.80339       10.63270        7.73742
C          5.40418       10.83535        7.69461
C          4.91838       10.76237        9.00932
C          7.45576        6.95664        8.86600
C          8.05544        7.36527       10.13557
C          9.25254        7.98122        9.89932
C          9.47755        8.01578        8.49674
C          8.42269        7.41445        7.87027
C          5.11754        7.48944        4.00692
C          4.58206        6.25913        3.61883
C          4.40717        5.97420        2.27886
C          4.75941        6.90528        1.31384
C          5.29044        8.12784        1.69328
C          5.47143        8.42233        3.03085
C          3.30862        6.78552        9.38976
C          2.89122        6.31500       10.64794
C          1.70501        5.62218       10.78135
C          0.90148        5.37692        9.67973
C          1.29392        5.83865        8.43064
C          2.47410        6.53231        8.28038
H          4.96962        8.84123       13.40804
H          5.41125        8.04197       11.90051
H          3.93970        8.99761       11.99482
H          8.27197       11.35270       12.17197
H          8.25611        9.59766       12.18536
H          7.67192       10.49212       13.57366
H          4.96769       12.08554       13.44832
H          4.00780       12.11125       11.98344
H          5.53176       12.97462       12.04763
H          4.95904        5.24909        7.39286
H          5.73487        3.68682        7.13043
H          6.35660        5.12519        6.33894
H          9.39202        4.39893        9.36670
H          9.16852        4.32902        7.63262
H          8.52665        3.05337        8.64891
H          5.36370        5.24570       10.60627
H          6.85523        4.53437       11.21911
H          5.74227        3.56598       10.27781
H          8.18687       10.37981        9.43988
H          7.47643       10.70932        6.89206
H          4.82748       11.09569        6.81460
H          3.89981       10.97140        9.31943
H          7.64060        7.11875       11.10387
H          9.92937        8.38058       10.63815
H         10.34332        8.45076        8.02416
H          8.32633        7.22353        6.80900
H          4.31130        5.54079        4.37875
H          3.99363        5.02110        1.98237
H          4.62052        6.67856        0.26698
H          5.56488        8.85371        0.94129
H          5.88569        9.37414        3.33151
H          3.51092        6.50475       11.51214
H          1.40252        5.26816       11.75653
H         -0.02377        4.83238        9.79211
H          0.66857        5.65314        7.56916
H          2.80094        6.90524        7.31625
