96
CSD_code = MIZVOG | q = 0 | S = 0 | Stoichiometry = C37H43BF10N2Si2Zr | MND = 13
Zr         1.35633       -4.34507       17.78462
B         -0.23042       -5.94813       18.54881
C         -0.73210       -5.53239       17.17273
H         -1.67214       -5.09174       16.85382
C          0.21478       -5.97857       16.22405
H          0.08572       -5.95211       15.14627
C          1.29871       -6.64267       16.85954
H          2.03243       -7.24510       16.33106
C          1.11809       -6.63658       18.26358
H          1.75516       -7.23878       18.90499
C         -0.78086       -5.74740       19.97901
C         -2.11903       -5.80199       20.40589
C         -2.48824       -5.71871       21.73626
C         -1.51275       -5.58289       22.72706
C         -0.17128       -5.50476       22.34973
C          0.15347       -5.58437       21.01436
F         -3.08432       -5.92639       19.47878
F         -3.78060       -5.76205       22.09369
F         -1.85932       -5.49643       24.02336
F          0.77894       -5.31026       23.28454
F          1.45917       -5.37150       20.61998
C          0.09534       -2.21184       16.99219
Si        -1.63484       -1.61899       17.42516
C         -1.58186        0.18704       18.07279
H         -1.92215        0.26210       19.10095
H         -2.23703        0.81522       17.47878
H         -0.58798        0.61859       18.01045
C         -2.50658       -2.74238       18.71203
H         -3.03224       -3.55589       18.22285
H         -3.24942       -2.18872       19.27914
H         -1.81002       -3.19306       19.41587
C         -2.69564       -1.63470       15.83636
H         -2.23454       -1.05553       15.04231
H         -3.67712       -1.21095       16.02552
H         -2.84763       -2.64266       15.46377
C          0.34658       -3.04778       15.88589
H         -0.41725       -3.43028       15.22588
C          1.74009       -3.14449       15.64536
Si         2.46551       -3.74148       14.01190
C          1.04688       -3.80542       12.72860
H          1.43647       -4.05245       11.74619
H          0.54080       -2.84883       12.64778
H          0.30033       -4.55392       12.97531
C          3.75791       -2.48269       13.39006
H          4.62167       -2.43134       14.04251
H          3.33526       -1.48497       13.32410
H          4.11179       -2.75657       12.40119
C          3.23191       -5.49657       14.11888
H          4.20102       -5.52293       13.63130
H          2.60492       -6.23102       13.62288
H          3.36736       -5.81838       15.14867
C          2.36134       -2.30773       16.62030
H          3.41194       -2.04800       16.62863
C          1.37239       -1.74770       17.43656
H          1.53534       -0.96782       18.16914
N          3.38477       -3.96392       18.86843
C          4.40123       -3.47821       19.82913
C          4.14058       -1.97421       19.98091
H          4.41061       -1.45057       19.06608
H          4.73194       -1.56977       20.79916
H          3.08614       -1.80265       20.17962
C          5.85572       -3.68662       19.40062
H          6.12225       -4.73992       19.38847
H          6.50510       -3.18604       20.11525
H          6.03982       -3.25410       18.42066
C          4.16057       -4.19686       21.16068
H          3.17717       -3.96004       21.55352
H          4.91144       -3.89479       21.88675
H          4.22217       -5.27365       21.02102
C          3.59002       -4.77809       17.91414
C          4.75092       -5.48919       17.44998
C          5.53548       -5.00150       16.39094
C          6.47039       -5.77758       15.73630
C          6.65614       -7.10504       16.12131
C          5.89157       -7.63087       17.16373
C          4.96138       -6.83430       17.80288
F          5.33753       -3.71580       16.02392
F          7.20172       -5.26105       14.74094
F          7.56404       -7.86856       15.49730
F          6.07302       -8.90042       17.54456
F          4.21229       -7.32968       18.80886
C          0.68247       -3.07670       19.64523
N          0.54791       -2.40549       20.58642
C          0.33023       -1.53061       21.67248
C         -1.13433       -1.67366       22.09648
H         -1.79724       -1.40898       21.27678
H         -1.33454       -1.01446       22.93651
H         -1.34808       -2.69574       22.40066
C          0.62472       -0.10294       21.20161
H          1.66890        0.00214       20.91468
H          0.42004        0.59297       22.01046
H         -0.00017        0.15544       20.35139
C          1.26925       -1.92110       22.81668
H          1.09484       -2.94320       23.13756
H          1.09334       -1.26395       23.66385
H          2.30924       -1.82396       22.51494
