94
CSD_code = MOGPOO | q = 0 | S = 0 | Stoichiometry = C33H52ClN5Si2Zr | MND = 5
C          8.51241        4.29377        4.75286
H          7.89078        5.13722        5.09536
H          8.90901        3.80416        5.65532
C          7.52363        3.27416        4.09826
C          6.60936        3.94879        3.01873
H          5.75028        3.27602        2.87933
H          6.21921        4.87171        3.48184
C          6.57983        2.81509        5.21955
H          5.85587        2.08959        4.85526
H          6.02975        3.67656        5.59180
H          7.13104        2.38448        6.05278
C          8.31900        2.14374        3.50594
C          8.21802        0.82786        3.96720
H          7.53214        0.57566        4.75746
C          9.00155       -0.16375        3.40922
H          8.92728       -1.18149        3.76200
C          9.88285        0.17669        2.39315
H         10.51726       -0.56048        1.92875
C          9.92903        1.49564        1.98492
H         10.60585        1.79721        1.19118
C         11.03703        6.08159        6.21005
H         10.32794        6.90152        6.14966
H         11.99688        6.49808        6.49362
H         10.71092        5.43047        7.01482
C         11.95181        6.25446        3.22728
H         11.89096        5.80141        2.23668
H         13.00089        6.41326        3.45401
H         11.48053        7.23316        3.19327
C         12.29045        3.58491        4.79432
C         11.52213        2.44589        5.46702
H         12.16112        1.57136        5.59716
H         10.66533        2.15321        4.86369
H         11.16373        2.74895        6.44920
C         12.77256        3.10479        3.42293
H         13.27696        2.14109        3.50490
H         13.47417        3.81572        2.99385
H         11.93399        3.00211        2.73292
C         13.51212        3.91744        5.65234
H         13.21366        4.19483        6.65991
H         14.07190        4.74417        5.22237
H         14.17668        3.05581        5.71914
C          4.59579        4.47576        0.28322
H          3.98469        3.70222        0.73737
H          4.21212        4.65199       -0.71531
H          4.45437        5.38218        0.86167
C          7.44701        5.03847       -0.97277
H          7.10753        6.06848       -0.97769
H          7.35387        4.67019       -1.98872
H          8.50777        5.02435       -0.70363
C          6.53662        2.13605       -0.39421
C          6.17259        1.15321        0.71982
H          5.15931        1.33195        1.07491
H          6.85234        1.25907        1.56201
H          6.22781        0.12342        0.36381
C          7.96686        1.84797       -0.86068
H          8.11513        0.77967       -1.02414
H          8.69260        2.19369       -0.12300
H          8.17387        2.36198       -1.79584
C          5.58586        1.90405       -1.57009
H          5.78645        2.60847       -2.37328
H          4.55124        2.02698       -1.26139
H          5.70627        0.89474       -1.96430
C          8.30647        8.24538       -0.08539
C          9.17031        7.95059       -1.14968
H          9.78622        7.06243       -1.10284
C          9.22348        8.77042       -2.25815
H          9.88890        8.51857       -3.07102
C          8.43422        9.90628       -2.33550
H          8.47724       10.54458       -3.20470
C          7.59736       10.22055       -1.27576
H          6.99372       11.11603       -1.31344
C          7.53440        9.41173       -0.16001
H          6.90451        9.69165        0.67032
C          7.34517        7.46575        2.03417
C          5.98294        7.59952        1.72682
H          5.67612        7.66933        0.69440
C          5.04055        7.63280        2.73324
H          3.99485        7.73439        2.48041
C          5.42116        7.54299        4.06431
H          4.67987        7.58877        4.84751
C          6.76488        7.39372        4.37687
H          7.06922        7.34457        5.41357
C          7.72195        7.33187        3.38164
H          8.77453        7.23062        3.63084
Cl        10.87836        4.09559        0.32406
N          9.58117        4.77128        3.91911
N          7.22020        4.25792        1.75693
N          9.17304        2.46235        2.51685
N          9.44374        6.64334        1.29517
H         10.28671        7.21106        1.15199
N          8.31348        7.43904        1.04339
Si        11.12708        5.13140        4.53981
Si         6.44967        3.97521        0.26222
Zr         9.20184        4.72213        1.90159
