70
CSD_code = NADPAM | q = 1 | S = 0 | Stoichiometry = C35H33SiZr(1+) | MND = 11
Zr         0.62643        9.64800        3.69229
Si         2.86637       11.26610        5.70357
C          4.53051       10.48998        6.20820
H          5.30577       11.24685        6.14828
H          4.85049        9.65232        5.60119
H          4.48702       10.15929        7.24082
C          2.57996       11.37207        3.81650
C          1.48507       12.14363        3.29320
C          0.97701       11.46899        2.13465
C          1.84467       10.36565        1.84269
H          1.90545        9.83830        0.89706
C          2.81857       10.32518        2.88528
C          3.94170        9.32787        2.92439
H          3.77115        8.56011        3.68797
H          4.88460        9.82724        3.14299
H          4.03646        8.83294        1.95784
C          0.91028       13.38187        3.64664
H          1.38047       14.00348        4.39319
C         -0.22703       13.80548        2.99917
H         -0.65320       14.76854        3.23058
C         -0.92511       12.94040        2.13360
H         -1.92781       13.19147        1.82204
C         -0.34761       11.76502        1.71221
C         -1.09835       10.56200        1.26776
C         -1.12285       10.01625       -0.00645
H         -0.66445       10.54882       -0.82604
C         -1.75457        8.79917       -0.22212
H         -1.78467        8.38576       -1.21818
C         -2.34673        8.11228        0.82650
H         -2.83412        7.16763        0.64443
C         -2.33704        8.64717        2.10707
H         -2.83980        8.13139        2.91668
C         -1.70153        9.86492        2.33570
H         -1.82420       10.38369        3.30131
C          2.76791       12.92560        6.63181
H          3.04673       12.77192        7.66930
H          1.79303       13.39618        6.62616
H          3.47992       13.62742        6.20980
C          1.32773       10.14614        5.95257
C          1.32020        8.70852        5.81270
C         -0.05215        8.26660        5.65201
C         -0.87252        9.44022        5.64191
H         -1.95569        9.44850        5.70613
C         -0.03940       10.56086        5.87559
C         -0.59692       11.92154        6.18448
H         -1.68328       11.91671        6.08570
H         -0.19601       12.70292        5.53919
H         -0.36059       12.18383        7.21617
C          2.34493        7.74134        5.86309
H          3.36605        8.03320        6.06047
C          2.01236        6.40996        5.76426
H          2.78698        5.66130        5.83066
C          0.68402        5.98819        5.60972
H          0.47187        4.93102        5.56665
C         -0.36276        6.88755        5.56253
C         -1.76021        6.43866        5.42401
C         -2.74811        6.90663        6.28805
H         -2.47607        7.56802        7.09750
C         -4.05889        6.48908        6.14602
H         -4.81320        6.84968        6.82890
C         -4.40301        5.60385        5.13751
H         -5.42655        5.28110        5.02668
C         -3.42559        5.12246        4.28218
H         -3.68616        4.42095        3.50413
C         -2.11213        5.53146        4.42662
H         -1.35188        5.14762        3.76109
C          0.70864        7.70106        2.65929
H          0.68594        7.77462        1.56121
H         -0.13076        7.04865        2.93444
H          1.63085        7.15441        2.91927
