67
CSD_code = NAJXOL | q = 0 | S = 0 | Stoichiometry = C26H36NSi3Y | MND = 15
Y          6.30632        3.18254        3.72108
Si         6.30643       -0.30774        3.72086
Si         6.02798        6.05591        5.22905
N          6.30632        5.26477        3.72100
C          7.27285       -1.49918        2.57923
C          5.63098        0.75655        0.35730
C          7.59076        6.82063        6.00972
C          4.67856        7.39591        5.17662
C          5.14442        0.95177        2.90642
C          5.07688        1.43486        1.57324
C          4.32624        2.61736        1.51889
C          3.87517        2.93152        2.82474
C          3.03932        3.93738        3.34507
C          2.74776        3.94754        4.68801
C          3.25847        2.96591        5.55403
C          4.06836        1.94762        5.09495
C          4.39154        1.88685        3.71367
H          7.92805       -1.00122        1.87523
H          6.59376       -2.13378        2.01946
H          7.89320       -2.14878        3.18838
H          5.57118        4.92739        6.13851
H          6.43958        1.34197       -0.08349
H          6.00263       -0.23296        0.60071
H          4.85197        0.65715       -0.39777
H          7.98781        7.62139        5.39497
H          8.37258        6.07741        6.12683
H          7.37648        7.23238        6.99073
H          5.02003        8.27255        4.63572
H          3.78602        7.02757        4.68277
H          4.40015        7.71327        6.17601
H          4.06451        3.15039        0.61867
H          2.61078        4.67789        2.68308
H          2.09734        4.70904        5.09208
H          2.98349        2.99888        6.59912
H          4.37820        1.15441        5.76536
Si         6.58481        6.05581        2.21293
C          5.02214        6.82062        1.43215
H          4.62497        7.62124        2.04701
H          4.24035        6.07740        1.31476
H          5.23656        7.23258        0.45126
C          7.93434        7.39570        2.26537
H          7.59285        8.27240        2.80617
H          8.82679        7.02734        2.75937
H          8.21289        7.71296        1.26600
H          7.04156        4.92721        1.30354
C          5.34011       -1.49927        4.86251
H          4.68484       -1.00141        5.56653
H          6.01925       -2.13384        5.42227
H          4.71981       -2.14892        4.25336
C          7.46834        0.95196        4.53517
C          7.53585        1.43517        5.86831
C          6.98170        0.75695        7.08428
H          6.17364        1.34269        7.52545
H          6.60942       -0.23223        6.84088
H          7.76077        0.65691        7.83909
C          8.22128        1.88697        3.72786
C          8.28651        2.61766        5.92259
C          8.73766        2.93168        4.61672
C          9.57351        3.93750        4.09634
C          9.86508        3.94758        2.75340
C          9.35439        2.96588        1.88746
C          8.54448        1.94764        2.34660
H          8.23458        1.15442        1.67622
H          9.62935        2.99880        0.84236
H         10.51550        4.70906        2.34928
H         10.00205        4.67806        4.75828
H          8.54829        3.15073        6.82277
