93
CSD_code = NAWLOM | q = 0 | S = 0 | Stoichiometry = C38H36BF15Si2Zr | MND = 14
Zr         4.30774        9.06713        4.51720
C          2.75633        9.99659        6.18288
C          3.68429       11.00877        5.81622
H          3.42470       11.96507        5.37982
C          4.98539       10.65139        6.26285
C          4.84751        9.40131        6.93341
H          5.63180        8.91074        7.49690
C          3.50292        9.00419        6.87921
H          3.07726        8.14729        7.38909
Si         0.87837       10.13902        6.07365
C          0.05462        9.01506        4.75339
H         -0.30550        8.09457        5.19957
H          0.71347        8.75029        3.93025
H         -0.80823        9.51817        4.32758
C          0.14736        9.70455        7.78228
H          0.60062       10.29335        8.57347
H          0.29550        8.65691        8.02269
H         -0.92088        9.89385        7.80038
C          0.47806       11.95934        5.64451
H          0.92818       12.64461        6.35557
H         -0.59407       12.12428        5.66874
H          0.82447       12.23523        4.65273
Si         6.45520       11.82498        6.34901
C          8.12071       10.88752        6.37604
H          8.90749       11.53921        6.74252
H          8.42139       10.54538        5.39094
H          8.08747       10.02450        7.03332
C          6.36457       12.99982        4.84241
H          7.33610       13.43142        4.62495
H          5.68482       13.82416        5.03358
H          6.01538       12.48992        3.94634
C          6.30448       12.84316        7.95937
H          5.34372       13.34461        8.02340
H          7.07735       13.60321        8.01259
H          6.40250       12.21240        8.83729
C          6.33316        9.20689        3.65113
H          7.06056        8.82982        4.39356
H          6.59849       10.26842        3.50029
C          6.60769        8.50888        2.33622
C          7.78964        9.04177        1.55492
H          8.54189        8.26525        1.41341
H          8.25823        9.87508        2.07267
H          7.48387        9.38276        0.56632
C          5.90272        7.48755        1.82778
C          6.22759        6.88725        0.48652
H          5.93884        7.56892       -0.31492
H          5.69311        5.95158        0.35034
H          7.29079        6.68902        0.37804
C          4.68408        6.90658        2.50099
H          3.87419        6.89233        1.76960
H          4.41317        7.62279        3.29113
C          4.20934       11.93894        2.19196
H          3.63741       12.55177        2.87316
H          4.93840       12.44891        1.58645
C          3.98865       10.62522        2.08226
H          4.54937       10.06421        1.33430
C          3.02196        9.86471        2.88292
H          2.57252        9.05539        2.29011
H          2.23397       10.52928        3.25972
B          4.90386        5.42295        3.21798
C          4.63912        4.17814        2.18823
C          5.42562        3.03959        2.02081
C          5.11727        2.02973        1.11223
C          3.95995        2.10532        0.34927
C          3.10467        3.18159        0.54718
C          3.45109        4.17033        1.45815
F          6.50408        2.83259        2.78279
F          5.92680        0.97399        0.98734
F          3.65505        1.14665       -0.52879
F          1.94827        3.25824       -0.12389
F          2.54110        5.14822        1.65836
C          6.39199        5.59903        3.86296
C          6.49544        6.35536        5.01949
C          7.67613        6.67303        5.67054
C          8.87834        6.23973        5.13025
C          8.84171        5.56855        3.91079
C          7.62657        5.28572        3.28996
F          5.34931        6.98171        5.52768
F          7.62832        7.44557        6.76575
F         10.03729        6.51791        5.72754
F          9.98649        5.22978        3.31680
F          7.69538        4.76885        2.06505
C          3.83289        5.10015        4.45669
C          3.86596        3.83990        5.06493
C          2.99123        3.42945        6.06744
C          2.02227        4.30292        6.54900
C          1.97463        5.57786        6.00520
C          2.85403        5.92791        4.98812
F          4.79660        2.95235        4.70986
F          3.09453        2.20430        6.58080
F          1.18612        3.94113        7.52010
F          1.11606        6.49046        6.47047
F          2.73288        7.25817        4.57578
