130
CSD_code = NAXYUJ | q = 0 | S = 0 | Stoichiometry = C51H74N2PScSi | MND = 5
Sc         4.84092       14.91483       14.12724
P          2.25397       16.12027       14.08886
Si         1.88121       13.60143       12.08805
N          6.40378       15.14270       12.62077
N          5.57971       16.76074       15.04094
C          8.83023       15.33839       12.19951
H          9.37462       14.49620       12.62636
H          9.48732       16.20474       12.22363
H          8.58808       15.10335       11.16608
C          7.58270       15.58691       13.02176
C          7.79403       16.33267       14.18698
H          8.83024       16.57495       14.38155
C          6.88566       16.96560       15.04366
C          7.51697       17.97528       15.97986
H          7.99179       18.76822       15.40412
H          8.29220       17.49023       16.57149
H          6.78210       18.41988       16.64609
C          6.29348       14.60318       11.30762
C          5.86091       15.44999       10.27169
C          5.80220       14.96045        8.97539
H          5.49694       15.61151        8.17165
C          6.13591       13.65077        8.69109
H          6.09097       13.28599        7.67583
C          6.51491       12.80884        9.71718
H          6.75554       11.78042        9.49464
C          6.60586       13.26336       11.02548
C          6.99686       12.29111       12.11386
H          7.08089       12.84127       13.05763
C          5.89358       11.24040       12.27139
H          4.94163       11.72835       12.48129
H          6.13240       10.56102       13.08712
H          5.78642       10.65512       11.36089
C          8.33924       11.61305       11.82882
H          8.26807       10.95038       10.96989
H          8.64485       11.02025       12.68856
H          9.11276       12.34970       11.62486
C          5.47745       16.88547       10.55737
H          5.21751       16.96159       11.62397
C          4.26425       17.32268        9.73250
H          4.53850       17.50602        8.69618
H          3.84608       18.24244       10.13361
H          3.49138       16.55731        9.75463
C          6.66482       17.81642       10.29613
H          7.49094       17.57813       10.96162
H          6.37609       18.85198       10.46390
H          7.00837       17.71508        9.26817
C          4.74141       17.67910       15.73084
C          4.15673       17.34336       16.96494
C          3.31169       18.25217       17.58453
H          2.87069       18.00439       18.53715
C          3.02602       19.47334       17.00597
H          2.36248       20.16767       17.50027
C          3.59766       19.79960       15.79290
H          3.37181       20.75407       15.34202
C          4.46150       18.92748       15.14720
C          5.04927       19.33586       13.81529
H          5.73867       18.55611       13.47456
C          3.93366       19.46970       12.77743
H          3.41393       18.51951       12.66067
H          4.34769       19.76945       11.81711
H          3.20275       20.21524       13.08163
C          5.83318       20.64615       13.92578
H          5.16888       21.48132       14.13344
H          6.35257       20.85036       12.99140
H          6.56901       20.59114       14.72449
C          4.46570       16.02610       17.63891
H          4.79493       15.32226       16.85685
C          3.24827       15.41987       18.34012
H          3.03489       15.93411       19.27435
H          3.44166       14.37508       18.57432
H          2.36853       15.47239       17.70288
C          5.60596       16.19963       18.64796
H          6.52335       16.50266       18.15100
H          5.78916       15.26208       19.16891
H          5.34558       16.95783       19.38456
C          2.94342       14.95937       12.85998
H          3.34981       15.61886       12.07006
C          2.66222       13.22719       10.37950
H          2.49616       14.03352        9.67188
H          2.23445       12.32796        9.94956
H          3.73471       13.07994       10.45593
C          2.00097       12.00485       13.14520
H          2.91667       11.97315       13.73309
H          1.98118       11.12194       12.51386
H          1.16675       11.93130       13.83521
C          0.00727       13.88326       11.79393
H         -0.46768       14.30137       12.67587
H         -0.48721       12.94180       11.57107
H         -0.18769       14.55784       10.96585
C          1.06719       15.07651       15.00549
C          1.59846       13.99250       15.69934
H          2.67014       13.80911       15.63639
C          0.78731       13.15933       16.44512
H          1.21531       12.31791       16.97084
C         -0.57393       13.40689       16.52182
H         -1.21288       12.75924       17.10391
C         -1.10995       14.49301       15.85131
H         -2.17038       14.69327       15.90994
C         -0.29803       15.32602       15.10150
H         -0.73293       16.16914       14.58437
C          1.08823       17.28137       13.26473
C          0.83962       17.27378       11.89940
H          1.26169       16.49017       11.28672
C          0.05115       18.25774       11.32928
H         -0.14761       18.24001       10.26677
C         -0.47915       19.26735       12.11447
H         -1.09248       20.03598       11.66681
C         -0.21110       19.29821       13.47491
H         -0.61330       20.09307       14.08726
C          0.57799       18.31867       14.04449
H          0.80949       18.34090       15.10227
C          5.45543       13.17453       15.44935
H          4.80638       13.01024       16.33071
H          5.44840       12.19637       14.93269
C          6.88688       13.33504       16.01203
H          6.96170       14.23679       16.63263
H          7.60560       13.44907       15.19035
C          7.34848       12.13522       16.86073
H          7.19411       11.21917       16.28651
H          8.42117       12.23038       17.05510
C          6.62038       12.03539       18.19980
H          5.56610       11.80622       18.03301
H          6.67513       13.00748       18.69792
C          7.21269       10.97753       19.13117
H          8.27903       11.17365       19.26904
H          6.73292       11.06601       20.10965
C          7.02319        9.55417       18.61882
H          7.56966        9.39829       17.69225
H          5.96943        9.35338       18.43584
H          7.38670        8.83638       19.35108
