70
CSD_code = NECZEA | q = 0 | S = 0 | Stoichiometry = C16H39F3MoN4O3SSi3 | MND = 5
Mo         3.44139        2.91285        7.60304
S          3.39978        1.91050        4.26106
Si         1.96813       -0.04247        7.42198
Si         1.09918        4.95514        6.51400
Si         6.39875        2.79774        7.44293
F          3.59432        2.87728        1.76598
F          2.16005        3.91088        2.99455
F          4.27073        4.21628        3.31500
O          3.56139        2.73156        5.47261
O          4.58328        1.19239        3.90267
O          2.14134        1.24748        4.11783
N          2.08384        1.56029        8.08996
N          2.39093        4.54013        7.61248
N          5.08564        2.20898        8.42620
N          3.13591        3.33062        9.83304
C          3.34555        3.29850        3.00394
C          1.27941        1.89124        9.24392
H          0.65965        1.05389        9.57351
H          0.61668        2.73288        8.98820
C          2.22623        2.30346       10.36780
H          1.69677        2.67179       11.25622
H          2.80711        1.42134       10.64269
C          2.74582        5.44209        8.67545
H          2.13884        6.35217        8.69230
H          3.80106        5.73941        8.58829
C          2.53693        4.66521        9.98016
H          2.95124        5.19554       10.84566
H          1.45897        4.55683       10.11900
C          5.21087        2.07598        9.85372
H          4.77288        1.11794       10.17010
H          6.25166        2.09237       10.19168
C          4.44717        3.24921       10.48207
H          4.99800        4.16567       10.25274
H          4.34969        3.14480       11.57217
C          3.63922       -0.39010        6.59221
H          4.42114        0.23113        7.03187
H          3.58475       -0.15942        5.53649
H          3.93985       -1.42865        6.68520
C          0.44806       -0.32313        6.30504
H         -0.46334        0.07738        6.74007
H          0.29043       -1.38230        6.12586
H          0.60514        0.15578        5.34498
C          1.80582       -1.28402        8.88784
H          0.82746       -1.23444        9.35424
H          2.55008       -1.11127        9.65932
H          1.93543       -2.30082        8.53367
C          1.84493        6.11888        5.18433
H          1.96471        7.13429        5.55354
H          1.21605        6.16108        4.30185
H          2.82479        5.76415        4.87337
C          0.30530        3.37873        5.81872
H          1.05634        2.70279        5.42371
H         -0.37149        3.62411        5.00718
H         -0.26171        2.83884        6.57067
C         -0.26507        5.94331        7.44463
H          0.07433        6.93007        7.74456
H         -0.61343        5.42880        8.33572
H         -1.12306        6.08628        6.79717
C          7.93571        3.21324        8.51551
H          7.71691        3.91429        9.31516
H          8.71174        3.65373        7.89968
H          8.35278        2.31739        8.96242
C          6.93618        1.55964        6.10045
H          7.20283        0.59398        6.52106
H          7.80487        1.93339        5.56681
H          6.14813        1.39715        5.36883
C          5.76306        4.45715        6.69750
H          6.16037        5.34490        7.18293
H          4.66406        4.46534        6.78992
H          5.99736        4.52170        5.63905
