82
CSD_code = NENBAM | q = 0 | S = 0 | Stoichiometry = C29H50Si2Ti | MND = 12
C          9.63146        6.55369        3.47615
C          9.45276        6.54899        4.73434
C          9.43379        5.84218        6.02511
H          8.44753        5.38027        6.12719
H          9.52258        6.55643        6.84786
C         11.98223        4.98081        2.01242
H         12.72245        5.75380        2.18839
H         12.23495        4.50037        1.07109
H         12.08926        4.23685        2.79493
C          9.14073        4.13481        1.46558
H          9.14188        3.38875        2.25389
H          9.54915        3.66405        0.57518
H          8.10455        4.37803        1.25605
C         10.10490        6.91009        0.46306
H          9.61565        7.83063        0.77713
H          9.54280        6.50519       -0.37357
H         11.09272        7.16636        0.08939
C         12.51205        4.94923        5.81528
H         13.14807        4.07363        5.72100
H         12.95070        5.58427        6.57958
H         12.55026        5.48231        4.87099
C         10.67333        3.93682        8.09522
H         11.36151        3.12220        8.29674
H          9.68290        3.60629        8.39271
H         10.95046        4.76315        8.74292
C         10.21853        2.93620        5.18639
H         10.30123        3.16432        4.12929
H          9.19243        2.63711        5.37949
H         10.85233        2.07804        5.38972
C          6.68029        7.69979        5.06841
C          6.59906        9.05505        4.62842
C          6.72016        9.06076        3.21014
C          6.86956        7.70914        2.78504
C          6.77346        6.87069        3.92460
C          6.38272        7.28277        6.48202
H          6.38290        6.19985        6.58740
H          5.39391        7.64691        6.77393
H          7.10979        7.69527        7.18500
C          5.99727       10.13706        5.47717
H          6.15615       11.12750        5.06022
H          6.38097       10.11584        6.49484
H          4.91537        9.97505        5.53004
C          6.33045       10.17156        2.27739
H          5.39468        9.90416        1.77808
H          7.07575       10.34246        1.49858
H          6.16462       11.10195        2.81365
C          6.75537        7.26343        1.35679
H          7.28177        6.32810        1.19066
H          7.15802        8.01330        0.67737
H          5.70101        7.11364        1.10101
C          6.64679        5.37741        3.87626
H          6.00500        5.09563        3.04108
H          6.19054        4.99988        4.79036
H          7.61284        4.88987        3.74118
C         10.05072       10.04079        3.15273
C         10.86689        9.08995        3.81553
C         10.52216        9.10661        5.20226
C          9.51278       10.09201        5.38669
C          9.24504       10.69004        4.12739
C         10.22256       10.51850        1.73910
H         10.70501       11.50005        1.73937
H          9.26733       10.62304        1.22176
H         10.85024        9.83717        1.16868
C         12.09239        8.43290        3.25947
H         11.99395        8.23103        2.19587
H         12.29233        7.49498        3.77249
H         12.95420        9.09131        3.40491
C         11.36580        8.53600        6.30464
H         11.75663        7.55730        6.04010
H         10.80417        8.45355        7.23431
H         12.21559        9.20152        6.48797
C          9.09691       10.60272        6.73696
H          8.35854       11.39570        6.65212
H          9.96920       11.01302        7.25326
H          8.68716        9.80664        7.36311
C          8.61518       12.03346        3.90460
H          9.38968       12.79802        4.02464
H          7.82989       12.25468        4.62276
H          8.21427       12.13245        2.89924
Si        10.19406        5.67444        1.93180
Si        10.72640        4.43601        6.24916
Ti         8.69748        8.37431        4.05887
