91
CSD_code = NETYUG | q = 0 | S = 0 | Stoichiometry = C35H51N3SiZr | MND = 10
Zr         0.91101       -3.09281       -2.73163
Si         3.33573       -1.45688       -1.83769
N          2.97466       -2.66325       -3.00559
N          0.49631       -2.73230       -4.87905
N          0.16861       -5.16673       -2.96906
C          1.57593       -1.44928       -1.12124
C          1.10317       -2.53956       -0.33053
C         -0.30582       -2.60723       -0.43811
C         -0.72484       -1.56376       -1.30545
C          0.43063       -0.87289       -1.74587
C          1.94332       -3.37492        0.59764
C         -1.21227       -3.47204        0.39853
C         -2.14787       -1.12396       -1.52458
C          0.39979        0.38505       -2.57209
C          4.66884       -1.76018       -0.47301
C          3.95447        0.24562       -2.50923
C          3.93501       -3.54892       -3.63640
C          3.29266       -4.20837       -4.87300
C          4.34364       -4.66271       -2.64953
C          5.19600       -2.79926       -4.09409
C         -0.62770       -2.48228       -4.28745
C         -1.78942       -1.98802       -5.13379
C          0.77917       -2.62983       -6.25836
C          1.61271       -1.58748       -6.69431
C          1.97882       -1.51904       -8.02759
C          1.54064       -2.47232       -8.93107
C          0.73781       -3.50915       -8.49471
C          0.34823       -3.60671       -7.16610
C          2.08707       -0.57496       -5.69655
C         -0.51633       -4.74935       -6.72192
C          0.95143       -5.21028       -1.93727
C          0.96365       -6.47433       -1.09413
C         -0.66565       -6.18827       -3.47518
C         -0.13870       -7.29053       -4.16445
C         -1.01052       -8.19399       -4.75695
C         -2.37933       -8.02710       -4.67946
C         -2.89542       -6.93886       -3.99765
C         -2.05771       -6.01633       -3.39478
C          1.34016       -7.51969       -4.29183
C         -2.61871       -4.85341       -2.63200
H          2.52062       -2.73030        1.26056
H          2.64122       -4.01052        0.04706
H          1.31076       -4.00905        1.21706
H         -1.07346       -3.25075        1.45930
H         -1.01152       -4.53587        0.25214
H         -2.25504       -3.27997        0.15586
H         -2.54934       -0.68057       -0.60960
H         -2.79780       -1.95359       -1.80381
H         -2.19854       -0.37008       -2.30676
H         -0.12578        1.17901       -2.03503
H         -0.11957        0.22944       -3.52211
H          1.40801        0.73184       -2.77475
H          5.66214       -1.60994       -0.88538
H          4.64120       -2.75628       -0.04768
H          4.55327       -1.05257        0.34179
H          5.02957        0.21559       -2.65520
H          3.75054        1.04082       -1.79917
H          3.51302        0.52514       -3.45917
H          3.16692       -3.47626       -5.66790
H          2.30933       -4.61486       -4.60891
H          3.92631       -5.01109       -5.24777
H          4.97135       -5.40717       -3.13582
H          3.44051       -5.14136       -2.26181
H          4.89504       -4.23179       -1.81896
H          4.91645       -1.97125       -4.73956
H          5.85882       -3.46610       -4.64102
H          5.72744       -2.40183       -3.23515
H         -1.46471       -1.61555       -6.11133
H         -2.34329       -1.20829       -4.61187
H         -2.47508       -2.82257       -5.29234
H          2.61525       -0.71152       -8.36073
H          1.83045       -2.40968       -9.96930
H          0.40085       -4.26116       -9.19408
H          2.33635       -1.07595       -4.75276
H          1.30281        0.15689       -5.49648
H          2.95700       -0.04225       -6.07551
H         -0.43059       -4.90793       -5.64776
H         -0.23334       -5.66509       -7.23746
H         -1.56356       -4.55026       -6.95349
H          0.12095       -7.13503       -1.32640
H          0.94744       -6.22006       -0.03466
H          1.89084       -7.02020       -1.27794
H         -0.59923       -9.04259       -5.28493
H         -3.04184       -8.74032       -5.14620
H         -3.96544       -6.80319       -3.92919
H          1.91164       -6.69177       -3.87863
H          1.61100       -7.63893       -5.34026
H          1.62370       -8.43340       -3.76852
H         -1.98571       -3.96710       -2.77031
H         -2.65049       -5.08835       -1.56717
H         -3.63364       -4.63721       -2.96000
