47
CSD_code = NEVKEE | q = 0 | S = 0 | Stoichiometry = C10H28Cl3N3Si2Ti | MND = 6
Ti         5.00026        4.36729        4.21458
Cl         6.01874        5.06166        6.09952
Cl         5.41371        2.23488        4.91408
Cl         4.69444        6.57199        3.71285
Si         2.52558        4.32021        2.33605
Si         5.02464        2.74714        1.56257
N          4.13452        3.77705        2.61565
N          2.97839        4.38441        5.10827
N          6.87278        4.25666        3.04442
C          2.05880        4.94846        4.10372
C          6.81409        3.02285        2.24012
C          2.38645        5.77125        1.10200
C          1.32865        2.93628        1.78325
C          4.58463        0.89406        1.70429
C          4.92234        3.25108       -0.27848
C          2.52076        3.03134        5.43663
C          2.91094        5.19825        6.32956
C          7.00883        5.39188        2.12748
C          8.06620        4.21535        3.90008
H          2.16158        6.03417        4.11276
H          1.02312        4.72398        4.39151
H          7.06358        2.17868        2.88396
H          7.58110        3.06280        1.45531
H          3.05419        6.58183        1.37802
H          2.64177        5.45156        0.09742
H          1.37608        6.16624        1.07385
H          0.30407        3.29113        1.76585
H          1.57891        2.61647        0.77849
H          1.36798        2.06098        2.42295
H          3.58364        0.70348        1.33247
H          5.27108        0.28443        1.12560
H          4.63043        0.56024        2.73649
H          5.14612        4.29935       -0.44551
H          5.60627        2.66385       -0.88124
H          3.92148        3.06848       -0.65184
H          1.48048        3.05788        5.79245
H          2.57879        2.39638        4.55048
H          3.14773        2.59868        6.21977
H          3.52243        4.74951        7.11629
H          3.28785        6.20406        6.12745
H          1.87281        5.27000        6.68343
H          7.11310        6.32291        2.68942
H          7.89690        5.26248        1.49185
H          6.12318        5.46282        1.49320
H          7.97877        3.39844        4.62093
H          8.96752        4.05944        3.29062
H          8.16901        5.15441        4.44960
