47
CSD_code = NEVKII | q = 0 | S = 0 | Stoichiometry = C10H28Cl3N3Si2Zr | MND = 6
Zr         0.62084        3.54020        2.21415
Cl         1.15989        5.18042        0.59032
Cl        -1.39308        4.69649        2.70649
Cl        -0.88141        2.04360        1.15789
Si         1.70137        0.70862        3.23512
Si         0.53045        2.80568        5.12279
N          1.37690        2.32012        3.71285
N          2.12321        2.29867        0.92113
N          1.43568        5.10515        3.73992
C          2.03791        0.88779        1.33869
C          0.75823        4.73490        4.99981
C          3.27856        0.03250        4.08476
C          0.29442       -0.55836        3.46556
C          1.29547        2.19113        6.75952
C         -1.32605        2.34760        5.05714
C          3.45890        2.81214        1.22868
C          1.91671        2.37013       -0.53349
C          2.88092        4.93990        3.90217
C          1.17071        6.51992        3.44163
H          2.93977        0.35432        1.00751
H          1.19482        0.43494        0.81599
H         -0.23110        5.19523        4.99678
H          1.30636        5.16558        5.84954
H          3.10885       -0.07226        5.14948
H          3.53765       -0.94613        3.69707
H          4.14127        0.67806        3.95516
H          0.05911       -0.68479        4.51711
H         -0.60673       -0.22541        2.95868
H          0.55840       -1.53319        3.06814
H          1.19098        1.11560        6.83513
H          2.35257        2.42243        6.82688
H          0.80155        2.63184        7.61778
H         -1.95823        3.10511        5.51093
H         -1.64726        2.23346        4.02081
H         -1.52042        1.40916        5.56723
H          3.66358        2.67962        2.29218
H          4.22540        2.26449        0.65896
H          3.51533        3.87077        0.95644
H          2.09318        3.38563       -0.89165
H          2.60218        1.68693       -1.05365
H          0.88715        2.08903       -0.76851
H          3.10079        3.90760        4.18126
H          3.38727        5.19928        2.96875
H          3.25935        5.60237        4.69555
H          1.46813        7.15640        4.28614
H          1.72748        6.82448        2.55370
H          0.10584        6.65858        3.24576
