103
CSD_code = NEWDEB | q = 0 | S = 0 | Stoichiometry = C40H56FeN2Si4 | MND = 8
Fe         0.00009       -0.00032       -0.00014
Si         0.74487        2.10340       -0.70368
Si        -1.35337        1.37278        1.32225
N          2.10901       -0.22968        2.08016
C          1.27379       -0.11840        1.26227
C          3.07646       -0.52052        2.98671
C          3.55813       -1.83501        3.07410
C          4.53946       -2.11648        4.00958
H          4.91429       -3.12746        4.08200
C          5.04873       -1.13759        4.85127
C          4.55526        0.15605        4.74209
H          4.94486        0.92723        5.39148
C          3.57518        0.48696        3.82217
C          3.01733       -2.89643        2.17186
H          3.50306       -3.84950        2.36168
H          3.16695       -2.63056        1.12644
H          1.94460       -3.01752        2.31416
C          6.10608       -1.45613        5.86335
H          6.41047       -2.49721        5.79521
H          5.73433       -1.26803        6.87010
H          6.98096       -0.82568        5.71006
C          3.08092        1.89535        3.70994
H          3.14245        2.40022        4.67151
H          2.05287        1.91865        3.35670
H          3.69629        2.44759        2.99840
C         -0.38401        3.52388       -0.16205
C         -0.26811        4.83922       -0.58480
H          0.48890        5.10685       -1.30825
C         -1.11357        5.81465       -0.08616
H         -1.02362        6.83760       -0.42490
C         -2.07294        5.47949        0.85556
H         -2.73089        6.24101        1.25109
C         -2.18142        4.17066        1.29156
H         -2.92099        3.91431        2.03680
C         -1.34734        3.18751        0.78144
C          2.43891        2.59566        0.05225
H          2.30869        2.92192        1.07704
H          2.89488        3.41427       -0.49464
H          3.13522        1.76500        0.05182
C          0.92166        2.33873       -2.61210
H          1.80241        1.82300       -2.98200
H          1.00786        3.38105       -2.90052
H          0.06512        1.92528       -3.13605
C         -0.82410        1.46181        3.16905
H         -0.11473        2.26708        3.32559
H         -0.36178        0.53796        3.49774
H         -1.67417        1.65404        3.81493
C         -3.22706        0.90603        1.34283
H         -3.85117        1.70097        1.73763
H         -3.39709        0.02356        1.95205
H         -3.58267        0.67954        0.34237
H          0.99573        0.35603       -0.98130
Si        -0.74350       -2.10309        0.70240
Si         1.35215       -1.37340       -1.32121
N         -2.10912        0.22810       -2.08030
C         -1.27363        0.11668       -1.26273
C         -3.07631        0.51925       -2.98702
C         -3.55785        1.83379       -3.07426
C         -4.53921        2.11550       -4.00965
H         -4.91387        3.12655       -4.08194
C         -5.04868        1.13679       -4.85142
C         -4.55539       -0.15694       -4.74235
H         -4.94518       -0.92800       -5.39176
C         -3.57531       -0.48808       -3.82253
C         -3.01693        2.89513       -2.17198
H         -3.50259        3.84825       -2.36177
H         -3.16658        2.62924       -1.12658
H         -1.94420        3.01614       -2.31432
C         -6.10598        1.45561       -5.86344
H         -6.41021        2.49673       -5.79518
H         -5.73428        1.26757       -6.87022
H         -6.98097        0.82529       -5.71022
C         -3.08137       -1.89659       -3.71036
H         -3.14318       -2.40144       -4.67192
H         -2.05325       -1.92011       -3.35729
H         -3.69673       -2.44867       -2.99869
C          0.38397       -3.52502        0.16150
C          0.26809       -4.84026        0.58440
H         -0.48886       -5.10784        1.30796
C          1.11365       -5.81566        0.08579
H          1.02380       -6.83860        0.42461
C          2.07304       -5.48050       -0.85591
H          2.73105       -6.24204       -1.25132
C          2.18153       -4.17169       -1.29202
H          2.92118       -3.91532       -2.03720
C          1.34735       -3.18864       -0.78200
C         -2.43872       -2.59428       -0.05164
H         -2.30993       -2.92041       -1.07665
H         -2.89437       -3.41276        0.49570
H         -3.13460       -1.76327       -0.05017
C         -0.92012       -2.33640        2.61110
H         -1.80071       -1.82010        2.98056
H         -1.00669       -3.37850        2.90028
H         -0.06344       -1.92286        3.13470
C          0.82381       -1.46044       -3.16837
H          0.11373       -2.26489       -3.32587
H          0.36265       -0.53590       -3.49673
H          1.67415       -1.65314       -3.81378
C          3.22540       -0.90483       -1.34144
H          3.84994       -1.69921       -1.73671
H          3.39470       -0.02200       -1.95034
H          3.58103       -0.67856       -0.34095
H         -0.99629       -0.34998        0.98267
