74
CSD_code = NIBBIJ | q = 0 | S = 0 | Stoichiometry = C31H39NbOSi2 | MND = 13
Nb         1.68050        2.54448        4.61364
Si        -0.21413        5.99033        5.01228
Si         3.64178        0.44245        7.27630
O          1.99183        3.60577        6.35892
C          3.04658        3.75382        5.65089
C          4.18056        4.44862        5.88989
C         -0.09244        1.95269        5.89666
C          0.44262        4.57049        3.95051
C         -0.27372        3.46252        3.42126
C          0.49660        2.86133        2.40717
C          1.69534        3.58868        2.28622
C          1.66980        4.62797        3.23549
C         -0.76366        7.33423        3.76190
C          1.14903        6.68555        6.14772
C         -1.73366        5.46536        6.04513
C          3.00500        0.66231        5.51092
C          3.74381        1.22042        4.43031
C          3.04656        0.98160        3.23220
C          1.86207        0.28522        3.54753
C          1.84531        0.07586        4.93968
C          3.91278       -1.43387        7.53811
C          5.30546        1.36149        7.44360
C          2.38211        1.07858        8.56523
C          4.27529        5.30019        7.09480
C          3.75331        4.88910        8.31862
C          3.80605        5.72101        9.42143
C          4.37814        6.97810        9.32333
C          4.89607        7.39927        8.10942
C          4.84436        6.57100        7.00525
C          5.33717        4.38246        4.99464
C          6.62792        4.56369        5.50283
C          7.73710        4.46432        4.68666
C          7.59421        4.17719        3.33882
C          6.32442        3.98638        2.82024
C          5.21283        4.08586        3.63508
H         -0.65093        2.82507        6.23500
H         -0.78064        1.32236        5.32492
H          0.18098        1.39803        6.79414
H         -1.30492        3.22530        3.64449
H          0.16231        2.07721        1.73924
H          2.44132        3.45118        1.51430
H          2.38139        5.44010        3.30560
H         -1.55122        6.97555        3.10623
H         -1.14296        8.20638        4.28370
H          0.06072        7.65954        3.13482
H          2.01209        7.02582        5.58252
H          0.78573        7.52794        6.72808
H          1.49645        5.92691        6.84348
H         -2.45312        4.89899        5.46120
H         -1.44190        4.86068        6.89827
H         -2.24531        6.34288        6.42763
H          4.74598        1.61845        4.50421
H          3.42330        1.16897        2.23511
H          1.17535       -0.15620        2.83593
H          1.14099       -0.55123        5.46903
H          4.62562       -1.83598        6.82530
H          4.29932       -1.62613        8.53314
H          2.98992       -1.99520        7.43056
H          5.19817        2.41869        7.22010
H          5.69310        1.27474        8.45384
H          6.05645        0.95607        6.77147
H          1.95395        2.02812        8.25059
H          1.56552        0.37620        8.70925
H          2.85502        1.22626        9.53174
H          3.30789        3.90969        8.39962
H          3.40057        5.38493       10.36529
H          4.41816        7.62751       10.18579
H          5.33734        8.38217        8.02212
H          5.24086        6.90961        6.05825
H          6.75778        4.77336        6.55465
H          8.72319        4.60716        5.10537
H          8.46224        4.10133        2.70061
H          6.20094        3.76150        1.76959
H          4.22864        3.94328        3.21402
