123
CSD_code = NIJDUI | q = 0 | S = 0 | Stoichiometry = C39H69N3O9Si2W | MND = 6
W         11.94828        9.79813        4.59973
Si        12.43662       13.07576        3.31631
Si         8.72991        9.19710        3.90015
O         12.19710       11.62971        3.92959
O          7.62260        9.01049        5.10567
O          8.06596        9.91575        2.58609
O          9.97224       10.10043        4.32947
O         11.26325       13.50732        2.26116
O          9.17053        7.70189        3.41144
O         13.85593       13.24068        2.51598
N         11.90562       10.41873        6.54430
O         12.53465       14.11241        4.57929
O         11.99805        8.15549        4.95482
N         12.04078        9.31195        2.55951
N         13.96863        9.93695        5.16882
C         11.22268        9.97791        1.70347
H         10.81397       10.90859        2.07965
C         12.18379       11.72568        6.87453
H         11.92136       12.46282        6.12309
C         12.17448        9.49792        7.53557
H         11.90519        8.47525        7.28586
C         12.30511        7.62979        0.85593
H         12.75754        6.69751        0.55488
C         14.58075       11.14062        5.45246
H         14.23648       11.98800        4.87924
C         14.49855        8.86563        5.85833
H         14.05744        7.90472        5.60728
C          9.26457        6.43056        4.04209
C         12.57551        8.14797        2.09945
H         13.25076        7.64908        2.79075
C          7.37662        9.78036        6.27050
C         11.45139        8.31597       -0.00744
H         11.22028        7.93062       -0.98722
C          8.62745        9.81560        7.15505
H          8.83615        8.82855        7.55962
H          8.49510       10.51436        7.97733
H          9.48076       10.12612        6.54450
C         16.07175       10.20030        7.08511
H         16.85563       10.30113        7.81646
C         14.47182       12.49060        1.48972
C         13.51258       12.30222        0.31531
H         12.68256       11.67194        0.61904
H         14.02607       11.84526       -0.52722
H         13.11556       13.26867        0.01789
C         10.91517        9.52040        0.44330
H         10.26236       10.10450       -0.18614
C         12.51027       16.07420        5.89581
H         11.52060       16.34112        5.53355
H         13.04647       16.98201        6.15892
H         12.39484       15.45752        6.78350
C         12.72921        9.82094        8.74520
H         12.91881        9.04045        9.46593
C          9.89710       13.82560        2.49090
C         15.59384       11.29313        6.36636
H         16.01382       12.27509        6.52259
C         12.73975       12.10265        8.07278
H         12.93573       13.14853        8.25538
C          9.44027       13.38740        3.88001
H          9.64418       12.32324        4.01488
H          8.37383       13.56899        3.99202
H          9.98376       13.94177        4.64074
C          9.07142       13.10283        1.42062
H          9.56133       13.20147        0.45465
H          8.07744       13.53869        1.35848
H          8.97350       12.05058        1.67358
C         14.91688       11.12832        2.03821
H         15.72604       11.25787        2.75394
H         15.25803       10.48726        1.22897
H         14.07815       10.64700        2.55378
C         14.66514       14.91214        5.32688
H         14.57299       14.29819        6.21923
H         15.24485       15.80155        5.56039
H         15.17593       14.34059        4.55751
C         13.04847       11.14903        9.04131
H         13.49156       11.42425        9.98338
C         13.27338       15.29763        4.81631
C          6.98366       11.20528        5.87834
H          7.81636       11.66759        5.35930
H          6.73143       11.78974        6.75961
H          6.12736       11.18194        5.20924
C         15.69559       13.30003        1.04117
H         15.37695       14.24966        0.61958
H         16.25850       12.74907        0.29278
H         16.33990       13.50044        1.89340
C          6.21858        9.09394        7.00477
H          5.33820        9.07174        6.36797
H          5.98396        9.62947        7.92063
H          6.48782        8.07057        7.25245
C          6.98632        9.47044        1.77493
C         15.50211        8.96069        6.78628
H         15.84664        8.06656        7.28284
C          7.48475        8.38241        0.82092
H          8.20925        8.79599        0.12577
H          6.65479        7.95752        0.26219
H          7.97417        7.60896        1.40197
C          6.48819       10.68230        0.97935
H          6.19562       11.47527        1.66161
H          5.63129       10.40068        0.37276
H          7.27228       11.05724        0.32879
C          5.84504        8.92424        2.63111
H          6.19516        8.07182        3.20099
H          5.00912        8.62669        2.00293
H          5.51508        9.68599        3.33083
C          9.44958        6.56891        5.55030
H         10.27235        7.26918        5.71640
H          9.68850        5.60496        5.99297
H          8.54561        6.96408        5.99995
C          7.98835        5.63909        3.73545
H          7.12893        6.17184        4.13367
H          8.03975        4.65496        4.19426
H          7.86185        5.52219        2.66192
C         13.40837       16.13992        3.54957
H         13.89987       15.54915        2.78472
H         13.98971       17.03538        3.75403
H         12.42863       16.42732        3.18119
C          9.74165       15.34370        2.34124
H         10.32173       15.84593        3.11017
H          8.69836       15.63126        2.44258
H         10.10714       15.65831        1.36706
C         10.49509        5.74661        3.44163
H         10.42532        5.73180        2.35682
H         10.58940        4.72937        3.81269
H         11.36743        6.32872        3.73428
