60
CSD_code = NISQOY | q = 0 | S = 0 | Stoichiometry = C26H31NSiTi | MND = 8
Ti         2.16739        2.76211        1.70210
Si         4.90118        3.10654        2.30786
N          3.36700        3.89827        2.58363
C          4.11758        1.83787        1.13407
C          3.39849        0.66690        1.55125
C          3.52229       -0.14896        2.69033
H          4.27588        0.06600        3.43471
C          2.70657       -1.24909        2.82753
H          2.80498       -1.88065        3.69952
C          1.75530       -1.58325        1.85566
H          1.13800       -2.45818        1.99809
C          1.61444       -0.81749        0.71837
H          0.89541       -1.08963       -0.04343
C          2.42295        0.30823        0.55263
C          2.54229        1.25631       -0.52015
C          1.90301        1.35788       -1.75640
H          1.14823        0.63645       -2.04123
C          2.25318        2.38088       -2.61137
H          1.76972        2.47058       -3.57312
C          3.23995        3.30689       -2.25115
H          3.49458        4.09512       -2.94638
C          3.89839        3.22538       -1.04443
H          4.68674        3.92680       -0.80574
C          3.57535        2.18961       -0.14871
C          0.95265        2.01596        3.19296
H          0.50332        1.07762        2.83238
H          0.12775        2.66640        3.51314
H          1.54698        1.77018        4.08487
C          0.72251        3.69732        0.55968
H          0.03651        4.40431        1.04593
H          0.09183        2.89885        0.13476
H          1.18012        4.22498       -0.29125
C          5.72591        2.31190        3.84953
H          4.99938        1.92540        4.55671
H          6.33003        3.04606        4.37199
H          6.38212        1.49758        3.55878
C          6.31091        4.17856        1.56395
H          7.14463        3.55554        1.25777
H          6.67706        4.86646        2.31972
H          6.00863        4.76573        0.70415
C          3.17711        5.25108        3.07089
C          3.32987        6.21831        1.88295
H          4.35057        6.20458        1.51186
H          3.05847        7.23364        2.16348
H          2.66653        5.87642        1.08378
C          1.75321        5.42428        3.64148
H          1.01996        5.30621        2.84174
H          1.65190        6.41619        4.07967
H          1.55913        4.68021        4.41233
C          4.15688        5.52679        4.20234
C          4.13837        4.66983        5.29953
H          3.44585        3.83960        5.30208
C          5.00079        4.85291        6.36284
H          4.97049        4.17598        7.20435
C          5.90665        5.90092        6.34874
H          6.58476        6.04666        7.17659
C          5.93428        6.75903        5.26494
H          6.63655        7.58012        5.24431
C          5.06421        6.57712        4.20154
H          5.10555        7.26787        3.37456
