84
CSD_code = NISQUE | q = 0 | S = 0 | Stoichiometry = C34H47NSiTi | MND = 8
Ti         0.13613        0.24864        4.09064
Si         2.43907        1.82017        4.44835
N          1.80421        0.64729        3.31934
C          0.84131        1.84627        5.46582
C         -0.38448        2.43027        4.99437
C         -0.61117        3.48474        4.09257
H          0.24396        3.97367        3.65262
C         -1.89665        3.91423        3.82540
C         -2.97911        3.27376        4.46083
H         -3.98637        3.60136        4.25299
C         -2.79830        2.24285        5.35490
H         -3.65088        1.78629        5.84079
C         -1.50609        1.79968        5.63353
C         -0.98328        0.80225        6.52402
C         -1.58669       -0.08033        7.41920
H         -2.66423       -0.10824        7.51812
C         -0.79758       -0.90911        8.18429
H         -1.28039       -1.58792        8.87097
C          0.60913       -0.88643        8.10503
C          1.21861       -0.00605        7.23322
H          2.29259        0.06610        7.17615
C          0.44958        0.84648        6.42269
C          1.40143       -1.84577        8.98228
C          1.07753       -1.57370       10.45787
H          1.65564       -2.23710       11.09828
H          0.02379       -1.73183       10.66923
H          1.32483       -0.54504       10.71202
C          2.91513       -1.70565        8.79607
H          3.20478       -1.91928        7.76946
H          3.42685       -2.41506        9.44390
H          3.25159       -0.70604        9.06098
C          1.01155       -3.28613        8.61886
H          1.22431       -3.47842        7.56894
H         -0.04623       -3.46571        8.78962
H          1.57813       -3.99334        9.22155
C         -2.19140        5.05119        2.85661
C         -3.03600        6.12513        3.55742
H         -3.99880        5.73581        3.87503
H         -3.21607        6.95919        2.88187
H         -2.51292        6.49822        4.43537
C         -0.92033        5.72882        2.33574
H         -0.34600        6.15474        3.15527
H         -1.19219        6.53707        1.65904
H         -0.29108        5.03087        1.78939
C         -2.96614        4.48089        1.65956
H         -2.38547        3.69843        1.17372
H         -3.17102        5.26411        0.93217
H         -3.91368        4.05143        1.97452
C          0.31359       -1.75766        4.55388
H          1.34172       -1.99066        4.86406
H          0.04039       -2.45548        3.75111
H         -0.34388       -1.97451        5.40803
C         -1.56178        0.09516        2.91684
H         -1.95807        1.08749        2.65249
H         -2.33060       -0.38910        3.54229
H         -1.51167       -0.48713        1.98532
C          3.97591        1.24521        5.45346
H          4.00851        1.72885        6.42443
H          4.89507        1.50198        4.93716
H          3.97998        0.17094        5.61135
C          2.95084        3.50104        3.66965
H          3.99328        3.47450        3.36884
H          2.83792        4.31789        4.37482
H          2.36897        3.73394        2.78378
C          2.42378        0.27692        2.06312
C          3.90446       -0.06474        2.29026
H          4.46843        0.83010        2.53582
H          4.33805       -0.53662        1.41227
H          3.97122       -0.75858        3.12544
C          1.73672       -0.97687        1.48069
H          1.88395       -1.82034        2.15566
H          2.16930       -1.21698        0.51042
H          0.66700       -0.79573        1.35576
C          2.23566        1.40104        1.04676
C          0.99414        2.02859        0.98674
H          0.22255        1.72937        1.69564
C          0.74575        3.02033        0.05617
H         -0.22902        3.48360        0.00663
C          1.74202        3.41928       -0.82017
H          1.55122        4.19867       -1.54276
C          2.98155        2.81006       -0.76068
H          3.76609        3.11497       -1.43805
C          3.22481        1.80270        0.15929
H          4.19725        1.33718        0.17263
