55
CSD_code = NIVWEV | q = 0 | S = 0 | Stoichiometry = C23H24O5OsSi2 | MND = 6
Os         7.08697        3.94526        3.10690
Si         6.03893        1.64484        3.58719
Si         4.97494        5.29128        3.69569
C          6.30777        3.76697        1.35853
O          5.79140        3.64408        0.34098
C          8.68674        2.96675        2.66754
O          9.66670        2.44432        2.39827
C          7.38893        3.97955        5.00104
O          7.49365        3.97774        6.14598
C          7.89961        5.65234        2.73936
O          8.43676        6.63366        2.50654
O          3.70411        2.97573        2.57468
C          4.97123        1.39948        5.17619
H          3.98626        1.83500        5.06112
H          5.43004        1.83648        6.05722
H          4.84266        0.33717        5.36151
C          7.38826        0.26938        3.78092
H          8.07670        0.51224        4.58545
H          7.97618        0.12981        2.87849
H          6.92785       -0.68266        4.02549
C          3.96372        4.83303        5.27448
H          3.29382        5.65138        5.52141
H          4.59692        4.65109        6.13679
H          3.35814        3.94990        5.11168
C          5.37781        7.16219        3.99126
H          5.78175        7.64796        3.10794
H          6.10375        7.28110        4.79063
H          4.48266        7.70162        4.28423
C          4.89665        1.00838        2.18474
C          5.06987       -0.15982        1.45915
H          5.89449       -0.81400        1.69407
C          4.20469       -0.48212        0.42844
H          4.35371       -1.39140       -0.13538
C          3.14756        0.35210        0.10713
H          2.49330        0.07592       -0.70406
C          2.92783        1.52377        0.81793
C          3.81607        1.81958        1.84683
C          3.65041        5.29322        2.30954
C          3.15988        6.40948        1.65046
H          3.50894        7.38989        1.93352
C          2.24112        6.27288        0.62475
H          1.87118        7.14920        0.11279
C          1.79057        5.02079        0.24261
H          1.07776        4.94657       -0.56285
C          2.24361        3.87754        0.88615
C          3.16778        4.04887        1.91153
C          1.75880        2.46779        0.59394
C          0.67352        2.12234        1.63387
H          1.06945        2.20535        2.64383
H          0.32257        1.10324        1.48380
H         -0.16853        2.80481        1.53649
C          1.16470        2.33603       -0.80796
H          0.80355        1.32431       -0.97220
H          1.90767        2.57521       -1.56564
H          0.31409        3.00267       -0.92231
