55
CSD_code = NOFCUH | q = 0 | S = 0 | Stoichiometry = C16H30BCrNO4Si2 | MND = 7
Cr        -0.48532       13.65924        9.80765
C          0.30866       12.45069        8.69340
O          0.69505       11.67986        7.92189
C         -0.95341       12.24187       10.91773
O         -1.30756       11.27837       11.43579
O         -2.86824       12.89852        8.18782
C         -1.98890       13.23118        8.86085
C         -0.21954       14.91961        8.48458
O         -0.12939       15.59762        7.55717
B         -0.27685       15.80392       11.01946
H         -1.24006       15.16931       11.36776
N         -0.42242       17.16463       10.69274
Si        -2.02718       17.78134       10.22936
Si         1.01295       18.21305       10.64232
C          1.05299       15.01655       10.93523
H          1.86640       15.39003       10.32163
C          1.25929       13.84776       11.60392
H          0.62212       13.61072       12.45526
C          2.53788       13.04098       11.58093
C          3.35519       13.27173       10.30831
H          3.76104       14.28032       10.27464
H          2.73818       13.10734        9.42552
H          4.19136       12.57682       10.27758
C          2.20105       11.55020       11.69149
H          1.65787       11.22125       10.80743
H          1.58711       11.35356       12.56780
H          3.11213       10.96170       11.77607
C          3.36723       13.46368       12.80583
H          3.58778       14.52853       12.76866
H          4.30650       12.91590       12.83048
H          2.82605       13.25748       13.72678
C         -3.26818       16.36319        9.95976
H         -3.52879       15.86013       10.88549
H         -2.87805       15.61428        9.27486
H         -4.19016       16.74856        9.53449
C         -1.85380       18.68477        8.56247
H         -1.44982       18.02214        7.80291
H         -1.20778       19.55345        8.61930
H         -2.82517       19.02369        8.21643
C         -2.69907       18.89311       11.62843
H         -2.47581       18.48245       12.60864
H         -3.77769       18.98544       11.54909
H         -2.28652       19.89458       11.58997
C          0.55661       20.00908       11.07743
H          0.15286       20.08743       12.08123
H         -0.16405       20.44205       10.39460
H          1.45003       20.62425       11.03809
C          2.24475       17.65465       11.99659
H          3.08288       17.10366       11.58294
H          1.76921       17.01901       12.73663
H          2.65596       18.51490       12.51591
C          1.81546       18.14715        8.91286
H          1.94256       17.12905        8.55774
H          2.79442       18.61759        8.92319
H          1.21210       18.66778        8.17611
