88
CSD_code = NOMKOP | q = 0 | S = 0 | Stoichiometry = C34H47N5SiZr | MND = 5
Zr         2.27308        4.70403        4.63242
Si         3.57211        6.78352        3.13030
N          2.47521        6.78029        4.46912
N          3.60245        5.06237        2.99925
N          2.49426        2.28066        4.03681
H          3.45820        1.95007        4.14731
C          2.10379        1.99250        2.65325
H          1.08449        2.34730        2.49828
H          2.13775        0.91363        2.44133
H          2.77477        2.50250        1.96202
C          1.64128        1.51610        4.95147
H          1.70733        0.43408        4.76366
H          0.60887        1.83653        4.80192
H          1.92200        1.71862        5.98391
N          2.36885        4.23004        6.62784
C          3.22391        3.45650        7.50424
H          3.84860        2.75729        6.93885
H          2.62604        2.86786        8.22671
H          3.89292        4.09915        8.10996
C          1.55436        5.11890        7.44061
H          0.87849        4.54597        8.10590
H          0.94582        5.77417        6.80264
H          2.17275        5.75905        8.09883
N          0.34471        4.31822        4.03670
C         -0.78469        4.31708        4.94213
H         -0.48909        3.90432        5.91106
H         -1.60756        3.69355        4.54141
H         -1.21129        5.32940        5.10445
C         -0.07367        4.76730        2.72541
H         -0.79114        4.05469        2.26875
H          0.79893        4.85419        2.06698
H         -0.59756        5.74416        2.75612
C          2.37543        7.70048        5.49261
C          3.36261        7.80719        6.49712
C          3.23718        8.76460        7.49018
H          4.00770        8.84371        8.24581
C          2.14616        9.61472        7.53475
H          2.06769       10.36234        8.31003
C          1.14537        9.48006        6.58847
H          0.27387       10.11932        6.63249
C          1.24337        8.53684        5.58073
C          4.51228        6.84130        6.51380
H          4.14312        5.84838        6.21741
H          4.95256        6.79495        7.50933
H          5.28964        7.14182        5.81155
C          0.14939        8.36726        4.56898
H          0.05839        7.30364        4.32714
H          0.39417        8.90281        3.65111
H         -0.79732        8.74631        4.95000
C          1.57522        7.78755        1.28252
H          0.88113        7.26712        1.92464
C          1.10835        8.46299        0.16871
H          0.05060        8.46813       -0.05866
C          1.99609        9.13094       -0.65732
H          1.63788        9.65998       -1.52910
C          3.34734        9.11574       -0.35638
H          4.04877        9.63550       -0.99498
C          3.80197        8.43809        0.76122
H          4.86033        8.43684        0.98414
C          2.92691        7.76074        1.60597
C          5.37117        8.88949        3.89938
H          4.46268        9.40617        4.17536
C          6.59415        9.51259        4.06848
H          6.63961       10.51454        4.47185
C          7.76153        8.85312        3.71880
H          8.71922        9.33724        3.84879
C          7.69404        7.57239        3.19742
H          8.60038        7.05460        2.91457
C          6.46533        6.95544        3.03333
H          6.41908        5.96089        2.61194
C          5.28384        7.59745        3.38702
C          4.48875        4.23067        2.37208
C          4.50799        4.05669        0.96863
C          5.37600        3.14319        0.39560
H          5.37623        3.02400       -0.67926
C          6.23804        2.38285        1.16745
H          6.90533        1.67264        0.70342
C          6.24429        2.55580        2.54135
H          6.93268        1.98498        3.15106
C          5.39527        3.46482        3.14766
C          3.57574        4.86114        0.11500
H          3.98115        5.85754       -0.05891
H          2.61862        4.98917        0.62112
H          3.41821        4.38028       -0.84821
C          5.46381        3.70660        4.63325
H          6.13298        4.54831        4.83437
H          5.86108        2.83374        5.15390
H          4.46003        3.97157        5.01725
