47
CSD_code = NONRAJ | q = 0 | S = 0 | Stoichiometry = C19H23Cl2HfNSi | MND = 8
Hf         2.21736        0.68683        3.08864
Cl         2.78900       -0.91984        4.60727
Cl         4.39987        1.10825        2.49209
N          1.44808        2.03539        4.30403
Si        -0.17278        1.73290        4.80211
C          0.03051        0.64316        2.21559
C          0.84148        1.38892        1.30309
C          0.87630        2.76381        0.97956
C          1.79728        3.21080        0.06529
C          2.70111        2.33568       -0.56097
C          2.71227        0.99330       -0.26426
C          1.80398        0.49588        0.68031
C          1.59444       -0.81314        1.24189
C          2.23616       -2.04553        1.04837
C          1.78858       -3.14798        1.73887
C          0.69898       -3.06000        2.62142
C          0.04601       -1.87379        2.84452
C          0.48027       -0.71271        2.17005
C         -1.00532        1.20899        3.12653
C         -0.31715        0.24561        6.00285
C         -1.18429        3.20419        5.48022
C          2.50017        2.78360        4.97697
C          2.08904        3.37526        6.32301
C          2.97093        3.89823        4.02807
H          0.16722        3.44381        1.43137
H          1.82969        4.25953       -0.19055
H          3.39799        2.73105       -1.28322
H          3.40955        0.32671       -0.75223
H          3.05999       -2.12593        0.35178
H          2.27549       -4.10098        1.60160
H          0.37430       -3.95202        3.13546
H         -0.79984       -1.82581        3.51617
H         -1.78278        0.47003        3.31623
H         -1.48934        2.06171        2.65092
H         -0.00367        0.51457        7.00702
H          0.31521       -0.57876        5.67852
H         -1.33744       -0.11860        6.07348
H         -0.97686        3.38092        6.52881
H         -2.24475        2.99428        5.39172
H         -0.98673        4.12400        4.94002
H          3.35297        2.09118        5.16154
H          1.72380        2.59022        6.97834
H          1.30610        4.11338        6.18312
H          2.94550        3.85331        6.79157
H          3.23816        3.47489        3.05422
H          3.83668        4.41215        4.43786
H          2.16476        4.61607        3.88854
