75
CSD_code = NONWAO | q = 0 | S = 0 | Stoichiometry = C20H48HfN4Si2 | MND = 4
Hf        -2.20113        1.42321        3.88894
Si        -1.04279        3.91366        3.26552
N         -1.63554        3.84987        4.93845
N         -0.44911        2.35394        3.00384
C         -2.98554        0.01703        2.26946
C         -0.14557        5.50839        2.76377
C         -0.95263        4.18447        6.16951
C         -1.68621        3.52363        7.34348
C          0.47941        3.63584        6.11274
C         -0.89389        5.70379        6.40557
C          0.72675        1.85907        2.32406
C          0.56967        1.94619        0.79532
C          0.89858        0.38057        2.72083
C          1.99647        2.62562        2.72561
H         -3.98034        0.27999        1.88920
H         -3.07802       -1.01101        2.64868
H         -2.33942       -0.05511        1.38475
H         -0.73269        6.39530        2.97087
H          0.07947        5.48889        1.70384
H          0.79496        5.59425        3.29424
H         -1.77672        2.45481        7.15392
H         -2.68366        3.94240        7.43943
H         -1.14807        3.68264        8.27538
H          0.44945        2.57959        5.84795
H          0.97704        3.75560        7.07270
H          1.04994        4.16380        5.35408
H         -1.89852        6.10642        6.49845
H         -0.40022        6.19095        5.56920
H         -0.34251        5.92744        7.31647
H          0.47672        2.98629        0.49566
H         -0.32491        1.41348        0.48372
H          1.43263        1.51389        0.29383
H         -0.01902       -0.16915        2.49861
H          1.10087        0.30857        3.78736
H          1.72709       -0.06954        2.17768
H          1.91340        3.66436        2.42210
H          2.87155        2.18964        2.24879
H          2.12706        2.58838        3.80294
Si        -3.35894        3.91384        4.51139
N         -2.76614        3.84976        2.83847
C         -3.44898        4.18420        1.60733
C         -2.71494        3.52389        0.43335
H         -2.62427        2.45502        0.62260
H         -1.71756        3.94291        0.33775
H         -3.25288        3.68304       -0.49864
C         -4.88074        3.63484        1.66386
H         -4.85029        2.57858        1.92857
H         -5.37828        3.75447        0.70383
H         -5.45161        4.16247        2.42249
C         -3.50836        5.70353        1.37144
H         -2.50389        6.10667        1.27889
H         -4.00248        6.19033        2.20775
H         -4.05960        5.92704        0.46044
N         -3.95285        2.35427        4.77332
C         -1.41486        0.01709        5.50732
H         -0.42147        0.28092        5.89090
H         -1.32096       -1.01040        5.12852
H         -2.06323       -0.05604        6.39017
C         -5.12846        1.85939        5.45340
C         -4.97018        1.94520        6.98207
H         -4.87654        2.98503        7.28249
H         -4.07563        1.41182        7.29258
H         -5.83300        1.51290        7.48380
C         -5.30110        0.38129        5.05551
H         -4.38331       -0.16880        5.27603
H         -5.50479        0.31021        3.98920
H         -6.12902       -0.06907        5.59934
C         -6.39799        2.62690        5.05315
H         -6.31433        3.66529        5.35767
H         -7.27299        2.19075        5.52994
H         -6.52905        2.59077        3.97583
C         -4.25597        5.50872        5.01286
H         -3.66888        6.39558        4.80544
H         -4.48080        5.48941        6.07284
H         -5.19660        5.59438        4.48252
