177
CSD_code = NOVQAQ | q = 0 | S = 0 | Stoichiometry = C48H108O16Si4Zr | MND = 5
Zr        11.96979        0.75737       35.87577
Si        13.94948       -0.28331       34.12792
Si         8.83416       -0.79744       35.56071
Si        13.26792       -0.11488       39.01348
Si        11.23523        4.18956       35.69450
O         13.60690        1.15102       34.70861
O         12.91226       -1.16016       35.12780
O         13.47522       -0.50497       32.56769
O         15.44448       -0.89849       34.23484
O         11.34628        2.60141       35.66811
O         12.69101        4.94821       35.53059
O         10.30260        4.86231       34.52858
O         10.49310        4.57093       37.10542
O         10.22786       -0.09865       35.86381
O          8.99741       -1.44265       34.05765
O          7.54245        0.21263       35.65989
O          8.45503       -2.09195       36.48887
O         12.81341        0.27542       37.54189
O         14.84971       -0.49164       39.18471
O         12.97102        1.13602       40.04669
O         12.45955       -1.47118       39.45335
C         12.92945       -2.56103       35.43871
C         12.75254       -3.36135       34.14560
C         14.24386       -2.91559       36.13717
C         11.76082       -2.81356       36.39268
C         16.57947       -0.68514       33.40578
C         17.79868       -1.14845       34.20930
C         16.43027       -1.52416       32.13541
C         16.70840        0.79482       33.05687
C         12.40897        0.15320       31.89860
C         11.93632       -0.80682       30.80164
C         12.96473        1.43987       31.28252
C         11.25615        0.47487       32.85927
C         10.58749        5.34502       33.22988
C         11.34840        6.67082       33.33133
C         11.41143        4.31822       32.45654
C          9.24024        5.57125       32.53117
C          9.96114        5.79330       37.58941
C         11.01844        6.89747       37.52943
C          9.54961        5.54754       39.04587
C          8.73584        6.21158       36.77182
C         13.98844        4.63816       35.99836
C         13.94327        3.62502       37.14336
C         14.61817        5.95335       36.48300
C         14.80512        4.06972       34.83182
C          8.14239       -2.34344       33.37082
C          8.45475       -3.77077       33.82925
C          6.67272       -2.02450       33.63844
C          8.44278       -2.18672       31.87557
C          7.51556        1.62514       35.54819
C          8.16025        2.24147       36.78886
C          6.03780        2.02131       35.44362
C          8.28737        2.08530       34.31296
C          8.03926       -2.19313       37.83733
C          8.30496       -3.64200       38.26277
C          8.82778       -1.22829       38.72236
C          6.54178       -1.87959       37.92187
C         16.01281        0.22014       38.80614
C         17.20338       -0.67865       39.16734
C         16.09034        1.53038       39.59174
C         16.00135        0.48774       37.29832
C         11.73535        1.78554       40.28357
C         10.91017        0.95845       41.27649
C         10.93249        1.96325       38.98956
C         12.07515        3.14803       40.89959
C         12.77456       -2.46812       40.41596
C         13.39391       -1.85528       41.67090
C         13.75863       -3.46435       39.79738
C         11.46054       -3.17472       40.76623
H         10.75310       -0.03256       40.86324
H         11.44226        0.87094       42.22072
H          9.94795        1.43030       41.45618
H         16.97324        2.09763       39.30756
H         15.19489        2.11209       39.40250
H         16.13225        1.31509       40.65632
H         14.35115       -2.28414       37.01622
H         15.08042       -2.73569       35.47018
H         14.24308       -3.95995       36.43931
H         15.84350        3.94169       35.12683
H         14.76238        4.74940       33.98354
H         14.39444        3.10355       34.54453
H         12.73453        3.00643       41.75204
H         12.58613        3.77000       40.17031
H         11.16988        3.64956       41.22989
H         12.75598       -1.02394       30.12163
H         11.11494       -0.37180       30.24031
H         11.60921       -1.73978       31.25046
H         11.86893       -2.16131       37.26088
H         10.81742       -2.59200       35.90049
H         11.75743       -3.85355       36.71465
H         17.66719       -2.18074       34.52268
H         17.91821       -0.53051       35.09407
H         18.69569       -1.07685       33.60054
H          9.48328       -4.02680       33.58808
H          7.78907       -4.48144       33.34656
H          8.32932       -3.82102       34.90581
H          9.20004        1.91200       36.83721
H          8.15290        3.32327       36.71823
H          7.62851        1.92819       37.68559
H         17.63716        0.98169       32.52461
H         16.68575        1.38289       33.96936
H         15.86916        1.09612       32.43851
H         11.81378       -3.07641       33.67466
H         12.73390       -4.42742       34.35746
H         13.56885       -3.14543       33.46098
H          6.02978       -2.68926       33.06686
H          6.46798       -2.13775       34.69704
H          6.46391       -0.99528       33.36279
H         11.59951        7.04274       32.34145
H         12.25520        6.50976       33.90434
H         10.73907        7.41093       33.84431
H         13.49138        2.68513       36.79043
H         13.33656        4.02774       37.95208
H         14.94972        3.43759       37.50872
H         10.00715        2.49149       39.20220
H         10.70730        0.98352       38.55867
H         11.49822        2.53784       38.25221
H          8.00100       -3.79644       39.29446
H          7.75019       -4.32450       37.62374
H          9.36394       -3.86079       38.16213
H         15.04884        0.92626       37.00323
H         16.11210       -0.44580       36.75390
H         16.81416        1.15714       37.02627
H          8.57377       -1.38328       39.76839
H          9.89544       -1.38181       38.57915
H          8.58639       -0.20838       38.43957
H          5.49548        1.66922       36.31735
H          5.59278        1.56888       34.56119
H          5.94254        3.10139       35.37713
H          6.20748       -1.88642       38.95595
H          6.36355       -0.90280       37.48320
H          5.97362       -2.61736       37.36042
H         12.71214       -1.13536       42.11078
H         13.61381       -2.63251       42.39846
H         14.30834       -1.34007       41.39870
H         14.04230        6.36373       37.30711
H         15.63946        5.78441       36.81316
H         14.62332        6.68007       35.67482
H          8.62838        6.25516       33.11362
H          8.70725        4.62983       32.43321
H          9.39822        5.99443       31.54265
H          8.17314        3.15733       34.18343
H          7.92431        1.56173       33.43104
H          9.34478        1.86352       34.46489
H          8.82843        4.73657       39.09166
H          9.10236        6.44542       39.46460
H         10.41828        5.27354       39.63613
H         10.99919       -3.56551       39.86445
H         10.77025       -2.47611       41.23095
H         11.64858       -3.99447       41.45451
H         10.91342       -0.43390       33.36569
H         11.57835        1.21283       33.61365
H         10.41804        0.88181       32.29548
H         17.26021       -1.33894       31.45938
H         16.40707       -2.58112       32.38793
H         15.49609       -1.26301       31.64918
H         13.78938        1.20225       30.61420
H         12.19578        1.96215       30.72175
H         13.33332        2.08134       32.07846
H         12.34168        4.14184       32.98672
H         11.62346        4.67269       31.45081
H         10.85770        3.38562       32.40784
H         13.31698       -3.92561       38.91938
H         14.65472       -2.92877       39.50169
H         14.01780       -4.23717       40.51641
H          9.00246        6.22331       35.72166
H          7.92735        5.49961       36.91354
H          8.39481        7.19675       37.07934
H         11.34948        7.02321       36.50414
H         11.87386        6.61849       38.13854
H         10.61261        7.83525       37.90034
H         18.13702       -0.19174       38.89911
H         17.13001       -1.62315       38.63446
H         17.20422       -0.88465       40.23459
H          7.80638       -2.84768       31.29325
H          8.26407       -1.15989       31.56850
H          9.48142       -2.43137       31.67486
