76
CSD_code = NOXYEE | q = 0 | S = 0 | Stoichiometry = C37H30ClF3OOsP2Si | MND = 5
Os         2.79389        0.55448        1.81002
Cl         3.32927        1.04840        3.96128
Si         0.43622        0.37699        1.70816
F         -0.35237       -0.88015        1.04369
F         -0.34417        0.34924        3.13143
F         -0.44962        1.56790        1.04344
C          2.96755        0.18640       -0.00597
O          3.23025       -0.02120       -1.11494
P          3.00298        2.86427        1.50842
P          3.49618       -1.58330        2.44119
C          2.94610        3.54629       -0.18261
C          1.85312        3.19304       -0.96878
C          1.73356        3.69133       -2.25255
C          2.70431        4.53992       -2.76096
C          3.79468        4.89039       -1.98265
C          3.91856        4.39750       -0.69550
C          2.04876        4.10933        2.42984
C          2.26221        5.46528        2.18993
C          1.53414        6.41068        2.88631
C          0.58815        6.01173        3.81863
C          0.36959        4.66486        4.05297
C          1.09589        3.71226        3.35970
C          4.73429        3.15544        1.99393
C          5.70299        2.44098        1.28889
C          7.03102        2.51943        1.65929
C          7.39904        3.29490        2.74811
C          6.43835        3.99445        3.45876
C          5.10643        3.92707        3.08687
C          5.29568       -1.31749        2.55722
C          6.01651       -1.23580        1.36598
C          7.36525       -0.93638        1.39036
C          7.99972       -0.69306        2.59877
C          7.28134       -0.74530        3.78170
C          5.93306       -1.05461        3.76534
C          3.38169       -3.01305        1.31100
C          2.22964       -3.13236        0.54083
C          2.06757       -4.21774       -0.30118
C          3.05293       -5.18804       -0.37988
C          4.20251       -5.07122        0.38465
C          4.36885       -3.98974        1.23008
C          3.03192       -2.36895        4.01622
C          3.83330       -3.35059        4.59311
C          3.43754       -3.95850        5.76938
C          2.24167       -3.59860        6.37145
C          1.43746       -2.63145        5.79255
C          1.82767       -2.01827        4.61501
H          1.10623        2.52447       -0.56442
H          0.88483        3.41404       -2.85901
H          2.61410        4.92585       -3.76552
H          4.55370        5.54967       -2.37848
H          4.77701        4.66908       -0.09526
H          2.99579        5.77389        1.45721
H          1.70182        7.46171        2.70042
H          0.01981        6.75439        4.35892
H         -0.37036        4.35221        4.77408
H          0.92552        2.66150        3.54255
H          5.40317        1.82938        0.44328
H          7.77848        1.96964        1.10689
H          8.43584        3.34734        3.04609
H          6.72496        4.59052        4.31293
H          4.35428        4.45931        3.65241
H          5.51085       -1.41682        0.42506
H          7.92158       -0.88787        0.46522
H          9.05334       -0.45562        2.61802
H          7.77208       -0.54162        4.72228
H          5.36979       -1.08170        4.68805
H          1.47079       -2.36546        0.60196
H          1.17244       -4.30260       -0.89819
H          2.92935       -6.03416       -1.03947
H          4.97418       -5.82476        0.32096
H          5.27548       -3.89937        1.81270
H          4.76748       -3.63253        4.12711
H          4.06413       -4.71532        6.21904
H          1.93902       -4.07468        7.29248
H          0.50432       -2.35097        6.25734
H          1.20507       -1.25999        4.16324
