135
CSD_code = NUCKUS | q = 0 | S = 0 | Stoichiometry = C48H81N3NbPSi | MND = 4
Nb        -1.10527       10.75842       11.82340
P         -1.23298        9.96993       13.99858
Si        -0.74875       10.56231       16.09552
C         -2.27235       10.11425       17.21349
H         -2.91398       11.00127       17.24641
C         -3.10430        8.97889       16.62962
H         -2.53945        8.05106       16.63055
H         -3.37443        9.20150       15.60025
H         -4.01400        8.82919       17.21059
C         -1.87796        9.78158       18.65100
H         -2.76803        9.61628       19.25750
H         -1.30443       10.58576       19.10153
H         -1.27720        8.87736       18.68475
C         -0.43334       12.46764       16.28276
H          0.54603       12.69728       15.85704
C         -1.47562       13.24562       15.48773
H         -2.47247       13.06150       15.88243
H         -1.45933       12.93307       14.44101
H         -1.28688       14.31834       15.54049
C         -0.41615       12.94056       17.73301
H         -0.17531       14.00232       17.78290
H          0.32917       12.39672       18.30744
H         -1.38774       12.79530       18.19719
C          0.82528        9.54981       16.58753
H          1.07662        9.73468       17.63561
C          2.01510        9.96315       15.72820
H          2.87841        9.33199       15.93630
H          2.29664       10.99534       15.91660
H          1.75814        9.85939       14.67347
C          0.57161        8.05786       16.40840
H          0.24390        7.86458       15.38862
H         -0.19951        7.70374       17.08583
H          1.47959        7.48583       16.59758
N         -1.58449        8.98768       10.98463
C         -1.83947        9.07211        9.61167
C         -0.80401        9.36433        8.71515
H          0.20734        9.46305        9.09292
C         -1.03914        9.48375        7.35441
C          0.09514        9.72408        6.40325
H         -0.20144       10.40587        5.60828
H          0.39213        8.78200        5.94019
H          0.95798       10.13291        6.92329
C         -2.33409        9.33381        6.87522
H         -2.52340        9.43163        5.81545
C         -3.38426        9.04977        7.73804
C         -4.78763        8.92869        7.22233
H         -5.33586        8.16235        7.76626
H         -4.79266        8.68213        6.16318
H         -5.31496        9.87472        7.35369
C         -3.12972        8.90652        9.09198
H         -3.95202        8.68980        9.76095
C         -1.99252        7.72643       11.58620
H         -2.93001        7.36519       11.14229
H         -2.16554        7.90415       12.65378
C         -0.94695        6.58695       11.46833
C          0.43894        7.11980       11.82896
H          0.79911        7.77868       11.04141
H          1.14546        6.29974       11.94206
H          0.39207        7.68135       12.76440
C         -1.34595        5.49067       12.45975
H         -1.30554        5.86955       13.47820
H         -0.67085        4.64145       12.37850
H         -2.35764        5.14335       12.26137
C         -0.92833        6.00635       10.05214
H         -1.90186        5.59393        9.79372
H         -0.18997        5.20972        9.98132
H         -0.67918        6.77141        9.32066
N         -2.73926       11.96267       11.81287
C         -2.63084       12.94242       10.83955
C         -2.81057       14.31217       11.09497
H         -3.09095       14.64606       12.08518
C         -2.58687       15.26417       10.11759
C         -2.77903       16.72177       10.41834
H         -3.72463       17.06765        9.99943
H         -1.98202       17.31552        9.97419
H         -2.79565       16.90166       11.49080
C         -2.18413       14.86515        8.84739
H         -2.00871       15.61114        8.08491
C         -2.01639       13.52055        8.55294
C         -1.60962       13.06648        7.18226
H         -0.69646       12.47475        7.23249
H         -1.44455       13.91535        6.52219
H         -2.38507       12.43363        6.75094
C         -2.24269       12.57777        9.54350
H         -2.15678       11.52891        9.28412
C         -3.81337       12.09254       12.77565
H         -4.08019       13.14417       12.92937
H         -3.46942       11.68179       13.73560
C         -5.10459       11.33241       12.37311
C         -6.23261       11.77437       13.30868
H         -7.13475       11.20022       13.10968
H         -6.46153       12.82891       13.16840
H         -5.94808       11.61799       14.34687
C         -4.86974        9.83062       12.52736
H         -5.70864        9.26544       12.12543
H         -4.74775        9.57030       13.57686
H         -3.95706        9.54822       12.00257
C         -5.48173       11.65249       10.92509
H         -4.72780       11.26879       10.24003
H         -5.56509       12.72763       10.77538
H         -6.43735       11.19519       10.67529
N          0.35395       12.01735       11.35863
C          1.26710       11.58880       10.41758
C          1.93697       10.37644       10.65308
H          1.75370        9.86436       11.59887
C          2.84942        9.86678        9.74377
C          3.54872        8.56596       10.00676
H          3.06776        7.76206        9.44752
H          3.51516        8.31227       11.06373
H          4.58769        8.61788        9.68711
C          3.10667       10.57666        8.57646
H          3.82372       10.19150        7.86536
C          2.46115       11.78058        8.31534
C          2.77097       12.54845        7.06369
H          3.65885       13.16309        7.21812
H          1.94785       13.20733        6.79554
H          2.97116       11.87560        6.23195
C          1.55084       12.27903        9.23089
H          1.04452       13.21056        9.02009
C          0.36712       13.42260       11.69689
H         -0.48942       13.60311       12.36071
H          0.22680       14.05563       10.80684
C          1.64082       13.89839       12.45128
C          1.25308       15.12155       13.28828
H          0.54409       14.84445       14.06412
H          0.79743       15.88432       12.65927
H          2.13293       15.55092       13.76326
C          2.14065       12.78092       13.37026
H          2.81808       13.18347       14.12077
H          2.67854       12.02525       12.80048
H          1.29825       12.29768       13.86750
C          2.75503       14.30482       11.48291
H          3.61761       14.66238       12.04257
H          2.42010       15.10488       10.82496
H          3.07269       13.46423       10.87118
