57
CSD_code = NUGWER | q = 0 | S = 0 | Stoichiometry = C15H33NO3P3SiTa | MND = 6
Ta         1.69470        3.31651        1.72216
P          2.30542        0.88321        1.65368
P          1.85018        3.06142        4.18915
P          4.14475        3.70341        1.79025
Si         4.46605        1.39841        3.86040
O          0.96332        6.19305        1.93170
O          1.49172        3.75979       -1.37734
O         -1.40250        2.85173        1.54050
N          1.25256        5.05204        1.84036
C          3.87020        0.27754        2.42349
C          2.97973        1.83203        4.98549
C          5.20459        3.00983        3.13918
C          1.06372       -0.19049        2.46262
C          2.36959        0.07571        0.01068
C          0.28659        2.76281        5.09493
C          2.36176        4.61545        5.00291
C          5.05206        3.13966        0.30237
C          4.63947        5.46186        1.78912
C          5.80059        0.46791        4.87510
C          5.16791       -0.69306        5.63459
C          6.87832       -0.07985        3.94574
C          6.44957        1.41649        5.87707
C          1.59929        3.53877       -0.25631
C         -0.26272        2.95390        1.62556
H          3.71104       -0.75517        2.74295
H          4.62800        0.27117        1.63732
H          3.29591        2.23820        5.94897
H          2.39151        0.93257        5.17788
H          6.21249        2.86676        2.74322
H          5.25669        3.76644        3.92452
H          1.01688        0.03619        3.52602
H          0.09484        0.03517        2.01598
H          1.30334       -1.24539        2.31862
H          1.38984        0.19626       -0.45219
H          3.10544        0.57893       -0.61538
H          2.61508       -0.98400        0.09903
H         -0.39021        3.57847        4.83941
H         -0.16385        1.82985        4.75873
H          0.44951        2.73331        6.17362
H          2.28578        4.53646        6.08869
H          3.38206        4.86522        4.71852
H          1.69777        5.40022        4.63886
H          5.00262        2.05538        0.22062
H          4.55360        3.57758       -0.56290
H          6.09454        3.46087        0.33229
H          5.72534        5.57182        1.79739
H          4.22011        5.91235        0.88919
H          4.20239        5.96350        2.65127
H          4.42059       -0.33556        6.33880
H          4.69032       -1.39286        4.95252
H          5.92574       -1.23820        6.19652
H          7.65267       -0.58855        4.51921
H          6.45874       -0.79436        3.24168
H          7.35186        0.72057        3.38184
H          7.19651        0.89031        6.47077
H          6.94449        2.24019        5.36843
H          5.71009        1.82893        6.55960
