41
CSD_code = OBIKOZ | q = 0 | S = 0 | Stoichiometry = C11H24Cl2N2SiTi | MND = 4
Ti        -2.12579        1.83051        9.18256
Cl        -0.83585        3.02355        7.92350
Si        -2.12571       -0.82091        9.18248
N         -1.37263        0.44202       10.12496
C         -2.98666       -2.33468       10.01154
H         -2.83673       -2.44630       11.08229
H         -4.05072       -2.45522        9.82421
C         -2.12578       -3.30816        9.18252
H         -2.73620       -3.94848        8.54809
H         -1.51541       -3.94851        9.81696
C         -0.14446        0.50754       10.86610
C         -0.11827        1.88495       11.56003
H         -0.12811        2.68058       10.80028
H          0.77539        1.99553       12.17117
H         -0.99959        1.98720       12.19956
C          1.04757        0.40181        9.89749
H          1.07725       -0.59156        9.45653
H          1.98553        0.58761       10.41570
H          0.92553        1.13350        9.09349
C         -0.07962       -0.61062       11.91381
H         -0.94058       -0.54052       12.57474
H          0.83085       -0.53214       12.50255
H         -0.10088       -1.57774       11.41889
Cl        -3.41596        3.02300       10.44190
N         -2.87871        0.44203        8.23996
C         -4.10679        0.50754        7.49867
C         -4.13295        1.88498        6.80480
H         -4.12321        2.68058        7.56458
H         -5.02655        1.99556        6.19356
H         -3.25156        1.98727        6.16537
C         -5.29895        0.40172        8.46712
H         -5.32865       -0.59167        8.90802
H         -6.23685        0.58752        7.94880
H         -5.17703        1.13338        9.27117
C         -4.17146       -0.61057        6.45091
H         -3.31043       -0.54040        5.79008
H         -5.08187       -0.53211        5.86207
H         -4.15021       -1.57771        6.94579
C         -1.26483       -2.33475        8.35348
H         -1.41475       -2.44640        7.28273
H         -0.20078       -2.45534        8.54084
