48
CSD_code = OFUSIR | q = 0 | S = 0 | Stoichiometry = C17H24CrO4Si2 | MND = 9
Cr         4.74321        0.85636        2.60835
Si         4.62482        5.95226        3.04544
Si         2.05626        3.85619        3.66066
C          3.96433        4.20450        3.58825
O          4.38206        4.10130        4.98768
C          5.43453        3.17037        5.13925
H          6.33175        3.68411        5.52265
H          5.13984        2.40891        5.87586
C          5.66851        2.58888        3.77697
C          6.71016        1.76379        3.33087
H          7.46795        1.40798        4.01831
C          6.80691        1.50783        1.95820
H          7.65124        0.94647        1.57580
C          5.86889        2.04673        1.05845
H          5.99846        1.88923       -0.00565
C          4.81479        2.84595        1.52283
H          4.14551        3.32822        0.82203
C          4.75956        3.17537        2.88801
C          4.29495        7.20403        4.43727
H          4.36478        6.72989        5.41031
H          5.01819        8.01345        4.40611
H          3.30779        7.64456        4.35320
C          6.51326        5.78181        2.78546
H          7.01147        5.45873        3.69517
H          6.75678        5.06511        2.00494
H          6.95109        6.73351        2.49879
C          3.83253        6.51885        1.40626
H          2.75191        6.57314        1.48274
H          4.19070        7.50972        1.14727
H          4.07478        5.86288        0.57638
C          1.23197        5.39201        4.42810
H          1.25616        6.24504        3.75804
H          0.19140        5.18540        4.65668
H          1.72221        5.67853        5.35177
C          1.37003        3.55918        1.90648
H          1.65369        4.33834        1.20609
H          1.70118        2.60669        1.50574
H          0.28587        3.53192        1.93682
C          1.78746        2.34782        4.78240
H          2.09879        2.55789        5.80110
H          0.73919        2.06764        4.80896
H          2.34764        1.48380        4.43083
C          4.30486       -0.09458        4.09556
O          4.00699       -0.75876        4.99607
C          3.03968        0.39943        2.16941
O          1.98850       -0.01442        1.90620
C          4.93600       -0.81978        1.93350
O          4.98801       -1.90369        1.53311
