66
CSD_code = OJUHOR | q = 1 | S = 0 | Stoichiometry = C21H37HfO5Si2(1+) | MND = 10
Hf         0.95193        4.99803       11.88684
O          1.90304        3.15279       11.43356
C          2.92600        2.74047       12.07755
C          3.11526        1.25512       12.22588
H          3.51046        1.01051       13.20744
H          3.83349        0.91087       11.48261
H          2.17356        0.73824       12.05920
C          3.90057        3.59655       12.58828
H          4.75378        3.17482       13.09291
C          3.85303        4.97822       12.37859
C          5.03525        5.80907       12.78850
H          5.91279        5.50467       12.22116
H          5.25587        5.66042       13.84281
H          4.83450        6.85947       12.59864
O          2.87030        5.56345       11.81441
O         -0.56993        3.71756       11.50268
C         -0.94070        2.73812       12.22484
C         -1.99514        1.81750       11.67256
H         -2.77383        1.63925       12.40947
H         -1.54623        0.85613       11.42790
H         -2.43044        2.24265       10.77250
C         -0.43804        2.45358       13.50065
H         -0.83711        1.58730       14.00477
C          0.55201        3.17512       14.16445
C          0.99975        2.68614       15.51540
H          0.14361        2.50012       16.15910
H          1.65200        3.42246       15.97700
H          1.54022        1.74734       15.40529
O          1.11156        4.23301       13.71111
O          1.12476        4.86532        9.59340
C          0.30259        7.19197       10.95868
H          0.52514        7.59776        9.98126
C         -0.87482        6.45754       11.29746
C         -0.85366        6.29823       12.71061
H         -1.66567        5.89471       13.30201
C          0.31253        6.90982       13.24019
C          1.00636        7.47773       12.13620
H          1.87497        8.11497       12.21189
Si        -2.35796        6.13385       10.18169
C         -1.92908        4.96013        8.71548
H         -1.51917        4.00713        9.04109
H         -1.25489        5.42799        8.00039
H         -2.83596        4.73461        8.16206
C         -2.91239        7.79275        9.43165
H         -3.78964        7.66044        8.80767
H         -2.13811        8.23990        8.81628
H         -3.16551        8.51035       10.20505
C         -3.75426        5.35046       11.21631
H         -4.57984        5.04171       10.58332
H         -4.14870        6.06302       11.93389
H         -3.41737        4.47894       11.76860
Si         0.73512        7.17295       15.05971
C          0.57828        9.02755       15.45962
H          0.81631        9.21717       16.50066
H         -0.42992        9.38784       15.28316
H          1.24916        9.62932       14.85504
C         -0.49562        6.17058       16.12360
H         -0.16497        6.12075       17.15583
H         -0.61830        5.15281       15.76545
H         -1.47413        6.64053       16.12363
C          2.54024        6.61432       15.37243
H          2.74601        5.65187       14.90999
H          2.74855        6.52910       16.43437
H          3.24121        7.33686       14.96614
H          0.29882        4.93623        9.07737
H          1.55739        4.03838        9.32587
