54
CSD_code = OLIVAH | q = 0 | S = 0 | Stoichiometry = C22H27MnO3Si | MND = 8
Mn        11.90420        3.63097       10.52620
Si         9.23758        0.12473       12.93269
O         10.91791        6.28631        9.77706
O         14.66097        3.79182        9.52492
O         12.77868        4.21060       13.26757
C         10.71194        2.93526        8.66047
C         11.55139        1.92936        9.14673
C         11.46172        1.56325       10.52374
H         11.99284        0.68261       10.87317
C         10.49099        2.16478       11.37845
C          9.71509        3.21227       10.85369
C          9.38397        3.15372        9.36299
H          8.96808        4.12128        9.05565
C         10.75596        3.34984        7.21441
H         11.77601        3.45093        6.85033
H         10.24813        4.30252        7.07471
H         10.24231        2.60411        6.60119
C          8.71027        3.95021       11.70206
H          7.81838        3.33959       11.85256
H          8.40936        4.87417       11.21008
H          9.11904        4.21150       12.67626
C         12.54482        1.22413        8.25761
H         12.00769        0.66427        7.48922
H         13.15493        0.53029        8.83293
H         13.21045        1.92057        7.75059
C         10.38628        1.67074       12.78572
H         10.01430        2.44837       13.45023
H         11.37412        1.38581       13.15373
C          9.34168       -0.44058       14.74972
H          9.00916        0.33795       15.42948
H         10.35592       -0.70756       15.03052
H          8.71597       -1.31090       14.91973
C          7.43442        0.54884       12.48795
H          7.33820        0.88955       11.46166
H          7.03156        1.32008       13.13799
H          6.80209       -0.32736       12.59656
C          9.86008       -1.26641       11.78603
H          9.26790       -2.16641       11.92248
H         10.89497       -1.52667       11.99025
H          9.78483       -0.98579       10.74002
C         11.35158        5.26621       10.08250
C         13.58352        3.73689        9.93130
C         12.45567        3.99632       12.18219
C          8.32834        2.10264        9.07089
C          8.64444        0.78072        8.78634
H          9.67764        0.47424        8.71362
C          7.64724       -0.15664        8.57899
H          7.91313       -1.17999        8.35653
C          6.31615        0.21241        8.65478
H          5.53901       -0.52004        8.49582
C          5.98827        1.52936        8.92954
H          4.95212        1.82969        8.98424
C          6.98629        2.46485        9.13225
H          6.72094        3.49203        9.33960
