120
CSD_code = OSIHUU | q = 0 | S = 0 | Stoichiometry = C47H64N6Si2Zr | MND = 6
Zr         5.31829       17.10679        4.30416
Si         3.60362       18.54108        1.79562
Si         6.30362       14.02495        5.43659
N          6.47556       15.33954        4.36808
N          5.02224       17.76012        2.33360
N          3.99188       15.41831        3.41213
N          5.70240       18.33882        5.96049
N          6.68309       19.21799        6.48800
N          7.53489       18.05443        3.82919
C          6.90526       15.10665        3.01748
H          7.23780       14.06737        2.88736
H          7.77187       15.74800        2.76878
C          5.84457       15.35026        1.87483
C          5.74548       16.86711        1.46868
H          6.79300       17.20488        1.35392
H          5.30878       16.86225        0.46130
C          6.38630       14.61849        0.63706
H          6.48396       13.55058        0.82049
H          7.37385       15.00758        0.39570
H          5.74744       14.77174       -0.23044
C          4.50102       14.85235        2.30573
C          3.80234       13.85485        1.61954
H          4.20766       13.41605        0.72371
C          2.57881       13.42214        2.08985
H          2.03037       12.65347        1.56618
C          2.07374       13.99220        3.25198
H          1.12716       13.67720        3.66117
C          2.81245       14.98464        3.86486
H          2.44537       15.46629        4.76360
C          5.18039       14.66316        6.84300
H          4.14220       14.41174        6.64575
H          5.26375       15.74619        6.92984
H          5.43844       14.22313        7.79986
C          5.46428       12.45922        4.68099
H          6.10412       11.98552        3.94203
H          4.53376       12.71687        4.18479
H          5.23258       11.71479        5.43472
C          7.99411       13.37808        6.17973
C          8.56639       14.36750        7.19587
H          7.87542       14.51400        8.02114
H          8.76235       15.33250        6.73514
H          9.50624       13.99376        7.60438
C          9.02538       13.19071        5.06564
H          9.97103       12.83033        5.47195
H          9.21030       14.13208        4.55248
H          8.67642       12.46478        4.33423
C          7.79961       12.03800        6.89152
H          7.04068       12.11936        7.66575
H          8.73033       11.71830        7.36112
H          7.49419       11.26536        6.19196
C          3.17480       19.91800        3.04981
H          2.12819       20.18594        2.95623
H          3.74950       20.82286        2.88560
H          3.33543       19.59723        4.07418
C          2.03198       17.42179        1.66750
H          2.22712       16.50678        1.11382
H          1.20580       17.92844        1.17907
H          1.69622       17.13888        2.66216
C          3.78036       19.41626        0.05435
C          5.16464       20.05510       -0.07480
H          5.33762       20.75787        0.73728
H          5.25346       20.59593       -1.01789
H          5.94459       19.29756       -0.04345
C          3.58000       18.44225       -1.10830
H          4.33270       17.65676       -1.10541
H          3.65316       18.96687       -2.06193
H          2.60101       17.97375       -1.05418
C          2.72939       20.51992       -0.08804
H          1.72594       20.11444        0.01216
H          2.80636       20.99422       -1.06712
H          2.86338       21.28553        0.66988
C          3.54737       17.53120        5.63805
H          2.57669       17.92957        5.30788
H          3.35213       16.76034        6.40022
C          4.37650       18.62344        6.26560
C          3.95572       19.74291        6.91130
H          4.69420       20.50204        7.14870
C          2.60779       20.10903        7.27340
C          1.57284       19.19071        7.48629
H          1.77384       18.13368        7.41532
C          0.30499       19.61230        7.83442
H         -0.47531       18.87999        7.99599
C          0.02459       20.95979        7.98969
H         -0.97009       21.28540        8.25893
C          1.04242       21.88399        7.81136
H          0.84188       22.93856        7.94550
C          2.30956       21.46571        7.46562
H          3.09622       22.19619        7.33015
C          7.04879       20.34236        5.78010
C          6.30326       20.74110        4.66078
H          5.42438       20.17141        4.38444
C          6.67906       21.85038        3.92936
H          6.07600       22.15793        3.08688
C          7.81672       22.56764        4.26039
H          8.10265       23.43820        3.69003
C          8.58927       22.14726        5.33254
H          9.49338       22.68189        5.58695
C          8.22214       21.04934        6.08178
H          8.84815       20.72397        6.89879
C          7.04979       18.99426        7.81892
C          7.22886       20.03400        8.73281
H          7.07523       21.05665        8.42283
C          7.57322       19.75666       10.04134
H          7.70579       20.57117       10.73867
C          7.73218       18.44837       10.46811
H          8.00169       18.23948       11.49245
C          7.52687       17.41167        9.57249
H          7.63606       16.38752        9.89856
C          7.18796       17.67835        8.26145
H          7.01586       16.87756        7.55611
C          7.81530       19.05891        2.99888
H          7.03179       19.32379        2.29682
C          9.03370       19.72329        2.99962
H          9.22234       20.51388        2.29150
C          9.98604       19.36443        3.94000
H         10.93825       19.87124        3.98155
C          9.69137       18.33541        4.82225
H         10.40333       18.02531        5.57101
C          8.46071       17.70502        4.72359
H          8.19161       16.86651        5.36161
