50
CSD_code = OXUGIY | q = 0 | S = 0 | Stoichiometry = C17H24FeO7Si | MND = 7
Fe         7.65184        5.30917       12.63081
O          9.05108        6.64782        8.35374
O          8.76425        8.75509        9.05273
O          6.55399        8.11473       10.30321
H          5.68277        7.68566       10.34425
C          6.81397        5.73427        9.79188
H          6.97808        5.50576        8.72848
C          7.40969        4.62459       10.63433
H          6.98285        3.66256       10.36264
C          8.80678        4.63486       10.92401
H          9.41953        3.74385       10.86499
C          9.31074        5.86021       11.37186
H         10.34211        5.98946       11.67765
C          8.33933        6.90968       11.40878
H          8.65614        7.87638       11.79284
C          7.48619        7.08542       10.14600
C          8.50849        7.45833        9.06328
C          9.73782        9.19790        8.11558
H         10.71543        8.77715        8.36024
H          9.75743       10.28186        8.18926
H          9.46382        8.88395        7.10670
O          5.44019        5.86844       10.01958
Si         4.23971        4.76821        9.78685
C          4.59868        3.70694        8.24223
H          4.84412        4.32848        7.38558
H          3.74865        3.09155        7.96786
H          5.43901        3.03862        8.40834
C          4.03985        3.62954       11.30473
H          4.95134        3.08254       11.52727
H          3.25104        2.90090       11.14961
H          3.78746        4.19817       12.19435
C          2.70503        5.90119        9.54212
C          2.88342        6.79968        8.31454
H          2.98324        6.20367        7.41035
H          3.76883        7.42292        8.41574
H          2.01961        7.45311        8.19581
C          2.47491        6.79037       10.76664
H          3.33244        7.43241       10.95017
H          2.30213        6.18858       11.65520
H          1.60253        7.42507       10.61234
C          1.46235        5.03476        9.33582
H          0.58164        5.66047        9.19633
H          1.29101        4.39530       10.19771
H          1.57084        4.40255        8.45831
C          8.30710        5.86921       14.16720
O          8.66805        6.22757       15.19276
C          6.04442        6.08506       12.75755
O          5.05314        6.60900       12.96256
C          7.31756        3.76485       13.39990
O          7.04537        2.77982       13.91769
