101
CSD_code = PACMOV | q = 0 | S = 0 | Stoichiometry = C32H61N2O3Si2Y | MND = 6
Y          0.13987        5.19294        0.57257
Si         2.44416        3.84769        2.57342
Si        -2.19628        3.55856       -1.03424
O          1.22024        4.87846        3.12212
O         -1.71031        3.36817        0.57614
O          1.87872        7.35330       -0.03416
N          1.96085        3.84997        0.95343
N         -1.00379        4.70221       -1.40825
C         -0.92683        6.97101        1.39724
C         -1.43552        8.00396        1.78635
C         -2.01919        9.21340        2.25330
C         -1.72233        9.69384        3.53000
C         -2.28412       10.87423        3.97625
C         -3.14532       11.59037        3.16017
C         -3.44386       11.11971        1.89125
C         -2.88640        9.94059        1.43642
C          1.10833        5.60263        4.33394
C         -0.38149        5.68606        4.69998
C          1.64280        7.02282        4.10379
C          1.85859        4.94324        5.49111
C          4.21058        4.52339        2.97917
C          2.31049        2.20012        3.56572
C          2.70014        3.20971       -0.12464
C          3.54038        4.26923       -0.86529
C          3.63824        2.09389        0.35314
C          1.71423        2.58420       -1.12782
C         -1.98771        2.33408        1.49978
C         -1.77110        2.93964        2.89328
C         -0.99388        1.18842        1.28435
C         -3.42669        1.82926        1.39040
C         -2.12576        1.91240       -2.02811
C         -4.04685        4.09303       -1.03692
C         -1.03589        5.54970       -2.58401
C         -1.63371        4.83779       -3.80556
C         -1.85972        6.82144       -2.30325
C          0.40338        5.96126       -2.94696
C          3.14557        7.49504        0.60917
C          3.17595        8.89635        1.25130
C          1.86342        9.53894        0.78501
C          1.48421        8.66860       -0.41040
H         -1.05213        9.13037        4.16404
H         -2.05126       11.23966        4.96660
H         -3.58386       12.51254        3.51282
H         -4.11642       11.67670        1.25428
H         -3.11732        9.56804        0.44838
H         -0.76148        4.69989        4.95247
H         -0.94829        6.07875        3.85639
H         -0.51996        6.34082        5.55704
H          2.70973        6.99136        3.90118
H          1.13049        7.45889        3.24750
H          1.47274        7.64233        4.98112
H          1.71184        5.52332        6.39935
H          1.47777        3.93968        5.65354
H          2.92045        4.88671        5.27943
H          4.85319        4.46029        2.10664
H          4.21601        5.56224        3.29640
H          4.68710        3.94101        3.76278
H          1.27908        1.87146        3.65941
H          2.71954        2.28442        4.56822
H          2.85771        1.40594        3.07007
H          4.29601        4.67331       -0.19590
H          2.89344        5.08329       -1.19570
H          4.03703        3.83609       -1.73144
H          3.06574        1.32025        0.85499
H          4.15334        1.64953       -0.49622
H          4.37641        2.47888        1.04787
H          0.96235        3.31653       -1.43217
H          1.20723        1.73976       -0.66751
H          2.24419        2.22798       -2.01022
H         -1.92630        2.19211        3.66864
H         -2.47019        3.76095        3.04792
H         -0.75218        3.32380        2.95907
H          0.01922        1.58206        1.35639
H         -1.13419        0.75360        0.29921
H         -1.13166        0.41419        2.03571
H         -3.59494        1.35559        0.42927
H         -4.11691        2.66131        1.49591
H         -3.62598        1.10458        2.17648
H         -2.69855        1.11228       -1.56889
H         -2.53342        2.06099       -3.02240
H         -1.10479        1.56274       -2.14655
H         -4.31412        4.52767       -1.99483
H         -4.23728        4.84575       -0.27613
H         -4.72786        3.26504       -0.86589
H         -1.09851        3.91106       -3.98753
H         -1.55858        5.47029       -4.68758
H         -2.67768        4.60209       -3.63128
H         -1.46600        7.33089       -1.42252
H         -2.89092        6.54701       -2.10155
H         -1.83280        7.50052       -3.15347
H          0.97413        5.08368       -3.24349
H          0.88665        6.42660       -2.08515
H          0.40140        6.66899       -3.77427
H          3.23058        6.67907        1.32758
H          3.94136        7.40019       -0.14214
H          3.22922        8.84246        2.33569
H          4.03711        9.45987        0.89405
H          1.09454        9.44877        1.55191
H          1.97617       10.58635        0.51682
H          0.41431        8.65917       -0.61822
H          2.03839        8.97754       -1.30917
