75
CSD_code = PAXJAZ | q = 1 | S = 0 | Stoichiometry = C29H42N2SiTa(1+) | MND = 8
Ta        -0.40743        5.31326        9.93035
Si        -1.28276        2.14761       10.81222
N          1.51412        5.67324        9.78005
N         -0.62327        3.36351        9.70222
C          2.29468        4.62817       10.32302
C          3.07727        4.87538       11.45045
C          3.80680        3.85643       12.02924
C          3.74707        2.58129       11.49748
C          2.98231        2.30806       10.37080
C          2.26092        3.34234        9.75866
C          1.49157        3.04801        8.52320
C          0.08625        2.94801        8.56692
C         -0.60497        2.46820        7.45532
C          0.07163        2.16387        6.28940
C          1.43982        2.35080        6.21743
C          2.16297        2.77590        7.32603
C          3.64701        2.94435        7.20144
C          2.94773        0.90567        9.84351
C          2.28318        6.75680        9.20949
C         -0.11617        2.14961       12.32450
C         -3.00996        2.82283       11.27084
C         -1.37090        0.43749        9.98703
C         -0.70761        6.12321       12.03210
C         -0.85606        8.28390        8.37474
C         -1.86251        8.34224        9.39354
C         -2.54601        7.13838        9.42330
C         -1.93737        6.23799        8.44543
C         -0.89379        7.03580        7.77752
C         -0.15566        6.57013        6.56162
C          0.00696        9.44798        8.01919
C         -2.11983        9.54812       10.22866
C         -3.77934        6.82302       10.20760
C         -2.78470        5.27922        7.64165
H          3.09198        5.86949       11.87340
H          4.40999        4.05409       12.90119
H          4.30226        1.78028       11.96113
H         -1.67426        2.33950        7.52695
H         -0.47197        1.79625        5.43314
H          1.96380        2.14650        5.29646
H          4.12685        1.97342        7.08780
H          4.07083        3.43998        8.07018
H          3.88064        3.52675        6.31188
H          2.91932        0.19580       10.66736
H          2.08804        0.73905        9.20076
H          3.84915        0.70081        9.26713
H          2.71334        6.45321        8.24655
H          3.10928        7.04785        9.86359
H          1.63421        7.61855        9.05796
H         -0.55518        1.59301       13.14541
H          0.08526        3.15935       12.67590
H          0.83948        1.68923       12.09258
H         -2.95646        3.83334       11.67175
H         -3.68577        2.83047       10.41998
H         -3.46306        2.19623       12.03091
H         -1.57476       -0.32275       10.73358
H         -2.15934        0.38085        9.24336
H         -0.43769        0.17719        9.49734
H         -0.60221        7.20763       12.05727
H          0.02813        5.71657       12.72595
H         -1.69177        5.88836       12.43850
H         -0.78013        6.70721        5.67686
H          0.10202        5.51050        6.62763
H          0.75791        7.14055        6.41031
H          0.75889        9.18280        7.28107
H          0.50208        9.85634        8.90019
H         -0.61018       10.24313        7.60041
H         -1.19846        9.90590       10.68761
H         -2.84457        9.34104       11.01040
H         -2.50858       10.35572        9.60848
H         -4.65387        7.22785        9.69544
H         -3.74589        7.26971       11.19974
H         -3.92106        5.74834       10.31104
H         -3.46614        5.84293        7.00222
H         -3.38530        4.63865        8.28673
H         -2.16555        4.65370        7.00045
