41
CSD_code = PEDMUG | q = 0 | S = 0 | Stoichiometry = C15H17NO6SiW | MND = 9
W          7.23795        2.71634        2.21495
Si        10.77661        3.34021        2.33685
O          8.73935        0.08735        1.56106
O          4.63394        1.18576        1.49518
O          6.95750        1.30930        4.96469
O         11.11754        2.74421        0.84174
O         11.68244        4.61452        2.85493
O         10.13323        2.35360        3.48873
N         12.65159        2.16370        2.87289
C          8.12744        1.03518        1.79258
C          5.60436        1.74117        1.77080
C          7.02871        1.82877        3.94029
C          9.12139        4.16753        1.96295
C          8.35527        4.66563        3.01671
C          7.00577        5.04563        2.83501
C          6.41219        4.89609        1.58228
C          7.17389        4.40681        0.49640
C          8.50389        4.03783        0.69706
C         12.03017        1.71769        0.59724
C         13.20465        1.83856        1.57730
C         13.05228        4.52473        3.09817
C         13.39629        3.13255        3.64393
C         10.85848        1.51435        4.33804
C         12.12836        1.03919        3.61971
H          8.82215        4.81018        3.98395
H          6.45145        5.49403        3.65350
H          5.38974        5.22220        1.41823
H          6.73295        4.36660       -0.49423
H          9.10604        3.69653       -0.13678
H         12.37671        1.80429       -0.43607
H         11.51923        0.75562        0.71957
H         13.79851        0.91732        1.58963
H         13.84120        2.66483        1.25699
H         13.32553        5.30037        3.81850
H         13.59148        4.71219        2.16127
H         14.47937        2.96166        3.61157
H         13.06024        3.07544        4.67991
H         10.22027        0.66858        4.60353
H         11.11149        2.06565        5.25269
H         12.85457        0.63170        4.33290
H         11.84791        0.25962        2.91105
