107
CSD_code = PEMLAX | q = 0 | S = 0 | Stoichiometry = C37H65N2RhSi2 | MND = 6
Rh         0.36891        3.05399        4.04663
H         -0.43693        4.27304        4.42056
H         -0.38415        1.80760        4.43360
Si        -1.50077        3.09875        2.55645
C         -0.60347        2.90786        0.82984
H          0.44293        3.20519        0.92159
H         -0.59530        1.85414        0.55472
C         -1.23754        3.70245       -0.30501
H         -2.27592        3.41601       -0.44857
H         -0.70374        3.52003       -1.23741
H         -1.20246        4.76908       -0.10263
C         -2.80922        1.67733        2.81194
H         -2.34843        0.77288        3.19731
H         -3.51274        2.00387        3.57597
C         -3.58494        1.33250        1.54507
H         -4.13542        2.19409        1.17660
H         -4.30139        0.53616        1.74233
H         -2.91500        0.99732        0.75755
C         -2.68436        4.63902        2.41871
H         -2.17392        5.49623        1.99116
H         -3.47292        4.37127        1.71398
C         -3.33438        5.07452        3.72418
H         -3.91739        4.26593        4.15595
H         -4.00175        5.91914        3.55651
H         -2.57827        5.37143        4.44520
Si        -0.29015        3.09626        6.36714
C          0.00649        4.75877        7.33093
H         -0.18753        4.56552        8.38723
H          1.04726        5.06486        7.26111
C         -0.86277        5.92315        6.87722
H         -0.64194        6.18193        5.84490
H         -0.67536        6.80427        7.48936
H         -1.91792        5.67311        6.95149
C         -2.15488        2.66380        6.65561
H         -2.77835        3.32968        6.06284
H         -2.34964        1.65738        6.28881
C         -2.58580        2.75222        8.11579
H         -1.97354        2.10957        8.74309
H         -3.62448        2.44327        8.22795
H         -2.49714        3.76980        8.48549
C          0.77231        1.78867        7.33571
H          1.79560        1.78627        6.96577
H          0.82359        2.09372        8.38176
C          0.22712        0.36935        7.25680
H         -0.75957        0.30736        7.70698
H          0.88411       -0.32473        7.77919
H          0.15153        0.04524        6.22267
C          3.50764        5.47602        1.92772
H          3.28002        5.68757        0.88341
H          4.54987        5.16388        1.98095
H          3.38888        6.38782        2.50651
C          2.61173        4.36120        2.42415
N          1.72638        4.56739        3.37384
C          2.84508        3.12899        1.80500
H          3.49954        3.16479        0.94514
C          2.51597        1.85287        2.25625
C          3.16270        0.72626        1.47773
H          3.20523       -0.19628        2.05054
H          4.16963        0.99629        1.16654
H          2.57669        0.54665        0.57553
N          1.73714        1.59308        3.29187
C          1.72227        5.82710        4.02765
C          2.46989        5.96888        5.20759
C          2.44176        7.17755        5.88312
H          3.00566        7.30274        6.79368
C          1.70121        8.23842        5.39564
H          1.68253        9.17505        5.93306
C          1.00428        8.10996        4.20951
H          0.45842        8.95761        3.82753
C          1.01438        6.91685        3.50180
C          3.28327        4.78945        5.67144
H          2.60042        3.93242        5.75074
H          4.01387        4.54904        4.89033
C          4.02206        4.95956        6.99089
H          4.75075        5.76532        6.92976
H          4.55414        4.04081        7.23027
H          3.33187        5.17088        7.80472
C          0.33597        6.77246        2.16579
H          1.09198        6.87599        1.37985
H         -0.05336        5.75341        2.09722
C         -0.78098        7.77482        1.89886
H         -1.29092        7.52347        0.97016
H         -0.38815        8.78354        1.79349
H         -1.50823        7.76643        2.70773
C          1.82927        0.29835        3.87279
C          1.01008       -0.77066        3.47214
C          1.12567       -1.99002        4.12218
H          0.49875       -2.81555        3.82536
C          2.04610       -2.17928        5.13657
H          2.11718       -3.13607        5.63238
C          2.88684       -1.14457        5.49120
H          3.62995       -1.28960        6.26267
C          2.80099        0.08909        4.86311
C          0.06905       -0.59087        2.31133
H         -0.29659        0.43708        2.33162
H          0.63836       -0.71063        1.38313
C         -1.11340       -1.55301        2.28198
H         -0.79453       -2.56736        2.05278
H         -1.81884       -1.24547        1.51340
H         -1.62936       -1.55990        3.23966
C          3.79415        1.15633        5.23587
H          3.42098        2.13231        4.92655
H          3.92907        1.16196        6.32100
C          5.15423        0.91489        4.57907
H          5.07408        0.97531        3.49718
H          5.53596       -0.07006        4.84013
H          5.87093        1.66318        4.91251
