99
CSD_code = PEMMOM | q = 0 | S = 0 | Stoichiometry = C33H57IrN2O4Si2 | MND = 6
Ir         8.78996        3.98543        3.84839
H          9.99018        3.03186        3.76699
N         10.24846        5.48713        3.56220
C         11.18857        7.74017        3.44931
H         12.04093        7.42510        4.04984
H         10.90941        8.74958        3.74142
H         11.50111        7.75904        2.40555
C         10.03043        6.78442        3.62962
C          8.79003        7.37587        3.84992
H          8.78998        8.45687        3.84982
C         11.54878        5.10260        3.16240
C         11.88833        5.13598        1.80133
C         13.13525        4.69966        1.37443
H         13.39606        4.70252        0.32863
C         14.05808        4.25639        2.30202
H         15.02281        3.90595        1.96851
C         13.77210        4.28559        3.65279
H         14.52380        3.96821        4.35646
C         12.53048        4.72992        4.09014
O         10.92463        5.64242        0.96941
C         11.20760        5.72227       -0.40353
H         12.08076        6.35472       -0.59903
H         10.33020        6.17480       -0.86343
H         11.37014        4.73190       -0.83997
O         12.19502        4.87520        5.40848
C         13.20940        4.70316        6.36611
H         13.57116        3.67112        6.39525
H         12.75959        4.95062        7.32697
H         14.05246        5.37791        6.18009
Si         8.71415        2.85443        1.68895
C          7.59696        1.25939        1.58231
H          7.82647        0.73009        0.65658
H          7.86486        0.59310        2.40142
C          6.09806        1.51753        1.63812
H          5.84449        2.06372        2.54246
H          5.54164        0.58070        1.63446
H          5.78246        2.10449        0.78038
C          8.03109        4.19445        0.47209
H          7.05475        4.50679        0.82848
H          8.66765        5.07429        0.51948
C          7.91701        3.73158       -0.97670
H          8.89260        3.47528       -1.38152
H          7.49072        4.51854       -1.59942
H          7.27924        2.85501       -1.05548
C         10.38064        2.18042        0.94439
H         10.21492        1.89405       -0.09547
H         11.12780        2.96932        0.93922
C         10.96529        0.98659        1.68916
H         11.14114        1.24337        2.72961
H         11.91147        0.68160        1.24430
H         10.28412        0.14171        1.65862
N          7.33177        5.48702        4.13803
C          6.39149        7.74007        4.25049
H          5.53920        7.42498        3.64987
H          6.67066        8.74947        3.95839
H          6.07883        7.75897        5.29420
C          7.54969        6.78433        4.07039
C          6.03143        5.10249        4.53778
C          5.69189        5.13595        5.89885
C          4.44497        4.69971        6.32581
H          4.18420        4.70261        7.37162
C          3.52210        4.25644        5.39827
H          2.55738        3.90602        5.73183
C          3.80805        4.28558        4.04749
H          3.05631        3.96819        3.34386
C          5.04966        4.72986        3.61008
O          6.65563        5.64244        6.73071
C          6.37269        5.72236        8.10365
H          5.49951        6.35478        8.29913
H          7.25008        6.17496        8.56350
H          6.21021        4.73201        8.54013
O          5.38503        4.87508        2.29170
C          4.37058        4.70302        1.33415
H          4.00879        3.67099        1.30509
H          4.82033        4.95041        0.37324
H          3.52755        5.37780        1.52018
H          7.58963        3.03203        3.93012
Si         8.86602        2.85406        6.01211
C          9.98329        1.25908        6.11813
H          9.75386        0.72961        7.04377
H          9.71538        0.59296        5.29888
C         11.48214        1.51741        6.06212
H         11.73561        2.06376        5.15783
H         12.03868        0.58065        6.06563
H         11.79770        2.10430        6.91992
C          9.54916        4.19432        7.22853
H         10.52551        4.50656        6.87207
H          8.91256        5.07412        7.18096
C          9.66304        3.73137        8.67723
H          8.68736        3.47515        9.08190
H         10.08938        4.51828        9.29997
H         10.30070        2.85471        8.75594
C          7.19939        2.18004        6.75610
H          7.36489        1.89368        7.79599
H          6.45237        2.96906        6.76100
C          6.61469        0.98645        6.01101
H          6.43901        1.24328        4.97052
H          5.66843        0.68152        6.45575
H          7.29581        0.14154        6.04163
