45
CSD_code = PEMSOP | q = 0 | S = 0 | Stoichiometry = C20H17CrNO5Si | MND = 6
Cr        -3.67699        0.50702       -2.88324
C         -4.81978       -0.26530       -4.14755
C         -4.39985       -0.63831       -1.59124
C         -3.25045        1.84429       -4.11812
C         -2.81358        1.45438       -1.52942
C         -5.10678        1.58450       -2.47068
O         -5.66878       -0.60791       -4.84747
O         -5.00959       -1.18694       -0.78113
O         -3.16503        2.76463       -4.80945
O         -2.45162        2.13618       -0.66753
O         -5.99768        2.26669       -2.20563
Si        -1.75720       -0.96722       -3.43951
N          0.26385        0.01260       -3.13336
C         -1.21967       -2.55198       -2.44766
C         -1.44424       -2.59549       -1.07087
C         -1.10418       -3.70629       -0.32028
C         -0.53979       -4.81168       -0.93561
C         -0.32366       -4.79680       -2.30313
C         -0.66131       -3.68042       -3.04814
C         -0.92540       -1.35303       -5.13759
C         -1.61646       -1.71128       -6.28769
C         -0.94618       -1.92343       -7.48088
C          0.42830       -1.76704       -7.54089
C          1.13326       -1.39684       -6.40657
C          0.45944       -1.19295       -5.21561
C          1.15798       -0.81361       -3.93960
C          0.19191        1.35852       -3.68061
C          0.65476        0.05147       -1.73637
H         -1.89532       -1.74221       -0.58111
H         -1.28410       -3.71426        0.74497
H         -0.27638       -5.68217       -0.35301
H          0.10765       -5.65905       -2.79109
H         -0.49242       -3.68463       -4.11549
H         -2.69012       -1.82710       -6.24505
H         -1.49513       -2.20591       -8.36686
H          0.95232       -1.92707       -8.47128
H          2.20586       -1.26963       -6.45174
H          1.37928       -1.72559       -3.37653
H          2.10486       -0.29660       -4.14173
H          1.16248        1.86214       -3.61837
H         -0.11250        1.31084       -4.72401
H         -0.54392        1.94166       -3.12910
H          0.65300       -0.95679       -1.32770
H          1.65177        0.48637       -1.60995
H         -0.06121        0.65242       -1.17913
