107
CSD_code = PERGEY | q = 0 | S = 0 | Stoichiometry = C54H45O4Si3V | MND = 4
V         12.02327        3.49371        1.21856
Si         8.86294        3.32494        1.65811
Si        13.85797        3.28919        3.86076
Si        12.94629        6.13785       -0.16507
O         10.45860        3.62118        1.69494
O         12.95271        3.64053        2.55866
O         12.30177        4.68414        0.11440
O         12.26097        2.14201        0.56045
C          8.08089        4.79121        2.58249
C          7.45561        4.66162        3.81769
C          6.93677        5.76453        4.47371
C          7.04017        7.02228        3.90425
C          7.66481        7.17092        2.67705
C          8.17705        6.06445        2.02458
C          8.64493        1.63286        2.48824
C          7.42098        1.17373        2.96631
C          7.32332       -0.04722        3.60964
C          8.45214       -0.83121        3.78117
C          9.67370       -0.39749        3.29270
C          9.76896        0.82308        2.64843
C          8.39500        3.36632       -0.18350
C          9.36095        3.03472       -1.13138
C          9.07646        3.10304       -2.48478
C          7.81982        3.50152       -2.91057
C          6.84854        3.82808       -1.97905
C          7.13615        3.76080       -0.62739
C         15.29505        2.19518        3.27890
C         16.54001        2.20643        3.90038
C         17.57208        1.40881        3.43858
C         17.37328        0.58643        2.34195
C         16.13967        0.56551        1.71082
C         15.10795        1.36144        2.17703
C         14.48494        4.91968        4.59799
C         14.93895        4.98562        5.91158
C         15.42559        6.16868        6.43721
C         15.46301        7.31167        5.65510
C         15.01138        7.26405        4.34724
C         14.53069        6.07662        3.82688
C         12.68414        2.35583        5.03164
C         11.31094        2.57352        4.93741
C         10.42336        1.88467        5.74444
C         10.89657        0.96635        6.66632
C         12.25895        0.74358        6.77854
C         13.14241        1.43218        5.96664
C         12.51841        6.60582       -1.94853
C         13.26523        7.53279       -2.66649
C         12.90959        7.88656       -3.95560
C         11.79479        7.31656       -4.54794
C         11.04100        6.39046       -3.84643
C         11.40100        6.04062       -2.55789
C         12.17932        7.37233        1.06662
C         12.23821        8.74805        0.86148
C         11.70354        9.62984        1.78340
C         11.09600        9.14853        2.93149
C         11.02055        7.78311        3.14924
C         11.55800        6.90698        2.22333
C         14.79184        5.91469        0.23791
C         15.29237        4.62654        0.42085
C         16.60042        4.42452        0.82500
C         17.43057        5.51035        1.04958
C         16.95171        6.79596        0.86058
C         15.64276        6.99390        0.46005
H          7.37401        3.68372        4.26976
H          6.45235        5.64368        5.43230
H          6.63895        7.88450        4.41719
H          7.75618        8.15045        2.23003
H          8.66514        6.18684        1.06658
H          6.53748        1.78145        2.83107
H          6.36668       -0.38764        3.97989
H          8.37761       -1.78167        4.28935
H         10.55494       -1.00946        3.41780
H         10.72821        1.16291        2.26330
H         10.35001        2.72403       -0.79967
H          9.83741        2.84703       -3.20812
H          7.59724        3.55762       -3.96651
H          5.86720        4.13885       -2.30758
H          6.37864        4.02365        0.09741
H         16.70082        2.85566        4.74942
H         18.53404        1.43012        3.93091
H         18.17954       -0.03438        1.97814
H         15.98270       -0.07188        0.85274
H         14.14277        1.35207        1.68019
H         14.90180        4.09850        6.52756
H         15.77505        6.20252        7.45934
H         15.84186        8.23624        6.06624
H         15.03253        8.15050        3.72975
H         14.18361        6.04110        2.80445
H         10.93610        3.28823        4.21381
H          9.36119        2.05870        5.65024
H         10.20511        0.42304        7.29384
H         12.63184        0.02732        7.49675
H         14.20412        1.24703        6.04932
H         14.14041        7.97367       -2.21118
H         13.50267        8.60606       -4.50200
H         11.51757        7.59117       -5.55550
H         10.17107        5.94031       -4.30306
H         10.81519        5.31403       -2.01019
H         12.70214        9.12748       -0.03807
H         11.75908       10.69476        1.60700
H         10.67923        9.83629        3.65303
H         10.54134        7.40066        4.03914
H         11.49063        5.83799        2.40295
H         14.64058        3.77212        0.24845
H         16.97110        3.42020        0.96932
H         18.44958        5.35457        1.37248
H         17.59786        7.64475        1.03349
H         15.26805        7.99971        0.33098
