57
CSD_code = PIJNIH | q = 0 | S = 0 | Stoichiometry = C21H32Cl2SiTi | MND = 12
C          6.98688        1.57056        5.71378
H          6.08836        0.96160        5.81267
H          6.88858        2.38551        6.43275
C          7.04876        2.14943        4.33317
C          6.28046        1.76086        3.20518
C          6.47653        2.73852        2.18322
C          7.39873        3.69718        2.66218
C          7.79911        3.30569        3.96973
C          5.22827        0.69351        3.13077
H          4.24599        1.15454        3.00644
H          5.20588        0.08885        4.03472
H          5.40243        0.03952        2.27502
C          5.68039        2.87091        0.92175
H          4.88567        3.60730        1.06803
H          5.22956        1.92221        0.64021
H          6.31039        3.20933        0.09874
C          7.70488        5.00928        2.00935
H          7.72416        4.91300        0.92499
H          8.66694        5.39796        2.33643
H          6.92916        5.73280        2.27487
C          8.59424        4.18858        4.88498
H          8.80282        3.69190        5.82833
H          8.02860        5.09931        5.09775
H          9.53589        4.48396        4.42146
C          9.30482        0.43943        4.31511
C         10.46769        1.08975        3.79419
C         10.82297        0.46843        2.57163
C          9.87074       -0.53212        2.29108
C          8.90712       -0.52778        3.33039
C         11.32956        2.11168        4.47168
H         12.28883        1.66544        4.74307
H         10.86227        2.49108        5.37302
H         11.52960        2.94640        3.79679
C         12.04967        0.73549        1.75836
H         12.77952       -0.06162        1.91902
H         12.50372        1.68438        2.03256
H         11.80983        0.76476        0.69532
C          9.96001       -1.50525        1.15877
H         10.66987       -2.29623        1.41333
H         10.31060       -1.01401        0.25185
H          8.99485       -1.96088        0.95106
C          7.81407       -1.54656        3.44749
H          7.30973       -1.67150        2.48800
H          7.08029       -1.25501        4.19243
H          8.23130       -2.51424        3.73528
C          9.66697        1.30750        7.40440
H         10.66132        0.87323        7.40211
H          9.22703        1.10397        8.37591
H          9.77516        2.38380        7.32456
C          8.13697       -1.20901        6.74393
H          8.85362       -1.95504        6.41652
H          7.15006       -1.55279        6.45343
H          8.16371       -1.18871        7.82852
Cl         9.86381        2.95783        1.36487
Cl         7.77199        0.64003        0.65440
Si         8.57282        0.52048        6.04639
Ti         8.52529        1.60217        2.53772
