82
CSD_code = PIPNUA | q = 0 | S = 0 | Stoichiometry = C44H32Cl2N2SiZr | MND = 12
Zr        10.13974        4.23716        3.34847
Cl        11.77731        2.64375        3.83775
Si        10.14021        7.51988        3.34844
N         10.91656        3.51582        6.69505
C          9.74048        6.21313        4.66689
C         10.68901        5.42978        5.42005
C         10.05531        4.24415        5.89680
C          8.68721        4.24601        5.51455
C          7.59485        3.40809        5.79292
C          6.38067        3.68236        5.21418
C          6.22446        4.77953        4.35362
C          7.25695        5.64934        4.09985
C          8.51751        5.44164        4.69645
C         11.55648        8.74112        3.75046
C         12.12181        4.19264        6.71350
C         12.01871        5.40563        5.97193
C         13.10326        6.27841        5.94608
C         14.27507        5.91438        6.57628
C         14.38830        4.68875        7.22841
C         13.31809        3.82093        7.31121
C         10.65661        2.22965        7.19080
C         10.02801        1.29120        6.37428
C          9.75779        0.02827        6.86710
C         10.10916       -0.30939        8.16448
C         10.73021        0.62543        8.97547
C         11.00068        1.89445        8.49665
H         11.41876        9.64289        3.16299
H         11.52391        9.02821        4.79672
H         12.54940        8.37325        3.52943
H          7.71417        2.56157        6.45495
H          5.53363        3.04479        5.41419
H          5.26452        4.94758        3.88896
H          7.08407        6.50657        3.46881
H         13.02162        7.23394        5.45466
H         15.12118        6.58487        6.55906
H         15.32699        4.41725        7.68731
H         13.41311        2.87301        7.81712
H          9.77402        1.54751        5.35116
H          9.27514       -0.69792        6.23056
H          9.89816       -1.29818        8.54284
H         10.99912        0.36926        9.98960
H         11.46024        2.63377        9.13502
N          9.36384        3.51577        0.00208
C         10.53998        6.21303        2.03015
C          9.59137        5.42971        1.27704
C         10.22501        4.24402        0.80045
C         11.59318        4.24608        1.18247
C         12.68574        3.40851        0.90362
C         13.89986        3.68265        1.48253
C         14.05565        4.77888        2.34439
C         13.02312        5.64857        2.59836
C         11.76268        5.44112        2.00142
C          8.72400        8.74119        2.94643
C          8.15861        4.19264       -0.01650
C          8.26170        5.40560        0.72510
C          7.17717        6.27840        0.75092
C          6.00541        5.91443        0.12058
C          5.89221        4.68886       -0.53167
C          6.96243        3.82104       -0.61446
C          9.62389        2.22966       -0.49375
C         10.25206        1.29112        0.32297
C         10.52226        0.02814       -0.16979
C         10.17147       -0.30938       -1.46740
C          9.55087        0.62557       -2.27860
C          9.28019        1.89454       -1.79975
H          8.86181        9.64301        3.53379
H          8.75647        9.02813        1.90014
H          7.73110        8.37339        3.16759
H         12.56605        2.56112        0.24275
H         14.74665        3.04450        1.28329
H         15.01591        4.94748        2.80822
H         13.19647        6.50665        3.22812
H          7.25874        7.23384        1.24251
H          5.15927        6.58489        0.13787
H          4.95356        4.41741       -0.99068
H          6.86746        2.87317       -1.12047
H         10.50570        1.54741        1.34617
H         11.00522       -0.69788        0.46668
H         10.38252       -1.29819       -1.84574
H          9.28176        0.36928       -3.29263
H          8.82044        2.63378       -2.43807
Cl         8.50529        2.64352        2.85700
