60
CSD_code = PIPPIQ | q = 0 | S = 0 | Stoichiometry = C26H26Cl2S4SiZr | MND = 12
Zr         9.09692        8.66478        3.77916
Cl        10.30077        6.72381        3.32627
Cl        11.02429        9.83838        4.35783
Si         5.87721        9.45543        3.65365
S          7.34593        6.84693        1.17114
S          8.57463       12.15106        2.92981
S          6.96673        5.82667        4.52331
S          8.19978       11.12958        6.28561
C          5.26855       11.20337        4.12123
C          4.80218       12.02591        2.92375
C          4.55293        8.18380        3.13104
C          3.96825        8.44701        1.74663
C          8.46510        3.59185        5.28332
C         10.34633       11.70060        7.98295
C          9.10302        5.31608       -0.37246
C         10.98270       13.43166        2.31985
C          7.28726        9.54074        2.39495
C          7.85625        8.43177        1.68830
C          8.86705        6.61174        0.31523
C          9.70161        7.67637        0.40859
C          9.16398        8.73293        1.19611
C          9.47083       10.05747        1.63501
C         10.48360       11.05177        1.52765
C         10.16209       12.20237        2.16910
C          8.33861       10.51412        2.37824
C          6.99193        8.74748        5.00801
C          7.46938        7.39940        5.08519
C          8.29066        5.06271        5.39897
C          9.05633        5.94769        6.08324
C          8.62595        7.29432        5.91889
C          8.93372        8.61761        6.35841
C          9.84017        9.31804        7.20303
C          9.58977       10.64929        7.25547
C          7.95333        9.47983        5.77626
H          6.07201       11.74496        4.62364
H          4.45277       11.12248        4.83858
H          3.94777       11.55889        2.44247
H          4.50976       13.02443        3.24084
H          5.59909       12.12125        2.19195
H          3.74725        8.18021        3.86488
H          4.98663        7.18267        3.14021
H          3.24712        7.67512        1.48702
H          3.46321        9.40781        1.71653
H          4.75140        8.44707        0.99369
H          7.52001        3.07573        5.44488
H          8.82363        3.33573        4.28574
H          9.19304        3.24420        6.01220
H         10.86309       12.34808        7.27402
H          9.67550       12.31969        8.57729
H         11.08484       11.24332        8.63667
H          9.21965        4.51855        0.36202
H          8.26295        5.06013       -1.01667
H         10.00907        5.37111       -0.97079
H         11.86295       13.37301        1.68460
H         10.40703       14.31722        2.05391
H         11.30796       13.53966        3.35507
H         10.67386        7.70485       -0.05403
H         11.41599       10.90804        1.00809
H          9.90815        5.65588        6.67412
H         10.65105        8.84963        7.73511
