66
CSD_code = PIQKEF | q = 0 | S = 0 | Stoichiometry = C26H29N2O5PSi2W | MND = 6
W         -1.22818        1.65626        6.52343
P         -0.91299        1.88236        4.06366
Si        -2.11729        4.36146        2.88237
Si         0.52769        2.98494        1.49727
N         -2.23340        1.27854        3.26697
N         -0.78736       -0.52376        3.16574
O         -1.70915        1.33148        9.59381
O          1.71150        2.02706        7.52485
O         -0.81283       -1.44928        6.28833
O         -4.25520        0.97247        6.04863
O         -1.23613        4.76043        6.95920
C         -1.54235        1.45591        8.46885
C          0.68340        1.89165        7.04015
C         -0.97366       -0.31935        6.33682
C         -3.17090        1.30472        6.17462
C         -1.33110        3.63727        6.75913
C          0.01860        0.34410        3.69685
C         -2.01565        0.03836        2.91640
C         -0.46291        3.36867        3.11166
H          0.17723        3.94828        3.78332
C         -2.99283        3.85649        1.26468
H         -3.30299        2.81745        1.31026
H         -2.37133        3.98129        0.38544
H         -3.88432        4.45976        1.12356
C         -3.39818        4.12836        4.26984
H         -4.35595        4.54413        3.96917
H         -3.11279        4.61869        5.19419
H         -3.54745        3.07397        4.47610
C         -1.61929        6.20363        2.87058
H         -0.89130        6.43402        2.10232
H         -1.20049        6.50824        3.82466
H         -2.49283        6.81954        2.68945
C          0.62245        4.58747        0.46393
H          1.13591        5.37449        1.00658
H         -0.34878        4.96782        0.17136
H          1.18816        4.40201       -0.44322
C         -0.25396        1.58356        0.47242
H          0.11027        1.60984       -0.55027
H         -1.33567        1.65126        0.44017
H         -0.00149        0.60948        0.88102
C          2.35165        2.53699        1.85626
H          2.47388        1.51312        2.19398
H          2.79721        3.18823        2.60242
H          2.93414        2.64832        0.94646
C          1.33559        0.00215        4.17952
C          2.17079        1.00069        4.68160
H          1.82081        2.02566        4.68018
C          3.42630        0.68370        5.15864
H          4.06651        1.45921        5.55121
C          3.86039       -0.63351        5.14084
H          4.83980       -0.88178        5.52160
C          3.03955       -1.63137        4.63736
H          3.38147       -2.65550        4.62608
C          1.78322       -1.32045        4.15617
H          1.12598       -2.08235        3.76742
C         -3.04487       -0.76887        2.28622
C         -4.32820       -0.25082        2.10785
H         -4.53880        0.74968        2.45408
C         -5.30559       -1.01819        1.50675
H         -6.29923       -0.61681        1.37226
C         -5.01482       -2.30507        1.07903
H         -5.78247       -2.90402        0.61133
C         -3.74199       -2.82520        1.25503
H         -3.51928       -3.82884        0.92364
C         -2.75877       -2.06449        1.85711
H         -1.76384       -2.45384        2.00594
