37
CSD_code = PIYLIS | q = 0 | S = 0 | Stoichiometry = C14H18Cl2Si2Zr | MND = 12
Zr         1.20441        2.08906        9.47917
Si         3.37726        3.23735        7.51093
Si         4.00217        0.67325        9.76923
Cl         0.01967        0.89883       11.09751
Cl        -0.59640        3.44007        8.86976
C          3.16865        3.45375        9.38531
C          3.42137        2.39190       10.32162
C          2.63663        2.64985       11.47470
C          1.91160        3.84303       11.27265
C          2.23530        4.33439        9.99048
C          2.41936        1.60072        7.47833
C          2.68281        0.53845        8.41120
C          1.49382       -0.22757        8.52285
C          0.51023        0.33429        7.68209
C          1.07680        1.45766        7.04368
C          3.54708       -0.57457       11.14061
C          5.83159        0.53409        9.24651
C          5.15057        3.18874        6.81404
C          2.30569        4.56638        6.65614
H          2.66130        2.07956       12.39630
H          1.29835        4.34764       12.01079
H          1.89802        5.27905        9.57954
H          1.38436       -1.14779        9.08513
H         -0.46973       -0.08423        7.48184
H          0.59379        2.05200        6.27642
H          5.79175        3.89733        7.32658
H          5.14159        3.45467        5.76288
H          5.59547        2.20520        6.90139
H          2.72446        5.55781        6.79399
H          2.24406        4.39127        5.58704
H          1.29254        4.56749        7.05747
H          2.50349       -0.46662       11.43500
H          4.16256       -0.42840       12.02225
H          3.70045       -1.59635       10.80914
H          5.94199       -0.05994        8.34625
H          6.40372        0.05021       10.02990
H          6.27533        1.50633        9.06841
