99
CSD_code = PODVAH | q = 0 | S = 0 | Stoichiometry = C37H53ClN3PSi3Ti | MND = 5
Ti         0.60612        3.56604       11.95720
Cl        -0.38943        5.46647       12.47774
P          2.10505        1.40188       11.42545
Si        -0.11291        4.56834        9.02287
Si        -1.78979        2.19405       13.62733
Si         4.25194        1.56774        6.92679
N          0.06618        3.24902       10.14283
N         -0.09827        2.43258       13.30132
N          4.35731        1.06858        8.59938
H          4.22663        1.80157        9.27998
C          1.45466        0.77364        9.81141
H          1.84304        1.42549        9.02168
H          1.79691       -0.25042        9.63499
C          1.35352        0.13727       12.55317
H          0.29727        0.04633       12.28054
H          1.85107       -0.83035       12.44658
C          3.88816        0.78411       11.44094
H          4.54051        1.63182       11.20692
H          4.07631        0.50678       12.48208
C         -0.04006        0.84511        9.80410
C         -0.67914        2.09841        9.91297
C         -2.06206        2.13482        9.69271
H         -2.56013        3.09126        9.67853
C         -2.79370        0.98340        9.48031
H         -3.86055        1.05012        9.32573
C         -2.16490       -0.24998        9.45823
H         -2.73233       -1.15484        9.30358
C         -0.78914       -0.30389        9.60250
H         -0.27970       -1.25566        9.53270
C         -1.67619        5.67775        9.17730
H         -2.55890        5.21720        8.74174
H         -1.51676        6.61828        8.65811
H         -1.89480        5.91619       10.21536
C          1.40481        5.71497        9.20838
H          1.25327        6.40823       10.03101
H          1.53088        6.30531        8.30695
H          2.33038        5.17144        9.37972
C         -0.12753        3.82178        7.25557
H          0.83768        3.41245        6.97541
H         -0.38667        4.57705        6.52227
H         -0.85799        3.02232        7.17911
C          1.48700        0.70011       13.93471
C          0.78102        1.88248       14.23405
C          0.92560        2.44106       15.50511
H          0.38933        3.35275       15.72791
C          1.73179        1.84566       16.45544
H          1.81750        2.28752       17.43663
C          2.42025        0.68253       16.15648
H          3.04579        0.21188       16.89973
C          2.30346        0.12557       14.89418
H          2.83741       -0.78569       14.65840
C         -2.26198        2.40867       15.47419
H         -1.68161        1.74849       16.11128
H         -3.31061        2.16991       15.62095
H         -2.10780        3.42640       15.82027
C         -2.85469        3.41689       12.62070
H         -3.11359        4.28847       13.21450
H         -3.77918        2.94212       12.30885
H         -2.33560        3.76752       11.73281
C         -2.29293        0.39269       13.18020
H         -2.15904        0.17507       12.12429
H         -3.33912        0.22690       13.41492
H         -1.71614       -0.32955       13.75139
C          4.17362       -0.37332       10.53900
C          4.40018       -0.18762        9.16135
C          4.66877       -1.30485        8.37189
H          4.85742       -1.15988        7.32141
C          4.69781       -2.57407        8.91284
H          4.90381       -3.42180        8.27640
C          4.47127       -2.75897       10.26601
H          4.49926       -3.74760       10.69749
C          4.21719       -1.65790       11.06320
H          4.06251       -1.79564       12.12428
C          4.01380        3.44765        7.07799
H          3.16256        3.69828        7.70451
H          3.84135        3.89376        6.10479
H          4.89039        3.92804        7.50180
C          2.75024        0.75128        6.07798
H          2.74647       -0.32472        6.22358
H          2.75470        0.93595        5.00808
H          1.81070        1.13173        6.46945
C          5.86076        1.18067        5.97591
H          6.73436        1.31778        6.60662
H          5.96972        1.83802        5.11843
H          5.88541        0.16106        5.60311
C          2.49033        4.50911       12.13801
H          3.25809        4.07301       11.48127
H          2.34087        5.56324       11.87726
C          2.87247        4.39066       13.54909
C          2.35737        5.27398       14.51153
H          1.64743        6.03423       14.20591
C          2.76787        5.21177       15.82782
H          2.36860        5.91382       16.54636
C          3.70211        4.27021       16.23137
H          4.03539        4.23684       17.25785
C          4.21198        3.37998       15.30160
H          4.94499        2.64513       15.60308
C          3.80453        3.43914       13.98376
H          4.24526        2.76455       13.26130
