107
CSD_code = POJLUY | q = 0 | S = 0 | Stoichiometry = C41H58N3OP2RhSi | MND = 4
Rh         9.55910       11.57821       11.51026
P          9.09753       13.68010       13.58838
P          6.19953       10.48566       10.45644
Si         8.90147        9.38925       11.17015
H          9.45998        8.32814       10.26586
N          7.70955       11.97452       12.14248
O         12.22392       10.93731       10.34465
N          7.15155        9.17601       10.50903
N          9.94531       13.65195       12.23582
C          6.47770       11.46632       11.90918
C          7.59402       12.81376       13.19636
C          6.27816       12.84527       13.65443
H          5.89082       13.40355       14.48619
C         13.51264       14.60355       11.90596
H         14.48332       14.13403       11.98798
C          6.42835        5.66147        8.30567
C         12.38011       13.85091       12.14099
H         12.47043       12.80211       12.39193
C          6.34370        6.90373        7.69325
H          6.09908        6.96596        6.64158
C          6.57607        8.06906        8.40145
H          6.53221        9.02570        7.89996
C         11.11034       14.41766       12.04635
C          6.88887        8.02348        9.75424
C          5.55923       11.99710       12.82184
C          6.76498        5.62154        9.65499
H          6.84953        4.67161       10.16130
C          8.68190       15.41550       14.12678
H          9.61880       15.97957       14.01730
C          6.99380        6.77854       10.37064
H          7.25672        6.73638       11.41639
C          7.61457        8.46175       13.61160
H          6.72608        8.93655       13.21742
C         13.42852       15.94846       11.56877
C          8.77115        8.46256       12.84093
C          6.16930        4.39829        7.52257
H          5.93817        4.67957        6.48875
C          9.84376       12.83445       15.08833
H          9.15572       12.98224       15.92769
C         11.21794       11.21403       10.83915
C         11.02536       15.76279       11.69159
H         10.05377       16.22072       11.57581
C          6.44267       11.62547        8.98819
H          5.87647       11.19761        8.15092
C          9.90715        7.86731       13.37861
H         10.81802        7.87550       12.79799
C          7.91226       11.70319        8.59703
H          8.52010       12.10838        9.42826
H          8.03303       12.35243        7.73117
H          8.30381       10.71696        8.35058
C          9.88413        7.27119       14.62581
H         10.77649        6.80607       15.02139
C          4.40092       10.03304       10.50591
H          3.90407       10.96257       10.81347
C         11.19862       13.45338       15.41085
H         11.90117       13.26262       14.60285
H         11.60378       13.02523       16.32689
H         11.12135       14.53263       15.54111
C          7.57866        7.87005       14.86134
H          6.66452        7.87829       15.44021
C          4.20621        8.97876       11.59141
H          4.70724        8.05280       11.31446
H          3.14622        8.76911       11.72805
H          4.61362        9.32161       12.54051
C          7.65831       15.95672       13.13040
H          7.92712       15.66584       12.11459
H          7.60492       17.04320       13.18048
H          6.67103       15.55200       13.34265
C          9.95278       11.34367       14.79002
H          8.96844       10.87581       14.77658
H         10.55643       10.84153       15.54397
H         10.41987       11.17831       13.80369
C          8.17828       15.54166       15.55839
H          7.33550       14.87571       15.73028
H          7.84553       16.56350       15.73840
H          8.95712       15.31002       16.28076
C          3.78246        9.57762        9.18840
H          3.89536       10.32750        8.40832
H          2.71576        9.41098        9.33572
H          4.22685        8.64485        8.85015
C          5.88050       13.00405        9.31772
H          4.84425       12.94375        9.64737
H          5.92354       13.64455        8.43828
H          6.46692       13.46886       10.10790
C         12.16344       16.51033       11.46008
H         12.05532       17.55007       11.18570
C          4.96505        3.64471        8.09168
H          5.15790        3.32490        9.11259
H          4.75338        2.76342        7.49004
H          4.08362        4.28273        8.09289
C          8.71665        7.26923       15.37218
H          8.69426        6.80368       16.34753
C         14.67587       16.75830       11.31370
H         15.54250       16.10953       11.48470
C         14.77165       17.94254       12.27800
H         13.94817       18.63532       12.12241
H         15.70494       18.48037       12.12395
H         14.73798       17.59546       13.30873
C          7.40982        3.50316        7.50619
H          8.26354        4.04724        7.10849
H          7.23467        2.62824        6.88370
H          7.65650        3.16635        8.50981
C         14.72085       17.23813        9.86129
H         14.65447       16.39067        9.18262
H         15.65087       17.76826        9.66600
H         13.89172       17.90976        9.65194
H          4.50693       11.79091       12.88451
