71
CSD_code = POTVAY | q = 0 | S = 0 | Stoichiometry = C32H36Si2Zr | MND = 12
Zr         4.90787       11.61590       12.33987
Si         8.22006       13.15790       12.44513
C          6.34737       13.29535       12.38948
C          5.63636       14.43679       12.17517
C          6.11389       15.69728       11.58837
C          5.46291       16.91275       11.86595
C          8.56988       11.50561       13.37224
H          8.37812       11.59152       14.43714
H          9.61157       11.21833       13.26503
H          7.96201       10.68886       12.98166
C          9.29854       13.01364       10.84623
H         10.11266       12.31009       10.99619
H          9.74489       13.96877       10.58678
H          8.73354       12.67111        9.98382
C          8.99853       14.56655       13.48463
H          8.91649       15.51869       12.97107
H         10.04985       14.38320       13.68185
H          8.49417       14.66890       14.44033
C          7.13398       15.69070       10.64054
H          7.57666       14.75131       10.36133
C          7.55433       16.85223       10.02369
H          8.34941       16.81823        9.29291
C          6.93409       18.05365       10.32379
H          7.24828       18.96637        9.83883
C          5.88781       18.07450       11.22522
H          5.37887       19.00786       11.41196
C          3.33555       10.65886       14.12649
H          2.25745       10.59882       14.07767
C          4.07561       11.69687       14.73145
H          3.66966       12.58361       15.20124
C          5.43277       11.31181       14.75325
H          6.22280       11.84465       15.26692
C          5.52995       10.02880       14.16284
H          6.40533        9.38959       14.17243
C          4.23136        9.62931       13.77875
H          3.95197        8.64511       13.41985
Si         1.59572       13.15789       12.23481
C          3.46840       13.29537       12.29041
C          4.17944       14.43681       12.50464
C          3.70194       15.69735       13.09137
C          4.35293       16.91279       12.81369
C          1.24598       11.50556       11.30773
H          1.43772       11.59150       10.24283
H          0.20430       11.21821       11.41494
H          1.85390       10.68883       11.69829
C          0.51730       13.01358       13.83375
H         -0.29717       12.31047       13.68364
H          0.07139       13.96882       14.09356
H          1.08217       12.67050       14.69601
C          0.81704       14.56645       11.19536
H          0.89899       15.51859       11.70894
H         -0.23427       14.38297       10.99819
H          1.32134       14.66887       10.23965
C          2.68189       15.69085       14.03924
H          2.23921       14.75148       14.31853
C          2.26159       16.85242       14.65603
H          1.46654       16.81849       15.38685
C          2.88183       18.05382       14.35582
H          2.56769       18.96658       14.84074
C          3.92808       18.07459       13.45436
H          4.43703       19.00793       13.26753
C          6.48025       10.65906       10.55321
H          7.55834       10.59903       10.60209
C          5.74020       11.69712        9.94832
H          6.14616       12.58391        9.47864
C          4.38304       11.31207        9.92645
H          3.59302       11.84496        9.41281
C          4.28585       10.02898       10.51669
H          3.41048        9.38976       10.50699
C          5.58443        9.62947       10.90083
H          5.86381        8.64523       11.25964
