90
CSD_code = PUJBIF | q = 0 | S = 0 | Stoichiometry = C37H50Si2Zr | MND = 12
Zr        -0.04751        1.51541        3.57139
Si        -2.87710        0.82181        4.84923
Si        -0.09876        1.40751        6.70136
C         -1.94337        2.45534        4.72695
C         -1.85454        3.29124        3.58467
H         -2.63023        3.38819        2.83337
C         -0.70773        4.11631        3.70688
C         -0.36873        5.32616        2.85737
H          0.37964        5.05775        2.09595
C         -1.61279        5.86367        2.14572
H         -1.35744        6.74921        1.56683
H         -2.37089        6.13758        2.87686
H         -2.03266        5.12532        1.46882
C          0.22677        6.44193        3.72201
H          1.18663        6.14724        4.13485
H         -0.44987        6.68536        4.53857
H          0.38097        7.33575        3.12102
C         -0.05396        3.73651        4.90264
H          0.79765        4.24010        5.33869
C         -0.80925        2.72920        5.55143
C         -1.34782       -0.28002        4.67352
C         -1.13438       -1.48888        3.98308
C         -2.19030       -2.23550        3.21161
H         -2.79325       -1.51084        2.65246
C         -1.60364       -3.24426        2.22420
H         -0.89157       -2.76892        1.55245
H         -2.39684       -3.68755        1.62467
H         -1.09374       -4.04476        2.75432
C         -3.11787       -2.95700        4.19712
H         -3.58478       -2.24096        4.86876
H         -2.54786       -3.66667        4.79262
H         -3.89804       -3.49799        3.66470
C          0.17310       -1.92138        4.23810
H          0.61796       -2.81853        3.84583
C          0.80079       -1.02426        5.10516
C          2.14495       -1.22107        5.75338
H          2.54347       -0.24404        6.04760
C          3.14890       -1.89014        4.81395
H          3.21271       -1.34813        3.87254
H          2.85119       -2.91376        4.60243
H          4.13682       -1.91271        5.26987
C          1.97114       -2.05876        7.02635
H          1.28410       -1.56418        7.70902
H          2.92654       -2.19880        7.52854
H          1.56292       -3.03538        6.77718
C         -0.11040        0.01837        5.40830
C         -3.91348        0.57615        6.44478
H         -4.97269        0.63820        6.21746
H         -3.69218        1.33223        7.18841
H         -3.73262       -0.39493        6.89333
C         -4.13097        0.77591        3.40411
H         -4.66361       -0.16747        3.37051
H         -3.65932        0.93756        2.43968
H         -4.87213        1.55688        3.54288
C         -1.06019        0.97726        8.30286
H         -1.66584        1.81095        8.64128
H         -0.36621        0.73526        9.10113
H         -1.71204        0.12387        8.16392
C          1.61681        2.01442        7.31203
H          1.48475        2.88219        7.95017
H          2.28458        2.29801        6.50510
H          2.10988        1.25322        7.90594
C         -0.19588        0.54828        1.56757
H          0.78224        0.61435        1.06682
H         -0.48868       -0.50942        1.59735
C         -1.18434        1.32989        0.80598
C         -2.41787        0.79078        0.41237
H         -2.64513       -0.23792        0.66265
C         -3.32412        1.53007       -0.32505
H         -4.26891        1.08855       -0.60919
C         -3.01645        2.82000       -0.72421
H         -3.71510        3.38933       -1.31832
C         -1.78917        3.36418       -0.37308
H         -1.52486        4.35500       -0.71564
C         -0.89474        2.64285        0.39324
H          0.06713        3.08002        0.65348
C          2.19121        1.56489        3.49211
H          2.63984        1.44987        4.48706
H          2.52704        0.73095        2.85498
C          2.58177        2.85298        2.90276
C          2.56461        3.06207        1.51251
H          2.31036        2.23826        0.85414
C          2.91782        4.27896        0.96201
H          2.89089        4.40753       -0.11132
C          3.32569        5.32684        1.77256
H          3.60690        6.27502        1.34061
C          3.39900        5.12960        3.14242
H          3.76017        5.92444        3.78041
C          3.03461        3.91868        3.69699
H          3.13362        3.77468        4.76643
