40
CSD_code = PUSXUX | q = 0 | S = 0 | Stoichiometry = C14H19NO3RuSi2 | MND = 6
Ru         0.78831        2.73220        3.65640
Si         0.76397        5.08014        3.09199
Si         1.16911        0.35364        3.49023
O          3.48658        3.05433        4.98910
O         -0.54216        2.84499        6.35380
O         -1.92606        2.40565        2.35800
N          1.75462        2.64933        1.68501
C          1.10531        6.50848        4.33308
H          1.36477        7.42215        3.80718
H          1.91632        6.27225        5.01481
H          0.22411        6.71232        4.93116
C         -0.54155        5.79105        1.86215
H         -1.50466        5.91401        2.34700
H         -0.68784        5.14155        1.00275
H         -0.23403        6.76562        1.49346
C          2.39163        4.97492        2.00499
H          2.55534        5.84021        1.36417
H          3.24148        4.92291        2.68896
C          2.36787        3.73950        1.18773
C          2.96520        3.71487       -0.06905
H          3.43500        4.60912       -0.44661
C          2.97006        2.54639       -0.80603
H          3.44279        2.50640       -1.77580
C          2.35542        1.43029       -0.27209
H          2.33411        0.49805       -0.81380
C          1.73345        1.50888        0.97044
C          1.03557        0.33009        1.53500
H          1.41531       -0.58084        1.07429
H         -0.02344        0.39681        1.27651
C         -0.07290       -0.99279        4.07465
H          0.14934       -1.94948        3.61202
H         -1.09908       -0.73395        3.83320
H         -0.01327       -1.12548        5.14920
C          2.91326       -0.40118        3.82209
H          3.11280       -0.46351        4.88704
H          3.70644        0.19216        3.37419
H          2.98172       -1.40699        3.41699
C          2.46801        2.94445        4.47032
C         -0.03292        2.80242        5.32476
C         -0.88960        2.51773        2.83961
