135
CSD_code = PUWMOJ | q = 0 | S = 0 | Stoichiometry = C52H77MoNO2Si2 | MND = 4
Mo         0.11212        5.03118        7.08358
Si        -3.67700        9.37676        7.30521
Si         1.39588        7.59419       11.52613
O         -0.19641        4.94339        8.99941
O         -0.79650        6.47211        6.32514
N         -0.03054        3.42887        6.42283
C          2.03491        5.31081        7.06921
C          3.28982        4.54568        6.74020
C          3.09440        3.81274        5.40010
C          4.47231        5.52578        6.60593
C          3.66153        3.52448        7.81732
C          4.82610        2.77247        7.68733
C          5.20671        1.86421        8.65840
C          4.42993        1.68474        9.78985
C          3.26785        2.42100        9.93147
C          2.89041        3.32884        8.95610
C         -0.42299        2.30111        5.79493
C          0.05041        1.02566        6.18125
C         -0.44849       -0.10083        5.55058
C         -1.39251       -0.00147        4.54584
C         -1.83278        1.24596        4.13774
C         -1.35750        2.40048        4.73170
C          1.10868        0.90344        7.24949
C          2.37641        0.26569        6.67570
C          0.61867        0.09749        8.45287
C         -1.82829        3.76873        4.30048
C         -2.20517        3.84682        2.82174
C         -3.00952        4.20683        5.17469
C         -1.38082        5.50189        9.27911
C         -2.42077        4.79300        9.92246
C         -3.56915        5.50505       10.22768
C         -3.73702        6.85212        9.94354
C         -2.70881        7.56200        9.32528
C         -1.53331        6.87710        8.98805
C         -2.32227        3.29656       10.20764
C         -3.48657        2.78159       11.06360
C         -1.02477        2.95201       10.95066
C         -2.36281        2.56141        8.86019
C         -5.02814        7.51989       10.31665
C         -2.87812        9.01663        9.02178
C         -0.19885        7.49399        6.94900
C          0.59012        8.42980        6.24210
C          1.26521        9.36925        7.00499
C          1.17828        9.43564        8.39075
C          0.29638        8.59736        9.07154
C         -0.41761        7.63583        8.34034
C         -5.38994       10.20500        7.49982
C         -2.52866       10.63974        6.44954
C         -3.87091        7.76604        6.31216
C          0.13807        8.69360       10.55260
C          2.65730        6.79062       10.35360
C          2.28111        8.68498       12.82244
C          0.39227        6.23821       12.40879
C          1.99811       10.45442        9.12676
C          0.68385        8.40984        4.71509
C         -0.71371        8.31269        4.08483
C          1.34333        9.68213        4.16689
C          1.52004        7.20745        4.25468
H          2.28984        6.34254        7.34417
H          2.19600        3.20091        5.44605
H          3.94615        3.17678        5.17290
H          2.98127        4.53777        4.59646
H          4.68174        5.99327        7.56628
H          4.23359        6.30492        5.88468
H          5.37308        5.01996        6.26803
H          5.45568        2.88546        6.81733
H          6.11537        1.29306        8.52978
H          4.72807        0.97703       10.54985
H          2.64748        2.29252       10.80682
H          1.97273        3.88908        9.08085
H         -0.09650       -1.07678        5.85056
H         -1.77967       -0.89221        4.07326
H         -2.56017        1.31033        3.34321
H          1.35209        1.91656        7.59212
H          2.71646        0.81244        5.80041
H          2.19241       -0.76659        6.38619
H          3.16795        0.28162        7.42064
H         -0.26688        0.55679        8.88100
H          1.39653        0.06930        9.21285
H          0.37699       -0.92410        8.16760
H         -0.99401        4.47376        4.47786
H         -2.33963        4.88682        2.53077
H         -3.13761        3.32236        2.62588
H         -1.42259        3.41363        2.20327
H         -3.39333        5.16826        4.83978
H         -2.69643        4.30001        6.21756
H         -3.81125        3.47222        5.11759
H         -4.38982        5.00079       10.71046
H         -4.43547        2.86064       10.53824
H         -3.55084        3.32222       12.00532
H         -3.32146        1.72991       11.28967
H         -0.96365        1.87631       11.10617
H         -1.00790        3.44009       11.92328
H         -0.15325        3.26563       10.38161
H         -3.25977        2.83605        8.30627
H         -2.38032        1.48420        9.01485
H         -1.48471        2.81044        8.26095
H         -5.73671        6.78883       10.69875
H         -5.46948        8.01668        9.45530
H         -4.86788        8.27136       11.09066
H         -1.90793        9.50861        9.02423
H         -3.47178        9.48052        9.80789
H          1.90482       10.08740        6.51814
H         -5.69769       10.66258        6.56476
H         -5.37041       10.98760        8.25214
H         -6.16462        9.49835        7.78094
H         -2.83442       10.83308        5.42553
H         -1.49951       10.29213        6.43683
H         -2.54400       11.59064        6.97511
H         -4.22090        7.95406        5.30109
H         -4.57815        7.09246        6.78907
H         -2.92265        7.24103        6.24327
H         -0.85742        8.35617       10.83579
H          0.23145        9.73199       10.86674
H          3.37510        6.17843       10.89153
H          3.21467        7.52099        9.77426
H          2.13636        6.14170        9.65358
H          2.92697        8.08138       13.45164
H          1.56797        9.18343       13.47167
H          2.89884        9.45206       12.36573
H          1.03542        5.56729       12.97005
H         -0.15121        5.64424       11.68103
H         -0.33305        6.65649       13.10117
H          2.69854       10.94032        8.45163
H          2.55721        9.98721        9.93509
H          1.35967       11.22350        9.56352
H         -1.32882        9.15680        4.38389
H         -1.21541        7.39556        4.38153
H         -0.62630        8.31519        2.99957
H          0.82171       10.57229        4.51125
H          1.30226        9.66606        3.07963
H          2.38966        9.74629        4.45596
H          1.06097        6.26384        4.57278
H          2.52259        7.26299        4.67428
H          1.60031        7.20527        3.16882
