78
CSD_code = PUZFAR | q = 0 | S = 0 | Stoichiometry = C24H46Cl2Si5Zr | MND = 12
Zr         3.36974        3.31798        1.93965
Cl         2.30537        2.19778        3.69757
Cl         4.68902        4.69285        3.31449
Si         3.96985        3.90437       -1.38640
Si         6.59049        1.92573        3.39618
Si        -0.51940        3.58884        2.22775
Si         1.82959        6.46392        3.38715
Si         3.85475       -0.58330        2.31470
C          3.82951        1.52457        0.32080
H          3.07357        1.00760       -0.26140
C          4.33693        1.08285        1.57108
C          5.41944        1.95945        1.91637
C          5.54361        2.90508        0.86782
H          6.31007        3.66946        0.80925
C          4.59472        2.62717       -0.14380
C          2.67764        4.52860       -0.16052
C          1.59476        3.72592        0.28198
H          1.11417        2.95536       -0.31074
C          1.11753        4.20958        1.52779
C          1.94907        5.31970        1.89209
C          2.90746        5.48198        0.85943
H          3.64642        6.27421        0.81759
C          2.02532       -0.96740        1.89681
H          1.76320       -0.72477        0.87108
H          1.35823       -0.42225        2.55731
H          1.82430       -2.02490        2.03624
C          4.03189       -0.81517        4.19877
H          5.04553       -0.66440        4.54825
H          3.73885       -1.82647        4.46521
H          3.38721       -0.13386        4.74256
C          4.93405       -1.88358        1.41159
H          5.99256       -1.67063        1.51263
H          4.70977       -1.91423        0.35005
H          4.75637       -2.87565        1.81293
C          5.68642        2.14175        5.06972
H          5.97384        1.37740        5.78479
H          4.60540        2.10201        4.95369
H          5.92575        3.10643        5.50675
C          7.59520        0.29602        3.37433
H          8.16621        0.20418        2.45627
H          6.97380       -0.58666        3.46256
H          8.30059        0.28693        4.19837
C          7.89117        3.31452        3.17828
H          8.45638        3.19522        2.25867
H          8.60157        3.29052        3.99869
H          7.43289        4.29787        3.17084
C          3.14039        7.84672        3.20235
H          2.99889        8.41427        2.28742
H          4.14826        7.44484        3.20075
H          3.06706        8.54457        4.03041
C          0.13107        7.34638        3.36461
H         -0.69596        6.66411        3.52031
H         -0.03517        7.85416        2.42041
H          0.09279        8.09466        4.14896
C          2.07061        5.54999        5.05200
H          2.04774        4.46951        4.92809
H          1.30345        5.81936        5.77124
H          3.03215        5.80193        5.48860
C         -1.91037        4.59464        1.37932
H         -1.82723        4.55392        0.29796
H         -1.88462        5.63964        1.66710
H         -2.88501        4.20222        1.64953
C         -0.79648        3.63900        4.11297
H         -0.12327        2.96705        4.63304
H         -1.81248        3.32769        4.33759
H         -0.65866        4.63155        4.52478
C         -0.65568        1.77423        1.62290
H         -1.00785        1.71524        0.59715
H         -1.35186        1.20909        2.23363
H          0.30965        1.27577        1.67798
C          3.22435        3.13949       -2.96315
H          2.47987        2.38343       -2.73800
H          3.99700        2.67322       -3.56463
H          2.74795        3.90165       -3.56997
C          5.28411        5.21951       -1.79481
H          5.69636        5.67036       -0.89754
H          4.85886        6.01290       -2.39960
H          6.10420        4.78324       -2.35450
