72
CSD_code = QAHDAE | q = 0 | S = 0 | Stoichiometry = C24H35O9PSi2W | MND = 6
W          2.09582        1.38762        2.52203
P          3.33714        3.15453        3.77311
Si         1.40715        3.96465        5.97026
Si         1.90770        5.87381        3.28772
O          0.37457       -0.68585        0.94744
O         -0.39496        3.18100        1.94941
O          3.24738        2.27706       -0.25414
O          4.18066       -0.94704        2.38032
O          1.01191       -0.02970        5.10260
O          5.33423        1.66134        2.13794
O          6.16142        3.53932        1.23112
O          4.46412        0.57189        4.78776
O          6.60236        1.21097        4.54028
C          1.01744        0.06270        1.53376
C          0.55395        2.61639        2.26987
C          2.83096        2.00944        0.77972
C          3.51924       -0.03568        2.53418
C          1.40693        0.57107        4.21534
C          2.59007        4.60430        4.57818
H          3.40650        5.11159        5.09728
C          1.22559        5.45279        7.15547
H          0.80636        6.31598        6.65003
H          2.17893        5.75279        7.57905
H          0.56677        5.20494        7.98007
C         -0.31417        3.38573        5.40154
H         -0.24274        2.59827        4.65640
H         -0.91547        4.18498        4.98680
H         -0.85687        2.98005        6.25064
C          2.17287        2.49735        6.92622
H          1.38998        1.85609        7.32078
H          2.77297        2.81611        7.77410
H          2.79237        1.87843        6.28027
C          0.02698        6.16934        3.32801
H         -0.21704        6.99510        2.66625
H         -0.32032        6.43605        4.32042
H         -0.53928        5.31045        2.98929
C          2.68459        7.56054        3.75496
H          3.74574        7.61708        3.54213
H          2.55197        7.76896        4.81210
H          2.20179        8.36172        3.20483
C          2.40487        5.38945        1.50986
H          2.59402        6.26496        0.89525
H          1.61328        4.82358        1.02797
H          3.29978        4.77144        1.48700
C          5.12150        3.67818        3.34256
C          5.62540        5.10302        3.38037
H          6.57586        5.13600        2.83579
H          4.93484        5.75377        2.83300
C          5.85463        5.68457        4.74512
C          5.72527        4.99965        5.87705
C          5.37160        3.54182        5.94450
H          4.59378        3.40095        6.69941
H          6.26080        3.00647        6.30072
C          4.93428        2.89473        4.64132
C          5.55432        2.85644        2.20742
C          6.54035        2.78427        0.08636
H          7.10844        1.90196        0.38632
H          7.14883        3.44750       -0.52310
H          5.65452        2.46441       -0.46461
C          5.29503        1.43234        4.62096
C          6.99317       -0.15675        4.47294
H          6.58250       -0.70912        5.32024
H          8.07990       -0.16396        4.49460
H          6.62142       -0.59706        3.54666
C          5.97720        5.63783        7.21500
H          6.99735        6.01495        7.27699
H          5.82628        4.92439        8.02042
H          5.30699        6.48276        7.37175
C          6.28137        7.12598        4.74867
H          5.58762        7.73730        5.32451
H          6.33353        7.51811        3.73658
H          7.26468        7.23160        5.20634
