118
CSD_code = QEGJOE | q = 0 | S = 0 | Stoichiometry = C42H68N5Si2Y | MND = 5
C         10.01357       10.88959        1.32212
H         11.04311       10.61681        1.03332
C          9.71393       12.26829        0.71205
H          8.71205       12.59044        1.00638
H          9.75692       12.23245       -0.37344
C         10.75557       13.28576        1.18173
H         11.73833       12.97644        0.81800
H         10.53056       14.26037        0.74264
C         10.80045       13.40282        2.70073
H          9.85250       13.80835        3.06315
H         11.59254       14.09406        2.99583
C         11.03855       12.03480        3.32930
H         12.01421       11.64545        3.03084
H         11.02922       12.11190        4.41773
C          9.94690       11.06102        2.87059
H          8.96457       11.51503        3.07387
C          8.42898       10.32456       -1.29980
H          7.91859       11.28106       -1.19895
H          7.93606        9.76510       -2.09003
H          9.46057       10.49670       -1.59764
C          8.37804        9.54406       -0.00508
C          7.37441        8.55184        0.06988
H          6.75877        8.41898       -0.80808
C          6.98476        7.84741        1.20278
C          5.67316        7.09304        1.12396
H          5.85713        6.11390        0.67915
H          4.95335        7.61065        0.49480
H          5.25032        6.94162        2.11479
C          7.08887        7.57869        3.56239
C          6.37852        8.64640        4.13740
C          5.84779        8.49808        5.41068
H          5.30859        9.32436        5.85362
C          6.00174        7.32167        6.11664
H          5.58525        7.22277        7.10835
C          6.68995        6.26533        5.54505
H          6.79326        5.34756        6.10182
C          7.23024        6.37329        4.27473
C          6.19226        9.95872        3.42256
H          6.35721       10.76856        4.13764
H          6.92721       10.04837        2.62031
C          4.78227       10.11416        2.85030
H          4.59181        9.36886        2.08533
H          4.66463       11.10001        2.40480
H          4.03801        9.99935        3.63586
C          7.94868        5.23449        3.59754
H          7.36613        4.93539        2.71926
H          8.91400        5.62067        3.22671
C          8.19610        4.00136        4.45763
H          8.78281        4.25211        5.33825
H          8.74199        3.25621        3.88217
H          7.25701        3.55387        4.77590
C          8.90341       10.67852        5.56986
H          9.64126       11.10456        6.24987
H          8.10587       10.24544        6.16780
H          8.49506       11.48456        4.96964
C          9.56155        9.59408        4.74437
C          9.73113        8.37841        5.44044
H          9.25329        8.31886        6.40783
C         10.60931        7.34707        5.12909
C         10.93153        6.37718        6.24625
H         11.39476        5.47368        5.85668
H         10.02112        6.11935        6.78325
H         11.62088        6.82894        6.95835
C         12.50873        6.65117        3.93431
C         12.77911        5.42008        3.31603
C         14.08198        4.94877        3.28362
H         14.30538        4.00446        2.81353
C         15.10993        5.66815        3.86417
H         16.11945        5.28492        3.83962
C         14.84308        6.87746        4.47630
H         15.65450        7.42702        4.92719
C         13.55542        7.39059        4.51862
C         11.62971        4.65476        2.71790
H         11.20890        5.27289        1.91097
H         10.86390        4.53400        3.49034
C         11.97073        3.27970        2.15703
H         12.68434        3.35728        1.34108
H         11.06988        2.80933        1.76762
H         12.38477        2.63238        2.92826
C         13.27898        8.72824        5.16184
H         12.39853        9.16730        4.68561
H         13.03008        8.57711        6.21760
C         14.42934        9.72836        5.07288
H         15.26670        9.43720        5.70239
H         14.08747       10.70641        5.40628
H         14.77917        9.81837        4.04763
C          9.00246        5.16433        0.01611
H          9.36870        4.30881        0.57418
H          8.31872        4.78777       -0.73833
H          8.43129        5.79625        0.69083
C          9.63020        7.03954       -2.32351
H          8.63902        7.41023       -2.08957
H          9.53742        6.35843       -3.16414
H         10.23090        7.88121       -2.64783
C         11.58999        4.85032       -1.57118
H         12.23679        5.30205       -2.31513
H         11.02856        4.06116       -2.06164
H         12.22209        4.38936       -0.82185
C         12.71554        8.99098       -1.52254
H         12.61292        8.37806       -2.41117
H         13.65095        9.53547       -1.60738
H         11.90798        9.71753       -1.52970
C         14.13420        6.66932       -0.10935
H         14.14707        5.96709        0.71771
H         15.08272        7.19779       -0.10341
H         14.08227        6.10187       -1.03017
C         13.17861        9.03246        1.52074
H         12.37522        9.13775        2.25294
H         13.46404       10.02417        1.17948
H         14.03381        8.60846        2.03634
N          9.13991        9.76410        1.03410
N          7.71568        7.76675        2.31536
N         10.05135        9.77313        3.53787
N         11.20620        7.20464        3.94373
N         11.13185        7.19315        0.37071
Si        10.41825        6.15848       -0.81214
Si        12.67474        7.89556        0.05504
Y          9.99888        7.98236        2.15451
