73
CSD_code = QEMMON | q = 0 | S = 0 | Stoichiometry = C25H37BN6O2SiW | MND = 6
W          8.10997        8.47414        3.58570
Si        10.11248       11.40610        6.72328
O          9.64056        5.83616        4.23586
O         10.21667        8.60183        1.28882
N          6.39577        7.64135        2.47417
N          5.14703        8.09585        2.67224
N          6.65756        8.37078        5.20565
N          5.38716        8.77826        5.04431
N          7.06441       10.33201        3.11496
N          5.72968       10.44171        3.22939
C          9.69601        9.07749        4.47341
C         10.98627        9.28273        4.93662
C         11.32018       10.20956        5.88440
C         12.75981       10.33440        6.29107
H         12.89699       11.12031        7.02715
H         13.38611       10.55937        5.42693
H         13.12081        9.39773        6.71776
C         12.04283        8.39690        4.30963
H         12.54222        7.80596        5.07582
H         12.79039        9.00486        3.80211
H         11.58931        7.72372        3.58640
C          8.97445        6.75263        3.99399
C          9.35292        8.56672        2.06026
C          8.24784       11.18366        6.41710
H          8.05377       10.76130        5.43550
H          7.73592       12.13970        6.47985
H          7.80252       10.52386        7.15467
C         10.59989       13.16865        6.15303
H         11.66303       13.34980        6.27607
H         10.07201       13.92277        6.72894
H         10.36035       13.32686        5.10594
C         10.38945       11.26553        8.61309
H         10.24076       10.24806        8.96248
H          9.69352       11.90177        9.15121
H         11.39130       11.56667        8.90094
C          6.33879        6.66423        1.57320
C          5.01061        6.48473        1.17890
H          4.63385        5.77711        0.46848
C          4.28088        7.41367        1.90002
C          7.54223        5.92430        1.10812
H          8.27133        6.61037        0.67641
H          7.25756        5.19161        0.35690
H          8.02105        5.40880        1.94104
C          2.81581        7.66128        1.87380
H          2.38086        7.50911        2.86041
H          2.34548        6.97665        1.17300
H          2.60202        8.68331        1.56475
C          6.81156        8.00198        6.47508
C          5.60127        8.18062        7.15112
H          5.39820        7.97797        8.18321
C          4.71763        8.67365        6.20843
C          8.09935        7.49218        7.01613
H          8.26809        6.46491        6.69162
H          8.07854        7.51248        8.10316
H          8.92709        8.10229        6.65164
C          3.28857        9.04239        6.38342
H          3.12647       10.08875        6.12974
H          2.99780        8.88235        7.41821
H          2.65049        8.43682        5.74157
C          7.53960       11.51052        2.71681
C          6.47566       12.40457        2.57101
H          6.52704       13.42961        2.26467
C          5.33963       11.68874        2.90254
C          8.98719       11.75948        2.48651
H          9.57906       11.32091        3.29134
H          9.17394       12.82935        2.43350
H          9.30664       11.30492        1.54819
C          3.92666       12.14934        2.91471
H          3.32162       11.55936        2.22799
H          3.88366       13.19237        2.61274
H          3.49715       12.05302        3.91060
B          4.88101        9.23784        3.66786
H          3.73536        9.51324        3.70331
