62
CSD_code = QEPHAW | q = 0 | S = 0 | Stoichiometry = C18H34MoO4P2SeSi2 | MND = 6
Mo        -0.18126        9.51944        2.61952
Se         2.91662        9.36514        4.51870
P          1.60977        7.95856        3.32225
P          1.65666       10.92042        3.48508
Si         0.88115        5.24893        2.44033
Si         3.37214        5.58966        4.62227
O         -1.48146        8.87056        5.35234
O         -2.37377        7.60342        1.59795
O         -2.19202       11.81848        2.18624
O          0.48093        9.72517       -0.39945
C         -0.93395        9.18686        4.39893
C         -1.53743        8.28321        1.98279
C         -1.44812       10.96009        2.33590
C          0.33751        9.68563        0.73559
C          2.04471        6.35333        3.49196
C          0.74269        6.00046        0.69358
H          1.71674        6.06263        0.21560
H          0.32617        7.00463        0.72504
H          0.10178        5.39999        0.05542
C         -0.79540        5.21060        3.34964
H         -1.05040        6.19629        3.73393
H         -0.77241        4.52674        4.19294
H         -1.59889        4.89555        2.69130
C          1.51246        3.46932        2.19785
H          2.35811        3.43669        1.52023
H          0.72418        2.86543        1.76092
H          1.80914        2.99677        3.12575
C          2.45441        4.38424        5.78499
H          3.15997        3.80490        6.37210
H          1.82967        3.68726        5.23847
H          1.81380        4.92131        6.47798
C          4.65078        4.70602        3.51462
H          5.47223        4.32415        4.11266
H          5.06985        5.38178        2.77534
H          4.21352        3.86852        2.98494
C          4.35250        6.76795        5.75532
H          5.02034        6.19888        6.39549
H          3.69681        7.34772        6.39982
H          4.95905        7.46860        5.18734
C          2.91830       11.70418        2.31110
C          4.00783       12.46524        3.06204
H          4.44857       11.83380        3.83705
H          3.62552       13.37313        3.52213
H          4.79917       12.74852        2.36946
C          3.56597       10.57229        1.50893
H          4.24989        9.99149        2.12906
H          4.13729       10.98518        0.67901
H          2.81296        9.89789        1.09417
C          2.15913       12.61521        1.34616
H          1.75026       13.48797        1.84679
H          1.33432       12.07585        0.87803
H          2.82834       12.96137        0.55947
C          1.44057       12.14840        4.87744
H          2.43372       12.37128        5.28957
C          0.75495       13.42267        4.39384
H          1.42972       14.06484        3.83370
H          0.39114       13.99176        5.24820
H         -0.10051       13.17402        3.76390
C          0.58881       11.50466        5.96648
H          0.98341       10.53069        6.26424
H         -0.43631       11.38137        5.61669
H          0.57045       12.14000        6.85047
