77
CSD_code = QOMHAB | q = 0 | S = 0 | Stoichiometry = C26H48MoSi2 | MND = 12
Mo        -3.34190        5.74340        5.87896
C         -1.81419        6.94341        4.51130
C         -3.11409        7.53367        4.52954
H         -3.31079        8.58183        4.70486
C         -4.04554        6.64369        3.91858
H         -5.03632        6.90130        3.57238
C         -3.31712        5.49244        3.53926
H         -3.68509        4.70532        2.89374
C         -1.96478        5.68262        3.90132
H         -1.15778        5.02952        3.61380
C         -0.48950        7.63949        4.72981
C          0.48379        6.74630        5.50342
H          1.44912        7.23995        5.59605
H          0.63019        5.79813        4.99705
H          0.10435        6.54501        6.50127
C          0.09593        7.93766        3.33808
H          1.03639        8.47642        3.43164
H         -0.59519        8.54540        2.75744
H          0.27884        7.01476        2.79362
C         -0.65013        8.96259        5.48427
H          0.32494        9.42581        5.62111
H         -1.08610        8.79987        6.46637
H         -1.27438        9.65899        4.92905
Si        -1.31174        2.60269        5.05819
C         -1.96154        3.98308        6.19667
H         -1.06579        4.44519        6.61687
H         -2.40890        3.42741        7.01658
C          0.51977        2.92221        4.56350
H          0.98423        2.00131        4.22397
H          1.09934        3.28247        5.40756
H          0.62722        3.64356        3.75854
C         -1.26930        0.97772        6.07114
H         -0.83685        0.16109        5.50116
H         -2.26554        0.67359        6.37408
H         -0.67597        1.09509        6.97274
C         -2.19077        2.15173        3.41313
H         -1.72146        1.27014        2.98410
H         -2.12732        2.94031        2.66980
H         -3.23899        1.91490        3.56038
C         -4.87024        6.94340        7.24626
C         -3.57036        7.53372        7.22814
C         -2.63893        6.64381        7.83922
H         -3.37367        8.58187        7.05275
H         -1.64812        6.90138        8.18534
C         -3.36736        5.49255        8.21855
C         -4.71966        5.68262        7.85626
C         -6.19493        7.63947        7.02776
C         -7.16821        6.74626        6.25414
H         -8.13353        7.23993        6.16152
H         -7.31462        5.79811        6.76052
H         -6.78877        6.54498        5.25629
C         -6.78036        7.93763        8.41950
H         -7.72083        8.47639        8.32595
H         -6.08924        8.54537        9.00015
H         -6.96327        7.01473        8.96396
C         -6.03429        8.96257        6.27331
H         -7.00936        9.42578        6.13647
H         -5.59831        8.79986        5.29121
H         -5.41004        9.65898        6.82853
H         -2.99940        4.70540        8.86403
H         -5.52665        5.02949        8.14373
C         -4.72313        3.98322        5.56088
Si        -5.37263        2.60272        6.69953
C         -7.20419        2.92227        7.19402
H         -7.66853        2.00132        7.53354
H         -7.78387        3.28252        6.35002
H         -7.31160        3.64355        7.99903
C         -5.41507        0.97785        5.68642
H         -5.84753        0.16131        6.25652
H         -4.41883        0.67363        5.38354
H         -6.00844        1.09509        4.78480
C         -4.49351        2.15180        8.34454
H         -4.96292        1.27021        8.77346
H         -4.55702        2.94037        9.08788
H         -3.44529        1.91493        8.19731
H         -5.61891        4.44514        5.14048
H         -4.27544        3.42780        4.74094
