74
CSD_code = QUBHIG | q = 0 | S = 0 | Stoichiometry = C26H44NPSiZr | MND = 13
Zr         4.16798        4.85474        4.00321
Si         4.51235        1.45745        2.44264
P          6.12745        4.62546        5.99592
N          2.88974        1.11890        1.90976
C          4.86753        3.28910        2.35494
H          4.44051        3.84789        1.52276
C          6.16693        3.66057        2.78417
H          6.80776        2.85131        3.13825
C          6.73213        4.93164        2.88601
H          7.77126        4.97597        3.19459
C          6.06097        6.17459        2.81869
C          4.78379        6.41989        2.26649
H          4.46079        5.80788        1.42118
C          4.36982        7.88248        2.09059
H          3.35449        8.06270        2.45528
H          4.36318        8.13340        1.02297
C          5.33453        8.81217        2.81778
H          4.99752        9.85046        2.79425
C          5.67107        8.18626        4.18130
H          4.87943        7.59564        4.66088
H          6.08432        8.90297        4.88893
C          6.74228        7.37911        3.42349
H          7.67199        7.13095        3.94089
C          6.79415        8.53287        2.38426
C          7.07509        8.16882        0.93274
H          6.77520        8.98567        0.27857
H          6.55231        7.26699        0.63213
H          8.14148        7.99730        0.79742
C          7.74715        9.65321        2.79203
H          8.77847        9.30989        2.72794
H          7.56706        9.99893        3.80574
H          7.62897       10.50138        2.11995
C          5.78500        0.39937        1.45123
H          5.62018       -0.66313        1.60935
H          6.80976        0.61714        1.73496
H          5.69943        0.58667        0.38450
C          4.72602        0.97978        4.28979
H          4.96179        1.88076        4.86095
H          5.53923        0.27300        4.42348
H          3.83826        0.53788        4.72783
C          2.40061        1.65707        0.66596
H          2.62903        0.99816       -0.18287
H          2.85051        2.62739        0.47965
H          1.31377        1.77459        0.71547
C          2.27926       -0.15181        2.20489
H          1.19487       -0.03157        2.29300
H          2.66522       -0.54044        3.14185
H          2.47394       -0.89232        1.41767
C          2.31584        3.35882        4.31847
H          2.08423        2.32665        4.07870
C          1.98438        4.30762        3.28034
H          1.56661        3.87323        2.37552
C          2.03256        5.71089        3.33865
H          1.63388        6.24224        2.47452
C          2.45244        6.54424        4.43474
H          2.29849        7.61378        4.30000
C          2.97249        6.16268        5.68643
H          3.16170        6.98159        6.38309
C          3.18896        4.84992        6.21134
H          3.39033        4.80903        7.28067
C          2.81974        3.60062        5.60311
H          2.91555        2.72532        6.24516
C          7.97927        4.42048        5.87635
H          8.42659        5.30064        5.42080
H          8.21305        3.55380        5.26100
H          8.41195        4.27921        6.86666
C          5.91995        3.25823        7.23358
H          6.48604        3.48356        8.13755
H          6.30231        2.33512        6.79912
H          4.87535        3.11330        7.49088
C          6.19312        6.08089        7.14300
H          6.85363        5.87112        7.98454
H          5.20000        6.31967        7.51391
H          6.57718        6.94031        6.59527
