153
CSD_code = QUGFAZ | q = 0 | S = 0 | Stoichiometry = C72H75NbO2Si3 | MND = 5
Nb         1.74134        2.16344        8.83553
Si         5.32538        2.89898        8.15581
Si        -0.83150        0.38788       10.82620
Si         1.61116        5.54187        7.54178
O          2.36965        2.25380       10.52568
O          0.98172        1.93452        7.21760
C          3.80506        1.80205        7.88108
C          5.60071        4.02047        6.62720
C          6.94667        1.87638        8.29525
C          5.16449        3.94237        9.74980
C          0.50375        0.29275        9.48092
C         -0.51488       -0.74588       12.33796
C         -1.02975        2.15320       11.53780
C         -2.52838       -0.20038       10.14026
C          1.01453        4.34115        8.88882
C          3.20784        6.47683        8.03930
C          0.32020        6.94482        7.32580
C          1.87007        4.70719        5.83575
C          2.44921        2.03873       11.82879
C          2.84629        0.77145       12.31565
C          2.73347        0.47969       13.67904
C          2.20904        1.42562       14.54829
C          1.90289        2.70329       14.10440
C          2.05670        3.03089       12.75654
C          0.43181        1.66729        6.04699
C         -0.77992        2.28122        5.65246
C         -1.30376        2.03879        4.37830
C         -0.62019        1.22434        3.48781
C          0.55120        0.58487        3.86482
C          1.07138        0.78740        5.14406
C          3.40780       -0.25403       11.41319
C          2.92102       -1.56138       11.41967
C          3.54618       -2.54986       10.68476
C          4.67174       -2.25315        9.93371
C          5.14679       -0.95415        9.89776
C          4.51832        0.04056       10.62763
C          3.18204       -0.81079       14.23896
C          4.48040       -1.26729       14.03125
C          4.89818       -2.46469       14.58009
C          4.02716       -3.22383       15.34389
C          2.73783       -2.77187       15.56631
C          2.31985       -1.57064       15.02341
C          1.40241        3.69440       15.07876
C          2.07021        4.89092       15.31513
C          1.57773        5.79584       16.23701
C          0.41391        5.51888       16.93426
C         -0.25137        4.32514       16.71289
C          0.24231        3.41672       15.79475
C          1.84607        4.44144       12.35347
C          0.60082        5.05949       12.41167
C          0.46926        6.39995       12.09553
C          1.57824        7.14857       11.74089
C          2.82755        6.55259       11.72124
C          2.96015        5.21074       12.02814
C         -1.52292        3.16794        6.56616
C         -1.86474        2.73774        7.84493
C         -2.68096        3.51424        8.65010
C         -3.15237        4.73418        8.19713
C         -2.79335        5.18269        6.93677
C         -1.98362        4.40818        6.12808
C         -2.60897        2.58347        3.95526
C         -3.75470        2.36209        4.71416
C         -4.97840        2.84563        4.29204
C         -5.07697        3.55594        3.10707
C         -3.94500        3.77107        2.33985
C         -2.72043        3.28292        2.75778
C          1.20382       -0.32513        2.90338
C          1.52348        0.13185        1.62865
C          2.12524       -0.70864        0.71020
C          2.40644       -2.02092        1.04987
C          2.07669       -2.48891        2.31079
C          1.47938       -1.64894        3.23162
C          2.30124        0.06336        5.52718
C          3.48160        0.24631        4.81021
C          4.61198       -0.48384        5.12554
C          4.57575       -1.41469        6.15051
C          3.40441       -1.60994        6.86208
C          2.27455       -0.87119        6.55815
H          2.10435        1.18791       15.59668
H         -1.03740        1.03693        2.50943
H          4.05690        0.77002        8.13988
H          3.61865        1.80520        6.80480
H          4.69700        4.53450        6.32053
H          5.94098        3.42501        5.78474
H          6.36073        4.77210        6.81943
H          7.81169        2.51158        8.12984
H          6.97681        1.08728        7.54958
H          7.06762        1.41690        9.27109
H          5.78479        4.83356        9.72249
H          5.46169        3.37344       10.62741
H          4.12985        4.25060        9.88368
H          0.03272       -0.09626        8.57098
H          1.26581       -0.43787        9.77357
H          0.36777       -0.43596       12.88742
H         -0.38881       -1.78504       12.04952
H         -1.35740       -0.70129       13.02218
H         -2.06473        2.38303       11.77542
H         -0.66341        2.90698       10.84203
H         -0.46028        2.24105       12.45829
H         -2.45448       -1.20209        9.72703
H         -2.92149        0.44426        9.36111
H         -3.26744       -0.23417       10.93504
H         -0.07876        4.32670        8.85169
H          1.28322        4.77084        9.85645
H          3.05503        7.00771        8.97375
H          3.46110        7.21552        7.28413
H          4.06359        5.82619        8.16386
H          0.21936        7.51647        8.24341
H         -0.66092        6.56042        7.07109
H          0.61991        7.63431        6.54287
H          2.41569        5.35721        5.15732
H          0.91853        4.47508        5.36720
H          2.42614        3.77654        5.92827
H          2.05557       -1.80641       12.01420
H          3.16159       -3.55944       10.71005
H          5.17957       -3.03201        9.38327
H          6.01999       -0.71749        9.30891
H          4.91458        1.04618       10.62485
H          5.16479       -0.67418       13.44299
H          5.90867       -2.80741       14.41165
H          4.35364       -4.16216       15.76748
H          2.05494       -3.35707       16.16506
H          1.31013       -1.22452       15.19255
H          2.98323        5.10713       14.78140
H          2.10544        6.72192       16.41231
H          0.02874        6.22935       17.65077
H         -1.15744        4.10143       17.25727
H         -0.27952        2.48704       15.61613
H         -0.26726        4.49501       12.71251
H         -0.50503        6.86438       12.13575
H          1.47208        8.19571       11.49847
H          3.70503        7.13542       11.48098
H          3.93905        4.75660       12.05585
H         -1.52107        1.77272        8.19096
H         -2.96204        3.15599        9.62855
H         -3.79796        5.33331        8.82214
H         -3.15775        6.13428        6.57719
H         -1.70993        4.76436        5.14596
H         -3.68259        1.80115        5.63415
H         -5.86010        2.66661        4.88993
H         -6.03344        3.93704        2.78086
H         -4.01640        4.32064        1.41233
H         -1.83576        3.45835        2.16203
H          1.31116        1.15853        1.36602
H          2.37561       -0.33890       -0.27366
H          2.87708       -2.67772        0.33322
H          2.28498       -3.51462        2.57817
H          1.21384       -2.02230        4.20917
H          3.50759        0.96788        4.00603
H          5.52246       -0.33062        4.56467
H          5.45700       -1.99187        6.38915
H          3.36454       -2.34353        7.65336
H          1.35080       -1.05320        7.09051
