72
CSD_code = RAJXIJ | q = 0 | S = 0 | Stoichiometry = C28H42SiTi | MND = 12
Ti         3.50055        3.33996       11.53026
Si         5.66398        1.74698        8.44164
C          3.22780        2.32687       13.63728
C          4.30094        1.65666       13.00806
C          5.36896        2.56562       12.83788
C          4.92920        3.82429       13.30387
C          3.61818        3.67077       13.81314
C          1.89543        3.64570        9.84587
C          2.30450        4.92708       10.28490
C          1.91960        5.08627       11.63641
C          1.26229        3.90320       12.02645
C          1.27002        3.00428       10.94130
C          2.01894        1.64855       14.21560
C          6.74929        2.19756       12.38969
C          1.92603        3.17664        8.42319
C          2.00654        6.35540       12.43425
C          3.57228       -1.05028        8.07143
C          4.80101       -1.44790       10.20904
C          2.44956       -0.57889       10.26037
C          3.77971       -0.54506        9.50279
C          4.33253        0.84965        9.46736
C          4.05730        1.91694       10.24473
C          4.98512        2.98572        9.74480
C          4.97516        4.17602       10.33640
C          5.82957        5.36404        9.96616
C          7.30574        5.03758       10.24003
C          5.65999        5.66217        8.46841
C          5.44627        6.61102       10.77303
C          7.47903        1.16165        8.58694
C          5.32660        2.07904        6.59041
H          4.36712        0.58711       12.85669
H          5.55583        4.69814       13.43121
H          3.07494        4.41513       14.38237
H          2.67846        5.70915        9.63796
H          0.73271        3.76279       12.95907
H          0.75112        2.05510       10.89877
H          2.33715        0.85267       14.89260
H          1.39364        1.19417       13.44480
H          1.41465        2.35151       14.78782
H          6.85038        2.28792       11.30616
H          6.96554        1.16545       12.66537
H          7.48832        2.84510       12.86110
H          2.82280        3.54186        7.92258
H          1.05287        3.56059        7.88821
H          1.91371        2.08962        8.36761
H          1.41799        6.27092       13.34762
H          1.61078        7.19011       11.85269
H          3.03491        6.59966       12.70656
H          3.16553       -2.06001        8.07593
H          4.51844       -1.05965        7.53486
H          2.88245       -0.40170        7.53524
H          5.75200       -1.42227        9.68153
H          4.44809       -2.47732       10.24213
H          4.96775       -1.10362       11.22736
H          1.69201       -0.02239        9.71193
H          2.56719       -0.12386       11.24273
H          2.10318       -1.60394       10.38319
H          7.46374        4.85953       11.30126
H          7.60387        4.14765        9.69054
H          7.93974        5.86736        9.93040
H          6.25522        6.52819        8.18229
H          5.98079        4.80617        7.87989
H          4.61728        5.86621        8.23217
H          6.11303        7.43740       10.52921
H          4.42749        6.91948       10.55132
H          5.52539        6.41264       11.84028
H          7.64954        0.31902        7.92401
H          8.16942        1.94757        8.29572
H          7.73259        0.84899        9.59420
H          4.31451        2.42453        6.41130
H          6.01048        2.82437        6.19590
H          5.47223        1.16892        6.01704
