137
CSD_code = RECHEO | q = 0 | S = 0 | Stoichiometry = C64H62Br2N4O2Si2Zr | MND = 13
Zr         0.36450       14.13026       17.22241
Br        -1.24748       21.43208       23.37056
Br        -1.86082       17.46294       27.92597
Si         4.81849       15.98331       16.69276
Si         4.35536       11.13325       14.37747
N         -2.20766       16.55838       19.86781
N          0.85985       15.99092       18.01701
N          0.63148       16.12913       20.35343
N          0.87249       16.42445       22.59754
O         -1.50059       14.95966       18.42972
O          2.56388       17.39863       18.58696
C         -1.94937       17.68809       20.66563
C         -2.90872       18.69823       20.74284
H         -3.81306       18.62254       20.16091
C         -2.71231       19.80541       21.54109
H         -3.45829       20.58261       21.59246
C         -1.53600       19.91396       22.26886
C         -0.57690       18.92305       22.21784
H          0.33743       19.02746       22.78032
C         -0.77957       17.78870       21.43674
C          0.24784       16.72150       21.42073
C          0.11070       16.58153       19.08125
H          0.09257       17.68947       19.01886
C         -1.27567       15.98909       19.07340
C          2.14431       16.43502       17.94545
C          2.99305       15.62273       17.05193
C          2.45684       14.46379       16.60065
C          3.14129       13.51704       15.85690
C          3.68213       12.61742       15.23135
C         -3.55447       16.01199       19.83663
H         -4.16179       16.49918       19.07141
H         -4.02397       16.13613       20.81047
H         -3.47862       14.95301       19.59191
C          0.25341       16.63797       23.83649
C          0.98287       17.10506       24.92977
H          2.03790       17.30719       24.83085
C          0.36175       17.34602       26.13906
H          0.92942       17.71868       26.97735
C         -0.99910       17.12041       26.26529
C         -1.74068       16.64274       25.19738
H         -2.79704       16.45493       25.31143
C         -1.11264       16.39720       23.99314
H         -1.68279       16.00451       23.16460
C          2.07511       15.61953       22.52773
H          1.83317       14.55361       22.53953
H          2.72372       15.84250       23.37073
H          2.58199       15.85170       21.59268
C          0.32151       14.16632       14.65867
H          1.17601       13.99316       14.01767
C         -0.17186       15.43100       15.04905
H          0.25338       16.39103       14.78191
C         -1.39867       15.23319       15.70839
H         -2.07884       16.01620       16.02323
C         -1.65563       13.84569       15.75464
H         -2.57362       13.38594       16.10399
C         -0.59039       13.18588       15.10139
H         -0.56008       12.13410       14.84222
C          1.71400       12.51344       18.55603
H          2.78927       12.58383       18.66512
C          0.75499       13.01808       19.46184
H          0.96990       13.58045       20.36160
C         -0.51071       12.53974       19.06342
H         -1.43371       12.64466       19.62082
C         -0.34127       11.76281       17.90094
H         -1.11040       11.16353       17.42879
C          1.03245       11.74235       17.58276
H          1.50792       11.13207       16.82374
C          4.91471       16.01542       14.78693
C          3.74702       16.11689       14.03324
H          2.79693       16.18976       14.54428
C          3.77551       16.12264       12.65084
H          2.85321       16.19529       12.09151
C          4.98449       16.03675       11.98165
H          5.01206       16.03901       10.90150
C          6.15790       15.95035       12.71003
H          7.10727       15.88946       12.19612
C          6.11872       15.93756       14.09393
H          7.04597       15.86316       14.64071
C          5.62600       14.41628       17.43067
C          5.17519       13.96154       18.66944
H          4.41211       14.52542       19.19048
C          5.67673       12.80412       19.23632
H          5.31239       12.47015       20.19861
C          6.63976       12.06583       18.56776
H          7.02414       11.15399       19.00154
C          7.09909       12.50063       17.33714
H          7.84334       11.92824       16.80262
C          6.59839       13.66518       16.78214
H          6.95888       13.98009       15.81693
C          5.68742       17.54470       17.42580
C          4.95908       18.81167       16.97701
H          5.47718       19.69804       17.34310
H          3.94916       18.81432       17.37611
H          4.90931       18.86807       15.89082
C          5.68798       17.48476       18.95349
H          6.20907       16.59700       19.30690
H          4.66659       17.46875       19.32105
H          6.18766       18.36217       19.36447
C          7.13757       17.60773       16.94203
H          7.18025       17.77330       15.86873
H          7.66737       16.68653       17.17708
H          7.65780       18.43251       17.42943
C          4.08671        9.70499       15.59864
C          4.12497       10.00004       16.95860
H          4.29059       11.02210       17.26420
C          3.95831        9.01384       17.91251
H          3.98655        9.26981       18.96179
C          3.75378        7.70066       17.52290
H          3.62213        6.92552       18.26430
C          3.72175        7.38590       16.17550
H          3.56766        6.36240       15.86263
C          3.88706        8.38052       15.22724
H          3.86314        8.11345       14.18066
C          6.21699       11.28746       14.06438
C          7.08602       10.23325       14.32736
H          6.69198        9.30777       14.72407
C          8.44498       10.35421       14.09813
H          9.10519        9.52430       14.30896
C          8.96099       11.53989       13.60254
H         10.02271       11.63761       13.42536
C          8.10974       12.60011       13.33976
H          8.50746       13.52989       12.95800
C          6.75182       12.47188       13.56871
H          6.09457       13.30617       13.37411
C          3.40098       10.99392       12.70519
C          4.01982        9.95142       11.77430
H          3.94600        8.95032       12.19200
H          5.07151       10.16945       11.59681
H          3.50594        9.94970       10.81234
C          3.45356       12.35108       12.00124
H          2.84864       12.33369       11.09431
H          4.47454       12.59941       11.72131
H          3.08166       13.14248       12.64821
C          1.93939       10.63727       12.97716
H          1.37468       10.59216       12.04564
H          1.48373       11.38861       13.61890
H          1.85859        9.67193       13.47269
