103
CSD_code = REFJES | q = 0 | S = 0 | Stoichiometry = C32H65NOsP2Si2 | MND = 6
Os         0.55924        2.15436        3.48699
H          0.24398        2.27847        5.02674
H          1.13906        2.37029        2.03680
P         -1.00022        3.89281        2.89349
P          2.46584        0.86318        4.19476
Si         1.74291        5.33502        3.01153
Si         3.06205        3.72774        5.21992
N          1.93692        3.93027        3.95623
C          2.02979        6.98358        3.92632
H          3.09569        7.16646        3.98141
H          1.64994        6.97377        4.94094
H          1.58154        7.82164        3.40313
C          2.86667        5.40921        1.45398
H          3.91330        5.42754        1.74072
H          2.67400        6.30403        0.86810
H          2.72007        4.55066        0.80453
C         -0.05040        5.31695        2.28674
H         -0.60386        6.23839        2.46554
H          0.04621        5.18343        1.20989
C         -2.18464        3.53772        1.43297
C         -2.75139        4.78873        0.75947
H         -3.36810        4.47981       -0.08502
H         -1.96152        5.42796        0.37410
H         -3.37517        5.37342        1.42534
C         -1.37034        2.77145        0.38847
H         -1.98100        2.58270       -0.49452
H         -1.03617        1.81914        0.79490
H         -0.49069        3.33346        0.08090
C         -3.32360        2.63407        1.90273
H         -3.80795        2.16711        1.04513
H         -4.08007        3.19438        2.44628
H         -2.93011        1.84565        2.54338
C         -2.00732        4.60958        4.34297
C         -3.04773        5.66373        3.96835
H         -3.40070        6.14520        4.88089
H         -3.91163        5.22262        3.47764
H         -2.62889        6.43805        3.32920
C         -2.68981        3.47472        5.10790
H         -3.06365        3.84611        6.06192
H         -1.97448        2.67799        5.30325
H         -3.52935        3.05983        4.55795
C         -0.96755        5.25929        5.25885
H         -1.40739        5.47433        6.23272
H         -0.60366        6.19298        4.83819
H         -0.11883        4.59401        5.40444
C          4.73722        4.60574        4.97275
H          4.63448        5.63873        5.28107
H          5.06120        4.60685        3.93890
H          5.52304        4.16237        5.57521
C          2.43276        4.29461        6.94505
H          2.22507        5.35990        6.94191
H          3.17370        4.10950        7.71823
H          1.51851        3.78349        7.23361
C          3.36943        1.83042        5.43827
H          4.42360        1.55464        5.43216
H          2.95190        1.55168        6.40511
C          2.11042       -0.77192        5.12306
C          3.26608       -1.27118        5.99182
H          2.94141       -2.16764        6.52086
H          3.55287       -0.53428        6.73731
H          4.14178       -1.53264        5.40945
C          1.70204       -1.85082        4.12124
H          1.19103       -2.66480        4.63541
H          2.56590       -2.27061        3.61211
H          1.01878       -1.43043        3.38392
C          0.91738       -0.50052        6.04194
H          0.69511       -1.38760        6.63514
H          0.03920       -0.24217        5.45405
H          1.12070        0.32309        6.72348
C          3.77137        0.53475        2.84675
C          3.10118       -0.07886        1.61661
H          3.78440       -0.04247        0.76822
H          2.20508        0.48467        1.36337
H          2.82401       -1.11630        1.77873
C          4.95121       -0.33963        3.26803
H          5.72295       -0.27802        2.50008
H          4.66678       -1.38470        3.36082
H          5.39165       -0.00358        4.20428
C          4.30438        1.91955        2.47222
H          4.86933        1.86520        1.54161
H          4.96189        2.30885        3.24503
H          3.48297        2.61990        2.33510
C         -0.53170        0.75790        3.12495
C         -1.39048       -0.32815        2.85297
C         -2.42992       -0.66804        3.73804
H         -2.56216       -0.07972        4.63475
C         -3.26565       -1.72702        3.46174
H         -4.05958       -1.96940        4.15466
C         -3.10813       -2.49295        2.30985
C         -2.07801       -2.16096        1.43209
H         -1.93343       -2.73868        0.53102
C         -1.23559       -1.10367        1.68852
H         -0.43919       -0.85412        1.00185
C         -4.03315       -3.64881        2.02750
H         -4.75301       -3.71878        2.85078
C         -3.25513       -4.96521        1.96265
H         -2.70098       -5.12349        2.88535
H         -2.54938       -4.95786        1.13586
H         -3.93942       -5.79897        1.82202
C         -4.81364       -3.41567        0.73171
H         -5.36466       -2.47914        0.78484
H         -5.52144       -4.22545        0.56900
H         -4.14212       -3.37052       -0.12197
