109
CSD_code = REJXIQ | q = 0 | S = 0 | Stoichiometry = C42H63LaOSi2 | MND = 14
La         3.38839        8.07470        4.98314
Si        -0.10517        8.53669        4.10636
Si         1.24191        6.35689        9.17937
C          5.07712        8.15421        1.64764
H          5.37741        7.38091        0.96172
C          4.20394        9.21470        1.31461
H          3.74549        9.35506        0.35096
C          4.05552       10.03043        2.41260
H          3.51992       10.96814        2.44360
C          4.81576        9.48225        3.49901
H          5.31161       10.15012        4.21174
C          5.47921        8.29457        2.95763
C          6.38293        7.40097        3.80062
C          7.48462        8.29665        4.39256
H          8.25957        7.69564        4.86223
H          7.08195        9.00173        5.11861
H          7.94177        8.86431        3.58313
C          7.08186        6.33211        2.94407
H          7.67341        6.80758        2.16469
H          6.36461        5.66229        2.48083
H          7.74174        5.73590        3.57191
C          5.52509        6.68897        4.86960
C          5.88015        6.36936        6.24235
C          6.80848        6.91136        7.14705
H          7.43598        7.72861        6.84233
C          6.94679        6.40221        8.42703
C          6.13819        5.32969        8.82907
H          6.24081        4.92185        9.82329
C          5.21453        4.76926        7.97495
H          4.60397        3.93852        8.29874
C          5.07945        5.27069        6.68940
C          4.24498        4.84478        5.60624
C          3.31813        3.81627        5.49584
H          3.11202        3.17565        6.34195
C          2.67206        3.61137        4.29593
H          1.95557        2.80720        4.22678
C          2.93072        4.41107        3.17031
C          3.86134        5.43135        3.26658
H          4.09570        6.03450        2.40278
C          4.52743        5.68223        4.48545
C          7.96228        6.95843        9.41745
C          7.23402        7.43515       10.68248
H          6.52830        8.22588       10.43549
H          7.94993        7.82544       11.40331
H          6.68570        6.62506       11.15410
C          8.95663        5.84670        9.78200
H          8.45267        5.00161       10.24212
H          9.70276        6.22109       10.48032
H          9.46580        5.49232        8.88822
C          8.76289        8.14134        8.86308
H          9.33545        7.85064        7.98566
H          9.46517        8.48652        9.61963
H          8.11211        8.97517        8.60609
C          2.18014        4.12018        1.87781
C          2.53877        5.09297        0.75087
H          1.95112        4.85379       -0.13348
H          3.58963        5.01292        0.48342
H          2.32167        6.12072        1.03354
C          0.67068        4.23415        2.13666
H          0.34030        3.52335        2.88885
H          0.11802        4.03877        1.21975
H          0.42482        5.23661        2.48219
C          2.52047        2.69816        1.40900
H          2.22336        1.95693        2.14561
H          3.59196        2.60416        1.24542
H          2.00727        2.47678        0.47536
C          1.00558        7.33948        5.05661
H          1.00188        6.31411        4.65875
C          0.90347        7.33097        6.51013
H          0.53985        8.24961        6.97307
C          1.16958        6.27528        7.31431
H          1.47677        5.35191        6.82998
C         -0.01443        7.62839        9.86590
H          0.19709        8.63780        9.52384
H         -0.00352        7.64533       10.95179
H         -1.02458        7.38507        9.55270
C          0.87253        4.64822        9.93792
H         -0.13431        4.31812        9.70329
H          0.97060        4.66445       11.01915
H          1.56002        3.89932        9.55798
C          2.99780        6.91211        9.73200
H          3.60001        6.06349       10.03830
H          2.96727        7.60921       10.56534
H          3.52721        7.38755        8.90902
C         -1.98553        8.21359        4.27237
H         -2.25040        7.24343        3.86409
H         -2.56862        8.96259        3.74532
H         -2.29452        8.22413        5.31299
C          0.24019       10.31850        4.74917
H         -0.09842       10.44440        5.77365
H         -0.27922       11.05679        4.14650
H          1.30634       10.55672        4.70905
C          0.38521        8.48701        2.25767
H         -0.09629        9.28685        1.70484
H          1.46148        8.59661        2.12464
H          0.08690        7.55261        1.79406
O          3.80512        9.65983        7.20039
C          2.78405       10.33319        7.95659
H          2.18588        9.57999        8.48374
H          2.14537       10.88098        7.25896
C          3.50766       11.23857        8.94658
H          3.77795       12.18394        8.47470
H          2.90759       11.44097        9.82973
C          4.75695       10.41533        9.24591
H          4.52268        9.62718        9.96154
H          5.58243       11.01113        9.62753
C          5.06576        9.81278        7.87942
H          5.69451       10.49125        7.28698
H          5.54959        8.83300        7.94197
