99
CSD_code = RERNUX | q = 0 | S = 0 | Stoichiometry = C32H56N6O2Si2Ti | MND = 7
C          0.34709       10.45419        5.42367
C         -0.29443       11.15993        6.47015
H          0.20644       11.26306        7.41787
C         -1.54475       11.69543        6.27007
C         -2.15862       11.52167        5.01804
H         -3.13822       11.93188        4.82975
C         -1.48885       10.81522        4.04357
H         -1.92354       10.65125        3.06306
C          1.22776       10.95983        1.81356
C          0.93745       12.14018        0.90220
H          0.12797       11.83932        0.23400
H          1.81815       12.37528        0.29843
C          0.51370       13.37178        1.70963
H         -0.19695       13.06273        2.48150
H          0.00114       14.07005        1.04219
C          1.69107       14.09795        2.35706
H          1.31718       15.00242        2.84473
H          2.39100       14.41212        1.57731
C          2.43740       13.25600        3.39010
H          3.18916       13.88424        3.87338
H          1.73930       12.90961        4.15837
C          3.12707       12.02189        2.79044
H          3.57503       12.28582        1.81854
H          3.93327       11.69599        3.45404
C          3.35352        7.87043        2.47267
C          4.47058        7.29476        1.82219
H          5.37747        7.13454        2.38064
C          4.39362        6.96418        0.49029
C          3.19327        7.21552       -0.19547
H          3.10063        6.96647       -1.24083
C          2.14463        7.78695        0.49019
H          1.20267        8.00680       -0.00110
C          0.45217        6.82906        5.00563
H          1.29825        7.16394        5.60748
H          0.59782        5.76916        4.72976
H         -0.46810        6.88492        5.61583
C          2.04186        9.41826        8.43512
H          1.59056       10.30598        8.89124
C          0.95445        8.34593        8.35375
H          0.15722        8.65121        7.67958
H          0.52574        8.15880        9.33879
H          1.37578        7.41448        7.98400
C          3.62282       11.60216        6.71245
H          3.92688       11.79842        5.67837
C          4.88778       11.61255        7.56953
H          5.50728       10.74961        7.34747
H          4.63225       11.58730        8.62580
H          5.47018       12.51607        7.38755
C          6.14587        8.40689        4.74556
H          6.61028        7.72258        4.02827
C          6.97287        8.33105        6.02793
H          7.06349        7.30240        6.36623
H          6.49717        8.90346        6.81875
H          7.97536        8.72673        5.86463
C          4.15758        6.00891        5.49047
H          3.14829        5.68992        5.20710
C          5.13103        5.12411        4.71195
H          4.95924        5.21485        3.64290
H          4.99988        4.07815        4.98901
H          6.16129        5.40022        4.92268
C         -0.75352        7.25485        2.99807
H         -0.81283        7.91929        2.13335
H         -1.70894        7.30013        3.55157
H         -0.62421        6.21618        2.64572
C          6.22181        9.81174        4.14810
H          5.64394        9.86368        3.22686
H          7.25452       10.08581        3.92915
H          5.81594       10.53414        4.85099
C          3.15134        8.94813        9.37524
H          3.85512        9.74920        9.57741
H          3.70039        8.12616        8.92688
H          2.73163        8.61268       10.32362
C          2.71848       12.75716        7.14056
H          1.83789       12.81673        6.50709
H          3.25196       13.70564        7.07752
H          2.39265       12.62519        8.17040
C         -2.25655       12.44587        7.35329
H         -2.54704       13.43456        7.00119
H         -1.62469       12.55510        8.23065
H         -3.16438       11.91621        7.63978
C          5.55138        6.34601       -0.23152
H          5.79961        6.92751       -1.11772
H          5.29319        5.33928       -0.55757
H          6.42618        6.29044        0.41055
C          4.31112        5.75021        6.98810
H          3.59960        6.35030        7.54614
H          5.31071        6.01239        7.32388
H          4.13698        4.69912        7.21843
N          1.54233        9.87169        5.42311
N         -0.27962       10.30013        4.23393
N          3.24028        8.26145        3.73941
N          2.21425        8.09810        1.77931
N          0.34714        7.65697        3.83535
N          2.22343       10.90212        2.65071
O          3.80659        8.73534        6.33377
O          0.43574        9.96605        1.78503
Si         2.70947        9.89550        6.68194
Si         4.30628        7.88461        5.02951
Ti         1.36878        9.13617        3.46073
