82
CSD_code = RIHXUE | q = 0 | S = 0 | Stoichiometry = C33H42ClLaN4Si | MND = 10
La         2.57895        8.90332       15.65553
Cl         2.63716        8.60396       22.59174
C          2.79275        6.58594       16.71015
H          3.82530        6.33138       16.45919
H          2.64222        6.46936       17.78610
C          1.89323        5.68206       14.53937
C          1.80942        5.81684       15.95073
C          0.70871        5.22872       16.59098
H          0.61893        5.33381       17.66411
C         -0.25373        4.53072       15.89161
H         -1.08718        4.08801       16.41710
C         -0.14624        4.39268       14.51842
H         -0.88909        3.84093       13.96271
C          0.92298        4.97341       13.85256
H          0.98437        4.86754       12.78017
N          2.96609        6.37871       13.87625
C          4.20121        5.59493       13.88635
H          4.36669        5.15557       14.86639
H          5.04551        6.24027       13.64196
H          4.15726        4.77512       13.15595
C          2.67660        6.78336       12.50407
H          2.66644        5.93778       11.80281
H          3.45810        7.47309       12.18191
H          1.71327        7.29272       12.46216
C          4.48948        9.83247       14.19432
H          4.37370        9.84768       13.10705
H          4.50336       10.86431       14.55762
C          6.07877        8.92834       15.93381
C          5.68050        9.07838       14.57978
C          6.45363        8.42928       13.60609
H          6.15909        8.52119       12.56892
C          7.57327        7.69133       13.92986
H          8.14798        7.21140       13.15116
C          7.96165        7.57589       15.25338
H          8.84275        7.01228       15.51962
C          7.20856        8.18831       16.24290
H          7.52060        8.07645       17.26985
N          5.22083        9.48648       16.95088
C          5.50246       10.90661       17.17376
H          6.44527       11.03965       17.72229
H          4.69231       11.34838       17.75416
H          5.59186       11.43382       16.22740
C          5.28369        8.79548       18.23994
H          5.19787        7.71994       18.09307
H          4.45402        9.13762       18.86038
H          6.21422        9.00633       18.78375
N         -0.14655       11.09305       14.85433
C          0.74043       10.82706       13.82468
C          0.88930        9.45539       13.78419
C          0.12338        8.90676       14.77308
C         -0.55276        9.90605       15.43715
C          1.27966       11.88550       12.92300
H          0.46431       12.43699       12.45214
H          1.87585       11.42194       12.14105
H          1.90250       12.59667       13.46306
C         -1.51814        9.85282       16.56900
H         -2.44059       10.37512       16.31260
H         -1.09647       10.31620       17.46136
H         -1.75939        8.81621       16.79001
C         -0.20894       12.35487       15.53442
H         -1.17973       12.45377       16.01773
H         -0.12687       13.15932       14.80610
Si         1.25867       12.42041       16.83168
C          2.68448       13.42151       16.02193
H          3.39287       13.76193       16.77136
H          2.31461       14.30166       15.50510
H          3.23874       12.82065       15.30565
C          0.55975       13.46883       18.26986
H          0.09844       12.83158       19.01700
H         -0.18808       14.17911       17.93231
H          1.34169       14.03215       18.76605
N          1.69426       10.80921       17.18417
C          1.87803       10.34829       18.46354
C          1.44573        9.04868       18.80884
H          0.86902        8.47554       18.08428
C          1.67143        8.52003       20.06341
H          1.32746        7.52629       20.30844
C          2.32879        9.27651       21.02108
C          2.72916       10.57180       20.73305
H          3.22118       11.16381       21.48977
C          2.49922       11.09770       19.47926
H          2.81274       12.10568       19.25572
