95
CSD_code = RITRUJ | q = 0 | S = 0 | Stoichiometry = C33H56ClIrOP2Si | MND = 6
Ir         4.58938        7.15960        3.70867
H          3.86101        8.49243        3.92757
Cl         5.94920        5.17997        3.44580
Si         2.71599        6.40075        2.41771
P          4.01736        6.47141        5.85285
P          5.92792        8.06441        2.06206
O          6.61154        7.67447        4.94312
C          6.70740        7.26409        6.23597
C          5.55089        6.73985        6.83303
C          5.59964        6.38361        8.17513
H          4.72502        5.97422        8.65355
C          6.75742        6.53394        8.91121
H          6.77665        6.26353        9.95617
C          7.89736        7.01282        8.29686
H          8.80347        7.10744        8.87477
C          7.89686        7.37350        6.95696
C          9.17741        7.86717        6.31453
C          9.60962        9.17500        7.00058
H         10.53118        9.55145        6.56457
H          9.77322        9.01639        8.06320
H          8.83803        9.93419        6.88138
C         10.26054        6.78649        6.48028
H          9.94451        5.86837        5.98829
H         10.43846        6.57027        7.52991
H         11.19972        7.10684        6.03821
C          8.97705        8.13189        4.83678
C         10.05110        8.53547        4.05538
H         11.02390        8.65307        4.50703
C          9.90046        8.81067        2.71039
H         10.74622        9.14112        2.12642
C          8.66145        8.66077        2.12065
H          8.53699        8.89000        1.07403
C          7.56807        8.23425        2.86227
C          7.72757        7.99748        4.23385
C          3.57018        4.75461        6.45614
H          3.37538        4.82296        7.53229
C          2.30731        4.26960        5.75689
H          2.47676        4.21792        4.68597
H          1.46805        4.93736        5.94229
H          2.03916        3.27633        6.11590
C          4.71175        3.77033        6.22954
H          4.41021        2.77353        6.54946
H          5.60002        4.05574        6.79107
H          4.97672        3.72735        5.17675
C          2.78680        7.59186        6.74064
H          2.00452        7.73564        5.98656
C          2.12483        7.09464        8.02168
H          2.84415        6.97882        8.82871
H          1.59862        6.15559        7.87480
H          1.39267        7.83516        8.34301
C          3.45338        8.94269        6.99105
H          2.70958        9.68378        7.27860
H          3.95033        9.29146        6.08768
H          4.19132        8.86904        7.78874
C          6.30432        7.13556        0.46278
H          5.39011        6.54205        0.33254
C          6.49745        7.98101       -0.79441
H          7.40662        8.57675       -0.75088
H          5.65504        8.64323       -0.97376
H          6.58586        7.31426       -1.65178
C          7.45488        6.14143        0.61572
H          7.45326        5.45566       -0.23055
H          7.33324        5.55603        1.52301
H          8.42261        6.63583        0.65021
C          5.73343        9.87447        1.59079
H          6.47999       10.11794        0.82800
C          4.33586       10.15405        1.05697
H          3.60255        9.88827        1.81481
H          4.12186        9.57928        0.16117
H          4.23007       11.21162        0.81818
C          5.97935       10.74224        2.82284
H          5.73142       11.77939        2.60221
H          7.01789       10.70311        3.14587
H          5.34379       10.40823        3.64168
C          2.88170        4.50415        1.98829
H          3.36666        4.42565        1.01487
H          3.56319        4.02763        2.68960
C          1.58003        3.71062        1.95566
H          1.08164        3.73546        2.92118
H          1.77934        2.66889        1.70512
H          0.89571        4.11129        1.21355
C          2.45412        7.26546        0.68555
H          2.14461        8.29409        0.85338
H          3.39729        7.31049        0.14287
C          1.41764        6.59033       -0.20501
H          1.72277        5.57927       -0.45803
H          1.29146        7.14624       -1.13426
H          0.45375        6.54525        0.29381
C          0.98504        6.67957        3.27558
H          0.22898        6.11989        2.72788
H          1.00024        6.27604        4.28533
C          0.56019        8.14021        3.34485
H          1.33397        8.73573        3.82141
H         -0.36406        8.24933        3.91180
H          0.39243        8.53837        2.34891
