54
CSD_code = RITXUN | q = 0 | S = 0 | Stoichiometry = C19H28MoNO2PSi2 | MND = 8
Mo        -0.89118        8.78842        4.13439
Si         2.62276        8.24614        1.44068
Si        -0.05254        8.43685       -0.25130
P          0.25152        9.66648        2.39641
N          0.95861        8.76836        1.15846
C         -2.09974       10.28611        4.10205
O         -2.83827       11.17272        4.14484
C         -0.09688       10.05715        5.34383
O          0.32909       10.80617        6.11241
C          2.76802        6.39689        0.99899
C          3.86268        9.25710        0.39974
C          3.01287        8.53163        3.27828
C         -0.78559        6.67658       -0.15234
C          0.99242        8.57860       -1.83784
C         -1.46556        9.71002       -0.25758
C          0.29272       12.38250        2.86493
C          0.57735       13.70223        2.57658
C          1.22641       14.03556        1.39623
C          1.58739       13.03923        0.50373
C          1.30456       11.71635        0.78707
C          0.65575       11.37182        1.97227
C         -0.68713        6.56502        3.61784
C         -0.22644        6.73106        4.94396
C         -1.32645        7.14319        5.73745
C         -2.45849        7.22081        4.90696
C         -2.07059        6.86672        3.59426
H          3.78902        6.06280        1.14890
H          2.51205        6.21182       -0.03851
H          2.12882        5.77341        1.61572
H          4.85637        8.83338        0.50347
H          3.91273       10.29125        0.72685
H          3.61624        9.25246       -0.65623
H          4.02332        8.22261        3.52719
H          2.32563        7.98548        3.92097
H          2.91570        9.58661        3.52781
H         -1.33231        6.44935       -1.06218
H         -1.47980        6.57916        0.67630
H         -0.01819        5.91850       -0.03542
H          0.38151        8.31970       -2.69557
H          1.83919        7.90160       -1.82301
H          1.36949        9.58263       -2.00063
H         -2.21144        9.47599       -1.01064
H         -1.10238       10.71505       -0.45169
H         -1.96254        9.72787        0.71229
H         -0.21403       12.11923        3.78401
H          0.29293       14.47695        3.27298
H          1.44799       15.06876        1.17359
H          2.09045       13.29601       -0.41780
H          1.57980       10.93798        0.09267
H         -0.12721        6.10824        2.80971
H          0.73600        6.41190        5.32883
H         -1.32786        7.22448        6.81787
H         -3.47589        7.39090        5.23916
H         -2.75332        6.67835        2.77284
