55
CSD_code = RITYEY | q = 0 | S = 0 | Stoichiometry = C19H28NO2PSSi2W | MND = 9
W          5.65289        1.16055        2.85255
C          7.06679       -0.01859        2.18379
O          7.89473       -0.75348        1.85387
C          6.94925        0.70651        4.24559
O          7.75994        0.40371        5.01705
C          3.63395        1.28690        1.67313
C          3.51654        2.04406        2.86441
C          3.62636        1.15702        3.95915
C          3.84563       -0.15663        3.43959
C          3.83289       -0.06186        2.02100
S          6.56295        2.81370        0.98372
P          6.69287        3.33110        2.92857
C          8.45626        3.67238        3.22954
C          8.90761        4.89186        3.71280
C         10.26146        5.08953        3.92129
C         11.16221        4.07318        3.65065
C         10.71119        2.85550        3.16330
C          9.36092        2.65213        2.95387
N          5.88718        4.75498        3.29614
Si         5.56486        5.88670        1.96814
C          5.03444        7.56795        2.68304
C          7.15993        6.16770        0.96754
C          4.10531        5.24553        0.91807
Si         5.44032        4.93201        5.00239
C          6.26876        6.46669        5.77406
C          3.53655        5.06034        5.11189
C          6.06895        3.41995        5.96248
H          3.49416        1.66311        0.66794
H          3.23868        3.08761        2.91680
H          3.41839        1.38935        4.99664
H          3.80891       -1.07564        4.01285
H          3.86183       -0.89657        1.33393
H          8.19671        5.67799        3.91584
H         10.61400        6.03961        4.29622
H         12.21768        4.22916        3.81758
H         11.41291        2.06374        2.94886
H          8.99373        1.70830        2.56790
H          4.33773        7.48762        3.50747
H          4.55112        8.13340        1.89518
H          5.88396        8.15191        3.01626
H          7.63342        5.22823        0.69927
H          7.88613        6.75708        1.52099
H          6.94165        6.69804        0.04585
H          3.93978        5.90416        0.07080
H          3.17835        5.21020        1.48569
H          4.30290        4.25341        0.52498
H          5.71143        6.76302        6.65628
H          6.29719        7.31805        5.10548
H          7.28513        6.25535        6.09259
H          3.25647        5.61140        6.00341
H          3.06517        4.08443        5.17850
H          3.11006        5.57772        4.25835
H          5.89235        3.53359        7.02794
H          7.13911        3.28794        5.81959
H          5.58751        2.49986        5.63988
