140
CSD_code = ROFBUL | q = 0 | S = 0 | Stoichiometry = C55H75FeN2P3Si4 | MND = 4
Fe         9.33261        5.53808        5.41515
P          9.23533        6.98057        3.63394
P          7.94980        6.09436        7.10573
Si        10.21701        7.85854        7.68424
Si        11.78028        7.66449        4.93099
Si        11.59083        5.14606        6.82707
P         13.06761        2.82514        5.40522
Si         6.93150        2.30073        3.71323
C         10.75621        6.76010        6.24508
N          8.49600        4.28507        4.90761
C         10.39498        8.38946        3.82114
H          9.88946        9.19056        4.35120
H         10.72637        8.76411        2.85540
C          8.74517        6.94726        8.50981
H          9.10315        6.18270        9.19479
H          8.04875        7.58040        9.05387
C          9.76956        6.29889        2.01486
N          8.03667        3.20704        4.66572
C         11.56175        3.89782        5.36139
H         10.66880        3.27156        5.39032
H         11.57531        4.43766        4.41668
C         12.85406        1.86848        3.85059
C          6.62233        7.22828        6.55386
C          7.70999        7.78505        3.00118
C          9.50876        9.54654        7.12063
H         10.26355       10.15228        6.63301
H          9.13756       10.11709        7.96743
H          8.68382        9.41212        6.42805
C          9.98083        4.93069        1.90525
H          9.83504        4.31274        2.78099
C          6.84425        4.91152        7.97816
C         11.51683        8.21554        9.03561
H         12.39966        8.66499        8.59842
H         11.82520        7.30946        9.54457
H         11.13608        8.90257        9.78439
C          9.92705        7.09938        0.88717
H          9.73068        8.16103        0.94784
C         10.80020        4.23509        8.31468
H         10.98288        4.77087        9.23928
H         11.22592        3.24280        8.42548
H          9.72754        4.12186        8.19456
C         12.47522        1.58997        6.63078
C         12.94169        9.02875        5.58529
H         13.74977        8.57817        6.14848
H         12.43437        9.72397        6.24168
H         13.38422        9.59820        4.77505
C          5.80962        5.34793        8.79993
H          5.62364        6.40727        8.91062
C          6.23764        8.42687        7.14017
H          6.77714        8.82695        7.98536
C          6.90469        7.07322        2.11309
H          7.20857        6.08164        1.80433
C          5.90925        6.75825        5.45308
H          6.24396        5.84184        4.98461
C         13.41213        5.42544        7.33876
H         13.49736        6.22124        8.06905
H         14.03254        5.69080        6.49066
H         13.82505        4.52359        7.77873
C         12.86314        6.64233        3.72427
H         13.49711        5.92832        4.23865
H         13.51407        7.29973        3.15381
H         12.25184        6.09998        3.00861
C         13.27988        1.33480        7.73454
H         14.22981        1.84427        7.82227
C          5.01512        4.43398        9.46605
H          4.21252        4.78054       10.10135
C         10.35646        4.36758        0.69836
H         10.51052        3.30148        0.62948
C         10.85727        0.02893        7.48542
H          9.91340       -0.48741        7.38372
C         11.25977        0.92312        6.51149
H         10.63183        1.09274        5.64776
C          4.47511        3.66227        4.28019
H          3.77536        4.45975        4.03272
H          4.93714        3.90234        5.23520
H          3.90599        2.74387        4.40058
C         12.88174        0.47793        3.80774
H         12.91613       -0.08879        4.72762
C          7.29371        9.04687        3.40853
H          7.87769        9.60918        4.12213
C         11.66119       -0.21051        8.58902
H         11.34163       -0.90845        9.34926
C          5.35363        8.89681        2.00405
H          4.44806        9.33381        1.60935
C         12.86541        1.90689        1.43835
H         12.88601        2.46911        0.51524
C          7.06586        3.54734        7.83549
H          7.86068        3.20788        7.18708
C          5.74048        7.62409        1.61560
H          5.13351        7.06186        0.92010
C         10.31469        6.54024       -0.31584
H         10.44063        7.16918       -1.18552
C         10.53271        5.17441       -0.41245
H         10.83104        4.74155       -1.35627
C          4.42837        8.63281        5.57149
H          3.57209        9.17580        5.19926
C          4.80972        7.44097        4.97577
H          4.25463        7.05497        4.13417
C         12.86576       -0.18841        2.59587
H         12.87331       -1.26914        2.57888
C          6.12988        9.60135        2.90745
H          5.82766       10.58902        3.22492
C          5.52589        3.51056        3.18183
H          6.00122        4.48943        3.05277
C          6.27408        0.97506        4.94108
H          5.77085        1.52422        5.74479
C         12.86754        2.57293        2.64874
H         12.89025        3.65392        2.66305
C         12.85485        0.52191        1.40772
H         12.85230       -0.00119        0.46213
C         12.87600        0.44132        8.71152
H         13.50835        0.25270        9.56722
C          5.15211        9.12820        6.64151
H          4.86367       10.06306        7.10145
C          7.95115        1.65703        2.20751
H          8.06228        2.50225        1.51735
C          6.27108        2.63258        8.50389
H          6.45340        1.57445        8.38701
C          5.24422        3.07477        9.31992
H          4.62027        2.36328        9.84099
C          4.84711        3.16227        1.86050
H          4.09764        3.91371        1.61155
H          4.34482        2.19905        1.92338
H          5.56979        3.12463        1.04905
C          7.39615        0.16830        5.58977
H          6.99799       -0.48474        6.36670
H          8.13024        0.83223        6.03768
H          7.89811       -0.45655        4.85458
C          9.35727        1.22340        2.61957
H          9.95080        0.95568        1.74613
H          9.31844        0.35396        3.27058
H          9.87637        2.01727        3.14864
C          5.24697        0.02638        4.32841
H          4.81692       -0.61590        5.09703
H          5.70619       -0.61284        3.57936
H          4.43561        0.57310        3.85520
C          7.28795        0.51805        1.43656
H          7.84604        0.30407        0.52506
H          6.26606        0.76057        1.16001
H          7.27711       -0.38892        2.03619
