109
CSD_code = ROFKEE | q = -1 | S = 0 | Stoichiometry = C46H54FeN2P3Si3(1-) | MND = 5
Fe         3.39346       18.50566        5.17839
P          1.52976       19.59215        4.90416
P          5.18867       19.12724        4.11923
P          3.41895       16.70145        6.39311
Si         3.63266       15.54987        3.68901
Si         3.55949       18.10039        1.88944
Si         0.97295       17.14900        3.35152
C          2.93231       14.12087        2.62022
H          1.87421       13.97113        2.79934
H          3.43995       13.18239        2.81925
H          3.05768       14.34638        1.56882
C          3.71092       17.02091        0.31255
H          4.36549       16.17224        0.47248
H          4.09921       17.58731       -0.52794
H          2.73937       16.63630        0.02965
N          3.79695       19.44924        6.49190
C          2.66911       19.68527        1.28074
H          2.50845       20.37857        2.10180
H          1.70509       19.44487        0.84484
H          3.24619       20.19951        0.51535
N          4.07189       20.09315        7.38448
C          2.85833       17.25343        3.42622
C          5.53085       15.40205        3.46482
H          6.04847       16.18103        4.01779
H          5.80509       15.48748        2.41853
H          5.90080       14.44052        3.81404
C          0.09883       16.03237        4.64210
H          0.45861       16.24274        5.64545
H          0.27616       14.98320        4.42986
H         -0.97865       16.18195        4.63398
C          0.21689       16.59197        1.68034
H          0.58401       15.60866        1.41513
H          0.48330       17.26886        0.87728
H         -0.86622       16.53873        1.72565
C          5.33192       18.61849        2.36427
H          5.98283       17.74911        2.32941
H          5.76802       19.40205        1.74739
C          1.47105       21.39483        4.48640
C          6.89385       18.73457        4.72440
C          0.42441       19.82323        6.36043
C          7.06696       18.48228        6.07930
H          6.19878       18.48601        6.72300
C          0.35617       18.92608        3.66342
H          0.47317       19.51362        2.75680
H         -0.67687       19.00649        3.99666
C          3.25970       15.10573        5.50556
H          2.22428       14.78771        5.59125
H          3.89525       14.33425        5.93637
C          6.13394       21.56201        5.11480
H          6.36759       20.98208        5.99694
C          4.88465       16.37712        7.46269
C          0.35207       22.00563        3.92895
H         -0.52762       21.41960        3.70283
C          4.99568       17.06433        8.67296
H          4.21069       17.74570        8.97056
C          5.56715       20.92756        4.00770
C          5.93594       15.55095        7.07585
H          5.90311       15.05010        6.12123
C          8.32313       18.23147        6.60008
H          8.43906       18.04646        7.65868
C          2.57214       22.17959        4.80381
H          3.43654       21.70556        5.24671
C          2.24474       16.42810        7.79804
C          5.22301       21.70652        2.90668
H          4.73410       21.25304        2.05895
C         -0.65384       18.98649        6.63306
H         -0.88518       18.17258        5.96420
C          6.39296       22.91822        5.09796
H          6.83837       23.39076        5.96347
C          5.49083       23.06248        2.88705
H          5.22650       23.64901        2.01655
C          9.42599       18.21294        5.76358
H         10.40979       18.00613        6.16361
C          8.01242       18.74159        3.89703
H          7.90609       18.96607        2.84513
C          2.56687       23.54113        4.56198
H          3.43013       24.13674        4.82351
C          0.73659       20.82170        7.28503
H          1.59768       21.45298        7.11375
C          1.45892       24.13479        3.98199
H          1.45310       25.19797        3.78101
C          6.08767       23.67379        3.97688
H          6.30206       24.73435        3.95824
C          7.03282       15.36884        7.89711
H          7.83462       14.71273        7.58362
C          0.35186       23.36322        3.66789
H         -0.52072       23.82640        3.22468
C          6.09570       16.88870        9.48890
H          6.16025       17.42557       10.42614
C         -0.03623       21.00769        8.41411
H          0.21763       21.79149        9.11561
C          7.11360       16.02640        9.11308
H          7.96989       15.87828        9.75793
C         -1.43206       19.17853        7.75922
H         -2.27393       18.52477        7.94763
C          1.69664       17.54369        8.41885
H          1.93964       18.52415        8.03443
C         -1.13572       20.19722        8.64916
H         -1.74961       20.35069        9.52705
C          1.93939       15.16671        8.29941
H          2.37756       14.28562        7.85236
C          9.26653       18.46986        4.41162
H         10.12844       18.46679        3.75627
C          0.53748       16.14799        9.98286
H         -0.12852       16.03634       10.82828
C          1.08191       15.02846        9.37526
H          0.84248       14.04102        9.74956
C          0.85660       17.40900        9.50877
H          0.44798       18.28934        9.98449
