79
CSD_code = ROFSIO | q = 0 | S = 0 | Stoichiometry = C24H48FeO2P2Si2 | MND = 6
Fe         2.39568        7.99631        3.37616
P          1.78898        9.67396        4.61264
P          2.82175        6.30842        2.08071
Si         3.65425       11.38501       -1.47597
Si         6.02155        8.69685        4.25834
O          2.23310        6.23657        5.69307
O         -0.22455        8.24272        2.14070
C          4.38918        8.64731        3.36545
C          3.82899        9.12250        2.31829
C          3.83355        9.82795        1.15549
C          3.78441       10.43919        0.10056
C          2.85830       13.07808       -1.10077
C          2.55839       10.40988       -2.69717
C          5.39158       11.62862       -2.22488
C          6.49421       10.53558        4.48631
C          7.36552        7.84803        3.19918
C          5.89291        7.83330        5.95869
C          0.03158        9.72354        5.18038
C         -0.40857        8.42039        5.83122
C          2.72652        9.84295        6.20317
C          2.48757       11.07080        7.07319
C          1.95303       11.38145        3.91831
C          1.22736       11.55561        2.59104
C          2.96523        6.59848        0.25688
C          1.75357        7.28140       -0.35752
C          1.73722        3.72008        1.34369
C          1.55391        4.96500        2.20270
C          4.42667        5.40711        2.27292
C          4.64955        4.86011        3.67365
C          2.35560        6.93870        4.78160
C          0.85373        8.17891        2.55808
H          1.85707       12.95880       -0.69756
H          3.44214       13.63227       -0.37185
H          2.78277       13.68950       -1.99560
H          1.57777       10.21349       -2.27404
H          2.41324       10.95649       -3.62487
H          3.00593        9.45238       -2.94721
H          5.86696       10.67428       -2.43157
H          5.34916       12.18355       -3.15799
H          6.03865       12.17561       -1.54575
H          5.77724       11.06522        5.10733
H          7.46956       10.63525        4.95380
H          6.53294       11.04314        3.52735
H          7.25323        6.76815        3.19581
H          7.32677        8.19099        2.16961
H          8.35661        8.07193        3.58330
H          4.90049        7.42154        6.11629
H          6.60185        7.01526        6.04423
H          6.09145        8.52119        6.77552
H         -0.58053        9.91057        4.29343
H         -0.09670       10.56800        5.86534
H         -1.45962        8.46941        6.11088
H         -0.27274        7.59545        5.13323
H          0.17454        8.21009        6.72528
H          3.78095        9.78579        5.91710
H          2.50186        8.93227        6.76813
H          3.05250       10.97076        7.99880
H          2.82055       11.97819        6.57576
H          1.43789       11.18060        7.33556
H          3.02634       11.55081        3.77817
H          1.57407       12.09774        4.65361
H          1.43908       12.53823        2.17369
H          1.55948       10.80595        1.87649
H          0.15080       11.46229        2.71595
H          3.15847        5.63776       -0.23084
H          3.84805        7.23251        0.12102
H          1.88508        7.38355       -1.43310
H          0.84410        6.71236       -0.17491
H          1.63273        8.27659        0.06332
H          0.92086        3.02509        1.53426
H          1.72621        3.96471        0.28435
H          2.66960        3.21143        1.57644
H          0.59657        5.44554        1.97494
H          1.52062        4.69390        3.26326
H          5.20277        6.14147        2.03343
H          4.47323        4.60658        1.52805
H          5.61365        4.35747        3.73720
H          4.63789        5.67326        4.39464
H          3.87448        4.14598        3.94473
