56
CSD_code = ROSBOQ | q = 0 | S = 0 | Stoichiometry = C24H26Cl2O2SiZr | MND = 12
Zr         1.93270        1.96200        3.04092
Cl         2.33240        4.07701        2.12579
Cl         0.39833        2.81849        4.58929
Si         3.18142       -0.97688        2.29020
O          2.93472        0.12742       -1.00086
O          2.77204       -1.54068        5.61936
C          1.59870       -0.05050        1.75096
C          1.58678        1.03500        0.79923
C          0.40353        1.80787        0.99386
C         -0.29409        1.23489        2.07358
C          0.43448        0.12060        2.55998
C          3.71136        0.41739        3.48562
C          3.09684        0.70327        4.76202
C          3.41729        2.04241        5.13788
C          4.17786        2.59667        4.09196
C          4.34544        1.62889        3.07291
C          2.47783        1.21340       -0.33184
C          2.92625        2.35763       -0.94753
C          3.71033        1.93316       -2.04609
C          3.67757        0.57338       -2.02955
C         -0.09679        2.92708        0.13011
C         -0.10106       -0.75887        3.65402
C          2.41923       -0.23230        5.63546
C          1.44565       -0.02902        6.58441
C          1.19239       -1.29225        7.16796
C          2.02499       -2.16955        6.54628
C          3.15387        2.70253        6.45814
C          5.17546        1.87995        1.84562
C          4.53586       -1.32118        0.98814
C          2.86630       -2.74330        2.94741
H         -1.27784        1.53559        2.41641
H          4.64287        3.57592        4.10755
H          2.74927        3.36448       -0.62531
H          4.22405        2.55690       -2.74831
H          4.12408       -0.16391       -2.66624
H          0.30954        3.88881        0.45162
H          0.19773        2.76590       -0.90638
H         -1.18292        2.98281        0.18608
H         -0.51840       -0.14541        4.45648
H         -0.90259       -1.39116        3.26488
H          0.66183       -1.40855        4.06925
H          0.94827        0.89479        6.80105
H          0.48794       -1.51298        7.94330
H          2.17874       -3.22351        6.66465
H          3.88840        3.48765        6.63150
H          2.16091        3.15614        6.48726
H          3.21770        1.97313        7.26501
H          6.00985        1.18051        1.79478
H          4.58884        1.79298        0.92876
H          5.58011        2.89088        1.88397
H          5.37891       -1.80561        1.47143
H          4.15274       -2.00443        0.23831
H          4.90884       -0.44831        0.47165
H          1.95098       -2.87276        3.50863
H          2.82994       -3.42834        2.10668
H          3.68734       -3.04957        3.58564
