62
CSD_code = ROWPEA | q = 0 | S = 0 | Stoichiometry = C28H29Cl2PRuSi | MND = 9
Ru         2.94803        2.42210        0.83055
Cl         4.69448        1.43795        2.02194
Cl         1.99004        0.27869        0.77151
P          1.84996        2.80217        2.75671
Si         4.11301        3.24061        4.94759
C          1.59261        3.72906       -0.39166
H          0.52085        3.88417       -0.33124
C          2.13144        2.78901       -1.27688
H          1.46755        2.19269       -1.89302
C          3.53311        2.64813       -1.42837
H          3.93111        1.94830       -2.15242
C          4.39101        3.47089       -0.68583
H          5.46318        3.41350       -0.83838
C          3.87475        4.40147        0.24001
H          4.54084        5.07105        0.77055
C          2.47283        4.48376        0.44165
C          1.91807        5.29537        1.55264
C          1.76231        6.67193        1.48759
H          2.03314        7.20031        0.58465
C          1.26541        7.36280        2.58107
H          1.15333        8.43517        2.52803
C          0.91516        6.68517        3.73803
H          0.52724        7.23125        4.58489
C          1.06661        5.31120        3.81162
H          0.79463        4.77427        4.70809
C          1.57634        4.61053        2.72746
C          0.15189        2.15573        2.79076
C         -0.93474        2.91790        2.37423
H         -0.79107        3.94710        2.07193
C         -2.20267        2.36476        2.35507
H         -3.04387        2.96288        2.03497
C         -2.39250        1.04734        2.73675
H         -3.38265        0.61670        2.71216
C         -1.31114        0.28068        3.14096
H         -1.45600       -0.75037        3.42639
C         -0.04324        0.82904        3.16792
H          0.80588        0.22691        3.45577
C          2.50829        2.33889        4.37401
H          2.74232        1.27735        4.26431
H          1.70241        2.44101        5.10383
C          3.58316        4.30949        6.44312
H          3.11933        3.70941        7.21976
H          2.88699        5.09639        6.16937
H          4.45421        4.78822        6.87709
C          5.37590        1.92550        5.48009
H          6.27060        2.39084        5.88007
H          5.66141        1.31032        4.63229
H          4.97182        1.27524        6.24996
C          4.84126        4.40950        3.61819
H          5.40805        3.80027        2.91625
H          4.01896        4.87947        3.08104
C          5.70903        5.46367        4.21326
C          5.19670        6.72045        4.51357
H          4.16080        6.93792        4.28814
C          5.99522        7.69103        5.09130
H          5.58208        8.66379        5.31770
C          7.32172        7.41897        5.37900
H          7.94613        8.17587        5.83049
C          7.84344        6.17081        5.08142
H          8.87914        5.95343        5.29979
C          7.04307        5.20254        4.50405
H          7.44975        4.23040        4.26772
