79
CSD_code = RUKCAB | q = 0 | S = 0 | Stoichiometry = C28H44N4Si2Zr | MND = 6
Zr        -2.15779       -6.52790       -7.66699
Si        -0.72408       -7.99850      -10.58357
Si        -0.05837       -7.59239       -4.98305
N         -3.83662       -6.71693       -9.10948
N         -2.33551       -4.62647       -8.85497
N         -2.39336       -4.97376       -6.09591
N         -3.90200       -7.05895       -6.35178
C         -4.11270       -5.71599       -9.93296
C         -5.29483       -5.67306      -10.70749
C         -5.68795       -4.85979      -11.75025
C         -4.98116       -3.87299      -12.41511
C         -3.72466       -3.39642      -12.07293
C         -2.95200       -3.68981      -10.97248
C         -3.11370       -4.62361       -9.92031
C         -1.35439       -3.58384       -8.65706
C         -0.62866       -3.81700       -7.32825
C         -1.60364       -3.76203       -6.14995
C         -3.36103       -5.08832       -5.19761
C         -3.72351       -4.03174       -4.33102
C         -4.54121       -3.98598       -3.22067
C         -5.19207       -5.01365       -2.56098
C         -5.25322       -6.33751       -2.96897
C         -4.80758       -6.90934       -4.13848
C         -4.06839       -6.38834       -5.22812
C         -4.58681       -8.31307       -6.56807
C         -4.25374       -8.83785       -7.96823
C         -4.72023       -7.86179       -9.05055
C         -0.41259       -6.86424       -9.12592
C          0.86996       -8.46404      -11.56752
C         -1.88676       -7.22919      -11.90388
C         -1.46967       -9.69478      -10.05193
C         -1.14947       -8.15775       -6.39661
C          0.99258       -9.00634       -4.19451
C         -1.04811       -6.85701       -3.51171
C          1.24424       -6.28359       -5.53536
H         -6.03438       -6.41634      -10.44138
H         -6.67906       -5.06534      -12.13969
H         -5.45328       -3.43126      -13.28212
H         -3.31161       -2.64745      -12.73957
H         -2.03702       -3.11451      -10.91495
H         -1.84071       -2.59356       -8.63903
H         -0.60436       -3.56787       -9.46685
H         -0.15712       -4.81076       -7.34886
H          0.13894       -3.04865       -7.20131
H         -1.04057       -3.63458       -5.20958
H         -2.24019       -2.86991       -6.27926
H         -3.28135       -3.07552       -4.57758
H         -4.64029       -3.00538       -2.76768
H         -5.69949       -4.76117       -1.63982
H         -5.77171       -7.01039       -2.29503
H         -5.05166       -7.95912       -4.23320
H         -5.67818       -8.17779       -6.47826
H         -4.28735       -9.07591       -5.82852
H         -4.74663       -9.80306       -8.11344
H         -3.16433       -8.96299       -8.05307
H         -4.74021       -8.37592      -10.02674
H         -5.75502       -7.56140       -8.81228
H         -0.09068       -5.89834       -9.54041
H          0.45620       -7.25366       -8.57342
H          0.65847       -9.12938      -12.39948
H          1.59091       -8.96337      -10.92694
H          1.35501       -7.58128      -11.97350
H         -1.80416       -7.75092      -12.85240
H         -1.63819       -6.18782      -12.08407
H         -2.92768       -7.26339      -11.60157
H         -1.03755      -10.50396      -10.63233
H         -2.54348       -9.72947      -10.20577
H         -1.26717       -9.90923       -9.00505
H         -1.91945       -8.80948       -5.95994
H         -0.54635       -8.80773       -7.04876
H          1.61103       -8.65033       -3.37582
H          1.65358       -9.45530       -4.93005
H          0.36019       -9.79754       -3.80295
H         -0.42928       -6.77479       -2.62335
H         -1.89619       -7.48585       -3.25894
H         -1.43569       -5.86870       -3.73386
H          2.19044       -6.44522       -5.02840
H          0.92500       -5.27334       -5.30051
H          1.44001       -6.34102       -6.60356
