54
CSD_code = SABFEG | q = 0 | S = 0 | Stoichiometry = C21H28FeO3Si | MND = 8
Fe         3.64802        7.03859        1.76674
Si         5.29879        2.08958        4.19822
O          4.06063        3.06124        4.61479
O          1.47692        7.65447       -0.07362
O          3.24897        9.92060        1.85480
C          3.25434        3.99403        3.91483
C          2.11547        3.22697        3.20868
C          1.18575        2.82191        4.37515
C          1.52833        3.74595        5.55383
C          2.50004        4.79607        5.00136
C          1.80713        6.06650        4.49774
C          0.53178        5.87176        3.67854
C          0.71676        5.16158        2.37377
C          1.38422        4.03326        2.17370
C          4.14600        4.83358        3.03862
C          4.97044        5.79560        3.61797
C          5.78562        6.61952        2.81857
C          5.93504        6.39800        1.42816
C          5.14266        5.39888        0.85219
C          4.21577        4.68118        1.63263
C          6.98227        7.12797        0.64321
C          2.31585        7.31940        0.65231
C          3.45770        8.78044        1.88263
C          6.88342        3.04642        3.72361
C          5.55921        1.12767        5.81486
C          4.91005        0.89263        2.75903
H          2.53406        2.33665        2.73759
H          1.36324        1.78223        4.64696
H          0.14332        2.91511        4.07307
H          2.03332        3.17557        6.33254
H          0.64535        4.20704        5.99338
H          3.21117        5.08398        5.78012
H          1.54941        6.66836        5.37271
H          2.50426        6.66428        3.88473
H          0.12159        6.86241        3.47569
H         -0.21142        5.33120        4.27100
H          0.19714        5.60154        1.53459
H          1.37272        3.60877        1.17820
H          4.99508        5.91630        4.69042
H          6.43014        7.34253        3.30216
H          5.26346        5.14678       -0.19278
H          3.65363        3.89283        1.15664
H          7.94854        6.63572        0.76570
H          7.07882        8.15335        0.99096
H          6.73498        7.13888       -0.41484
H          7.74300        2.38429        3.69571
H          6.80365        3.51492        2.74634
H          7.10103        3.83022        4.44350
H          5.77136        1.79395        6.64418
H          6.39450        0.44302        5.71908
H          4.68312        0.54484        6.07882
H          5.72017        0.18514        2.61231
H          4.77105        1.41920        1.81809
H          4.01019        0.31428        2.95112
