104
CSD_code = SACHOW | q = 0 | S = 0 | Stoichiometry = C41H51CrN4O5PSi | MND = 6
Cr         0.92855        4.85014        1.33754
Si         2.62121        7.14899        4.35407
P          2.33238        5.20399        3.46442
H          3.65669        5.12442        3.07128
N          1.34010        7.83790        5.28073
N          4.03710        7.33459        5.34753
N          2.97009        8.58072        3.12876
N          3.62233       11.59346        0.34626
O          1.93833        2.03942        0.93719
O         -1.74101        3.97379        2.39212
O         -0.56869        4.37720       -1.20575
O         -0.35844        7.53939        1.02295
O          2.97394        5.78298       -0.65459
C          0.51588        8.96343        7.23002
H         -0.50931        8.78169        6.96572
H          0.69955        9.49021        8.14844
C          1.53843        8.52901        6.47766
C          2.90310        8.77480        6.89647
H          2.99573        9.46127        7.72486
C          4.02665        8.21082        6.42451
C          5.36738        8.55310        7.00610
H          5.25425        9.21711        7.85844
H          5.98425        9.04608        6.25425
H          5.89528        7.65558        7.32250
C         -0.00329        7.63736        4.83649
C         -0.64539        8.65508        4.12198
C         -1.92390        8.42411        3.63317
H         -2.42788        9.19458        3.07048
C         -2.56235        7.22215        3.86082
H         -3.55275        7.05127        3.46587
C         -1.94347        6.25019        4.62117
H         -2.47328        5.33530        4.83196
C         -0.66090        6.43430        5.12167
C         -0.06030        5.39869        6.04422
H          1.01898        5.56365        6.09544
C         -0.64297        5.58240        7.45073
H         -0.40467        6.56938        7.83949
H         -0.22905        4.83717        8.12669
H         -1.72495        5.46812        7.43147
C         -0.28675        3.96466        5.57042
H         -1.34163        3.70331        5.56649
H          0.22607        3.27515        6.23683
H          0.11313        3.83145        4.56690
C         -0.01992       10.01852        3.92617
H          1.01347        9.98280        4.27985
C         -0.01378       10.44444        2.45693
H         -1.01964       10.67616        2.11761
H          0.38036        9.65300        1.82578
H          0.59979       11.33590        2.32822
C         -0.75887       11.06554        4.76608
H         -0.32187       12.04965        4.60528
H         -0.68401       10.82401        5.82298
H         -1.81042       11.10552        4.49287
C          5.08388        6.36832        5.28983
C          6.13354        6.52550        4.38112
C          7.13226        5.56219        4.33344
H          7.94110        5.66571        3.62643
C          7.10805        4.47396        5.18170
H          7.89428        3.73498        5.13790
C          6.07354        4.33427        6.08499
H          6.06210        3.48142        6.74592
C          5.04553        5.26495        6.15091
C          3.92432        5.05570        7.14029
H          3.18344        5.84872        7.01237
C          4.43899        5.12091        8.58116
H          5.18706        4.35282        8.76300
H          3.61460        4.96812        9.27398
H          4.88337        6.09103        8.79166
C          3.22891        3.71915        6.87849
H          2.88197        3.68045        5.84768
H          2.37464        3.61277        7.54295
H          3.90223        2.88382        7.05292
C          6.20561        7.71299        3.45054
H          5.40828        8.40924        3.72248
C          7.53757        8.45660        3.58291
H          7.73235        8.71738        4.62102
H          7.51315        9.37223        2.99438
H          8.36417        7.84823        3.22652
C          5.98903        7.26279        2.00435
H          6.79602        6.60788        1.68500
H          5.95903        8.12223        1.33645
H          5.05292        6.71588        1.90960
C          2.85138        8.34990        1.82021
H          2.56301        7.34112        1.55440
C          3.06364        9.30390        0.86594
H          2.94382        9.02570       -0.16589
C          3.42551       10.61655        1.24571
C          3.56754       10.82876        2.63904
H          3.85214       11.79018        3.03000
C          3.33103        9.81110        3.51913
H          3.43646        9.95691        4.58441
C          3.42283       11.33805       -1.06285
H          4.12299       10.58204       -1.42618
H          3.58658       12.25275       -1.62556
H          2.40396       10.99458       -1.25566
C          3.99060       12.92387        0.77205
H          3.21491       13.36366        1.40451
H          4.12109       13.56129       -0.09789
H          4.93177       12.90970        1.32699
C          1.59733        3.10468        1.20391
C         -0.65759        4.28846        2.16431
C          0.00569        4.53877       -0.21363
C          0.17545        6.54242        1.27377
C          2.28560        5.42394        0.20639
