105
CSD_code = SEDGOX | q = 0 | S = 0 | Stoichiometry = C36H56Cl2N4P2Si4Ti | MND = 5
Ti         4.12564        0.93906        4.00920
Si         2.55852        2.97002        6.41069
Si         2.41336        0.99090        0.95568
Si         3.71395       -3.58013        3.87117
Si         6.30912       -3.49021        5.53861
Cl         5.53037        0.46500        2.33989
Cl         5.71574        2.22165        4.92039
P          4.06380       -1.70296        5.95061
P          1.87919        2.21943        3.56533
N          2.66569        2.03601        4.95607
N          2.55990        1.05276        2.68944
N          4.19379       -0.56330        4.90404
N          4.57082       -3.19817        5.38612
C          2.36109       -2.00533        6.53290
C          1.95973       -3.23118        7.04722
C          0.65822       -3.40036        7.48637
C         -0.24147       -2.34821        7.41200
C          0.15669       -1.12587        6.89338
C          1.45820       -0.95336        6.45577
C          0.09360        1.97373        3.80655
C         -0.34561        0.65625        3.76083
C         -1.66439        0.35190        4.04423
C         -2.54861        1.36573        4.37861
C         -2.10956        2.67864        4.44076
C         -0.78837        2.98469        4.16413
C          4.95077       -1.31425        7.49497
C          5.98082       -0.38532        7.41086
C          6.65975        0.00655        8.55051
C          6.30086       -0.51730        9.78243
C          5.25777       -1.42467        9.87285
C          4.57873       -1.82042        8.73362
C          2.17708        3.85059        2.80517
C          1.24041        4.60726        2.11336
C          1.62462        5.78802        1.49972
C          2.94152        6.21264        1.56323
C          3.88464        5.45084        2.23607
C          3.50332        4.27226        2.84999
C          0.58154        1.28436        0.47714
C          3.47517        2.32190        0.07210
C          2.92386       -0.73778        0.33955
C          3.61276        2.05324        7.70765
C          0.75799        3.05336        7.06639
C          3.18990        4.76442        6.18200
C          7.29217       -2.08021        4.71692
C          6.77736       -3.76693        7.37435
C          6.71357       -5.17901        4.74623
C          3.23479       -5.42076        4.04427
C          4.82018       -3.17203        2.37638
C          2.10132       -2.60922        3.56967
H          2.66826       -4.04652        7.07854
H          0.34114       -4.35329        7.88526
H         -1.25720       -2.48377        7.75403
H         -0.55051       -0.31140        6.82586
H          1.79313       -0.01490        6.02425
H          0.36609       -0.11553        3.49632
H         -2.00300       -0.67329        4.00751
H         -3.58037        1.13301        4.59766
H         -2.79832        3.46546        4.71235
H         -0.44016        4.00544        4.23483
H          6.22478        0.03572        6.44268
H          7.46080        0.72708        8.47870
H          6.82683       -0.21091       10.67470
H          4.96970       -1.82167       10.83558
H          3.76177       -2.52367        8.80698
H          0.21408        4.27611        2.04391
H          0.89238        6.37565        0.96510
H          3.23412        7.13367        1.08149
H          4.91459        5.77195        2.27806
H          4.23889        3.66639        3.37686
H          0.48091        1.35732       -0.60018
H          0.19673        2.20312        0.90845
H         -0.05777        0.47377        0.81313
H          3.60929        2.05883       -0.97236
H          4.46482        2.38682        0.51912
H          3.02320        3.31015        0.10577
H          2.73089       -0.81141       -0.72534
H          2.37991       -1.53520        0.83377
H          3.98312       -0.90211        0.50010
H          3.48858        2.49571        8.69035
H          4.66580        2.10175        7.45029
H          3.34033        1.00235        7.77569
H          0.20951        3.88556        6.63864
H          0.76694        3.19098        8.14208
H          0.20043        2.14650        6.85385
H          3.11488        5.31555        7.11397
H          2.62188        5.30723        5.42974
H          4.23344        4.76840        5.87915
H          8.05430       -1.67558        5.37691
H          6.61664       -1.26547        4.44419
H          7.79007       -2.40324        3.80736
H          7.12619       -2.86458        7.86341
H          7.58177       -4.49405        7.42642
H          5.94724       -4.15607        7.95539
H          6.34560       -5.29816        3.73589
H          6.31992       -5.99566        5.34136
H          7.79156       -5.29454        4.72207
H          4.04587       -6.02422        4.42990
H          2.96418       -5.81216        3.07100
H          2.37939       -5.55674        4.69840
H          4.32382       -3.42500        1.44478
H          5.77370       -3.68673        2.38976
H          5.02656       -2.10160        2.36536
H          2.32257       -1.53957        3.57315
H          1.32576       -2.80986        4.30157
H          1.69829       -2.87023        2.59484
