105
CSD_code = SEPNOS | q = 0 | S = 0 | Stoichiometry = C48H49BFeN2P2Si2 | MND = 6
Fe         5.14667        4.08751       17.83296
P          5.81725        3.79380       19.88446
P          4.10036        6.00897       17.98727
Si         6.60264        4.95920       14.06560
Si         8.74281        3.81565       15.86433
N          6.18935        4.12827       16.61360
N          7.03616        4.26786       15.64428
C          6.04555        5.21041       21.02019
C          4.36078        1.21672       22.78456
H          4.72047        0.63915       23.62442
C          2.55682        1.93670       21.37505
H          1.50880        1.89282       21.11223
C          4.77889        2.72008       20.96359
C          6.72829        9.40898       19.63523
H          7.36224       10.21630       19.97242
C          6.34333        7.53375       18.19864
H          6.66908        6.84434       17.42777
C          5.24481        6.65281       22.77008
H          4.47628        6.91856       23.48188
C          2.11780        4.87474       19.53804
C          4.05796        1.93860       17.65595
C          2.22293        2.60241       15.67660
C          4.12258        1.33187       16.39745
C          3.42121        2.71514       20.60990
C          5.07579        7.35837       18.75143
C          5.05770        5.56981       21.93058
H          4.14414        4.99405       21.98468
C          5.48694        9.21514       20.21548
H          5.15615        9.86643       21.01178
C          3.05591        6.14351       15.43591
H          3.04345        5.06858       15.55047
C          0.53853        7.20076       19.67056
H         -0.07525        8.08942       19.71364
C          3.61060        8.29901       16.32915
H          4.01895        8.91716       17.11686
C          3.01631        1.19834       22.45101
H          2.32621        0.59934       23.02890
C          3.56290        6.91523       16.47619
C          3.05758        2.91074       17.94930
C          2.50346        6.06012       18.88882
C          4.66019        8.19345       19.77941
H          3.69439        8.04694       20.24081
C          3.14943        8.89075       15.16561
H          3.19235        9.96556       15.06002
C          2.63320        8.11491       14.14168
H          2.27065        8.58350       13.23823
C          8.91932        1.92286       15.73147
H          8.10352        1.41287       16.23304
H          9.84871        1.58487       16.17876
H          8.91703        1.60393       14.69283
C          7.16206        8.55775       18.63029
H          8.13870        8.69636       18.18841
C          6.41461        7.39084       22.70584
H          6.56594        8.22695       23.37298
C          9.28564        4.55400       17.52583
H          9.69914        5.55203       17.41913
H         10.02288        3.93613       18.02633
H          8.41194        4.61810       18.17260
C          5.24571        1.97272       22.03719
H          6.29579        1.97727       22.29274
C          7.38768        7.06024       21.77693
H          8.29541        7.64309       21.71344
C          0.94223        4.91726       20.28960
H          0.62190        4.02908       20.81520
C          1.70413        7.19746       18.92725
H          1.99597        8.08266       18.37848
C          2.15405        3.21662       16.90231
C          6.34327        6.83813       14.22090
H          5.68422        7.07908       15.04854
H          5.89603        7.24608       13.31979
H          7.28497        7.35454       14.38621
C          8.86170        1.16866       19.29627
H          9.09155        0.42259       18.54932
C          7.41748        2.90867       20.13317
C          9.39847        2.28600       21.34761
H         10.05049        2.41792       22.19959
C          7.19964        5.98462       20.93062
H          7.95645        5.72860       20.20103
C          3.22357        1.66309       15.40982
C          2.58817        6.73679       14.27914
H          2.18795        6.12639       13.48227
C          8.25931        3.06356       21.23049
H          8.02870        3.79378       21.99375
C          9.69992        1.33551       20.38675
H         10.58654        0.72643       20.48836
C          0.16836        6.05991       20.36604
H         -0.73669        6.06032       20.95762
C          5.10695        4.00678       13.39037
H          5.40639        3.16015       12.77942
H          4.47402        4.64725       12.78574
H          4.50959        3.62494       14.21415
C          7.73376        1.95701       19.17020
H          7.07687        1.86293       18.31268
C          9.38168        4.66564       14.28253
H          9.61191        5.71262       14.48090
H         10.30027        4.21151       13.91320
C          8.27523        4.58706       13.22418
H          8.26448        3.58516       12.79457
H          8.48166        5.27209       12.40281
B          2.96456        3.55895       19.35893
H          1.35698        3.92240       17.10235
H          4.86875        0.56971       16.21329
H          4.60858        1.48147       18.47536
H          1.49391        2.83479       14.91157
H          3.26638        1.18071       14.44363
