80
CSD_code = SEWSOC | q = 0 | S = 0 | Stoichiometry = C34H43PRuSi | MND = 9
Ru         1.43662        2.06524        4.70006
Si         1.04870        2.64794        1.14553
P          3.67988        1.67979        4.36199
C         -0.52737        3.08957        5.34622
C          0.58097        3.76454        5.95329
C          1.49307        3.02319        6.74411
C          1.30880        1.61289        6.93844
C          0.25353        0.94156        6.28658
C         -0.64866        1.68251        5.44778
C         -1.64990        3.86931        4.70386
C          0.71335        5.26387        5.82135
C          2.55317        3.71639        7.56802
C          2.17342        0.89085        7.94307
C         -0.05835       -0.50813        6.56440
C         -1.85536        1.00074        4.85324
C          3.13012        0.20295        3.46954
C          3.74478       -0.92148        2.94885
C          2.93319       -1.92324        2.43516
C          1.55513       -1.79109        2.48498
C          0.95494       -0.66943        3.04426
C          1.72954        0.37034        3.54847
C          1.47437        3.24732        2.88873
C         -0.70846        1.89113        1.04550
C          2.32939        1.45167        0.38552
C          1.02528        4.18266       -0.01184
C          4.83040        1.05228        5.63700
C          5.80415        1.87695        6.19405
C          6.61558        1.40831        7.21143
C          6.46256        0.11530        7.68474
C          5.49306       -0.70950        7.13670
C          4.67697       -0.24325        6.12316
C          4.84798        2.63660        3.33208
C          5.58969        2.05479        2.31299
C          6.45702        2.82887        1.56204
C          6.58942        4.18245        1.82422
C          5.84742        4.76905        2.83702
C          4.97658        3.99920        3.58491
H         -1.55338        3.87879        3.61757
H         -2.60782        3.41783        4.95525
H         -1.67084        4.89606        5.05750
H          1.75770        5.56247        5.76982
H          0.24836        5.76980        6.67119
H          0.24499        5.62148        4.90839
H          3.55270        3.37503        7.29398
H          2.39798        3.49585        8.62491
H          2.52275        4.79406        7.45061
H          2.35736       -0.13856        7.64826
H          1.68103        0.88929        8.91913
H          3.14405        1.36425        8.05437
H          0.15755       -1.12418        5.68970
H         -1.11365       -0.62059        6.81189
H          0.51658       -0.89544        7.39873
H         -1.66849       -0.05466        4.68196
H         -2.12082        1.45101        3.90003
H         -2.71128        1.08761        5.52862
H          4.82113       -1.03738        2.95253
H          3.37593       -2.81101        2.00568
H          0.93392       -2.58350        2.08769
H         -0.12621       -0.62498        3.06725
H          2.44804        3.74874        2.81339
H          0.76066        4.04466        3.13387
H         -0.85757        1.15803        1.82873
H         -0.86666        1.39516        0.09302
H         -1.47554        2.65362        1.14698
H          2.19720        0.43871        0.74658
H          3.33800        1.76198        0.64110
H          2.25211        1.43318       -0.69770
H          2.00664        4.64255       -0.07222
H          0.33046        4.94072        0.33639
H          0.72961        3.90860       -1.01956
H          5.93110        2.88387        5.81969
H          7.37090        2.05352        7.63708
H          7.09853       -0.24908        8.47808
H          5.37433       -1.71945        7.50257
H          3.91608       -0.87997        5.69246
H          5.47685        1.00179        2.10466
H          7.03075        2.37572        0.76642
H          7.26658        4.78308        1.23466
H          5.94542        5.82677        3.03597
H          4.37520        4.44623        4.36733
