95
CSD_code = SIBQEB | q = 0 | S = 0 | Stoichiometry = C44H43N2OP3RuSi | MND = 6
C          7.40579        8.86767        2.88452
H          6.71205        8.02024        2.82116
C          9.33246       10.15001        4.69361
C         10.15058        7.49568        2.09348
H         10.67728        7.14070        1.21371
H          9.73999        6.63064        2.60590
H         10.88354        7.95884        2.74614
C          7.96851        8.10361       -0.01599
H          8.69230        8.05643       -0.82250
H          7.15967        8.75471       -0.33277
H          7.55935        7.10688        0.11697
C          9.55459       10.44973        1.25391
H         10.07620       10.47057        0.30177
H         10.26677       10.72547        2.02494
H          8.78286       11.21686        1.22833
C          3.81980        9.80546        3.48406
H          3.36640       10.15649        2.57807
C          3.27040        9.24222        4.61657
H          2.23790        9.03349        4.80943
C          4.35247        8.99592        5.46588
H          4.34739        8.57083        6.45304
C          7.72369        6.25748        5.08663
C          6.45103        6.05744        4.55117
H          5.65875        6.75513        4.79540
C          6.19188        4.97577        3.73353
H          5.20127        4.83196        3.32580
C          7.20446        4.07745        3.43385
H          7.00689        3.23426        2.78854
C          8.46706        4.26252        3.96914
H          9.25657        3.55937        3.74550
C          8.72980        5.34575        4.79150
H          9.71830        5.47223        5.20854
C          6.83970        7.38346        7.47660
C          6.49378        6.08253        7.82899
H          6.87877        5.24731        7.26090
C          5.65591        5.86091        8.90710
H          5.38532        4.84983        9.17550
C          5.16265        6.92711        9.64289
H          4.50429        6.74610       10.47999
C          5.51434        8.22352        9.30367
H          5.13195        9.05876        9.87216
C          6.34942        8.44651        8.22489
H          6.62935        9.45403        7.93588
C          9.57668        7.49369        6.84809
C         10.69421        7.58697        6.01987
H         10.54703        7.78327        4.96633
C         11.96514        7.43821        6.53944
H         12.82488        7.50911        5.88949
C         12.13530        7.20787        7.89599
H         13.12874        7.09840        8.30577
C         11.03004        7.12524        8.72548
H         11.16019        6.95094        9.78413
C          9.75359        7.26725        8.20847
H          8.89839        7.20897        8.86660
C          8.40513       11.91865        7.61330
C          9.30936       10.91952        7.94984
H          9.29020        9.98641        7.39636
C         10.22292       11.11096        8.97037
H         10.92069       10.32435        9.21859
C         10.23949       12.30985        9.66246
H         10.95234       12.46693       10.45874
C          9.34248       13.31358        9.32958
H          9.35787       14.25071        9.86740
C          8.42923       13.12413        8.30949
H          7.73709       13.91258        8.05121
C          7.35813       13.20875        5.37871
C          8.25404       13.30148        4.31877
H          8.80647       12.42021        4.01663
C          8.42535       14.49464        3.64255
H          9.12370       14.55104        2.82050
C          7.69605       15.61189        4.01439
H          7.82189       16.54443        3.48395
C          6.79741       15.52748        5.06432
H          6.22092       16.39455        5.35435
C          6.62860       14.33605        5.74710
H          5.91268       14.28543        6.55633
C          5.61409       11.82874        7.06473
C          5.42394       11.72364        8.43801
H          6.27404       11.57712        9.09102
C          4.15013       11.82115        8.97024
H          4.00905       11.74915       10.03959
C          3.05786       12.01302        8.14112
H          2.06532       12.08328        8.56137
C          3.24063       12.12094        6.77133
H          2.39192       12.27646        6.12099
C          4.51030       12.02773        6.23705
H          4.66319       12.12977        5.16854
N          5.14467        9.86861        3.67995
N          5.47327        9.38234        4.87744
O         10.45645       10.41225        4.59666
P          7.94860        7.78266        6.07603
P          7.22865       11.59379        6.24670
P          6.58915       10.44362        2.81439
Ru         7.55693        9.74401        4.87642
Si         8.78481        8.73461        1.59366
