66
CSD_code = SIGFEV | q = 0 | S = 0 | Stoichiometry = C32H29FeNOSSi | MND = 8
Fe        -2.05367       -0.09189        7.85438
S         -1.51743        1.07503        9.74711
Si        -0.29349        2.66594        9.09381
O          0.34771        0.10598        6.28847
N         -2.02126       -2.02360        9.78998
C         -1.47191       -1.67711        8.65355
C         -1.86894       -3.25519       10.53148
C         -0.45964       -2.54544        8.06202
C          0.70630       -2.85437        8.76576
C          1.71525       -3.58113        8.16232
C          1.56936       -4.03019        6.86074
C          0.41221       -3.73502        6.15636
C         -0.58761       -2.98738        6.74493
C         -0.54772        0.05697        7.00433
C         -0.22179        3.96193       10.46914
C          0.04508        5.29094       10.16186
C          0.12395        6.24925       11.15560
C         -0.06472        5.89020       12.47968
C         -0.33542        4.57086       12.80079
C         -0.41165        3.61757       11.80169
C          1.45105        2.03880        8.70865
C          2.43092        2.89712        8.22311
C          3.69308        2.42865        7.90765
C          3.99547        1.08717        8.07294
C          3.03297        0.22153        8.56374
C          1.77544        0.69935        8.88180
C         -1.03967        3.47280        7.55150
C         -2.20200        4.22910        7.66167
C         -2.79595        4.79347        6.54793
C         -2.23083        4.60961        5.29650
C         -1.06978        3.86511        5.17086
C         -0.48213        3.30254        6.29035
C         -3.23755       -0.39522        6.07869
C         -3.85531       -1.09286        7.14570
C         -4.25427       -0.14504        8.10948
C         -3.92732        1.14208        7.61357
C         -3.30479        0.99304        6.36653
H         -2.58412       -1.31216       10.24331
H         -2.85240       -3.62754       10.82140
H         -1.36904       -4.00002        9.91556
H         -1.28378       -3.08724       11.43754
H          0.82954       -2.49008        9.77496
H          2.61837       -3.80194        8.71244
H          2.35715       -4.60143        6.39313
H          0.29806       -4.07984        5.13942
H         -1.48382       -2.73376        6.20042
H          0.18374        5.57940        9.12896
H          0.33121        7.27882       10.89873
H         -0.00405        6.63790       13.25783
H         -0.48801        4.28633       13.83243
H         -0.63225        2.58926       12.04738
H          2.19863        3.94418        8.08706
H          4.44229        3.10867        7.52663
H          4.97902        0.71850        7.81813
H          3.25947       -0.82780        8.69040
H          1.01629        0.02464        9.25658
H         -2.63911        4.37856        8.63969
H         -3.69933        5.37826        6.65242
H         -2.69276        5.04751        4.42276
H         -0.62209        3.72171        4.19727
H          0.42540        2.72672        6.18574
H         -2.92202       -0.82173        5.14038
H         -4.06461       -2.15099        7.17207
H         -4.83829       -0.34298        8.99145
H         -4.16440        2.07606        8.09308
H         -3.00890        1.78944        5.70592
