109
CSD_code = SIGPIJ | q = 0 | S = 0 | Stoichiometry = C40H58N6OSSi2Ti | MND = 6
Ti        15.86575       19.24017       22.84012
S         14.33642       19.32127       21.00719
O         17.18545       20.35638       24.49566
N         15.55568       21.05499       22.37676
N         16.05292       22.29420       22.80510
N         14.47161       22.06330       20.58730
N         14.80455       19.00755       24.43874
N         17.70577       18.79864       22.32058
N         15.81343       17.04873       22.68461
Si        13.18814       18.40081       24.50429
Si        18.43173       18.39998       20.80660
C         15.42683       22.89114       23.89441
C         16.16529       23.63388       24.82073
C         15.54369       24.18858       25.92147
C         14.18418       24.01112       26.12809
C         13.44964       23.26337       25.22213
C         14.06134       22.70024       24.11869
C         16.99976       22.94068       22.02363
C         17.83615       22.18591       21.19749
C         18.78091       22.80653       20.40386
C         18.91515       24.18494       20.41720
C         18.07542       24.93976       21.22085
C         17.12121       24.33284       22.01212
C         14.77454       21.04863       21.27178
C         13.67171       22.14401       19.46274
C         12.28493       21.93950       19.51964
C         11.52951       22.17316       18.38015
C         12.11534       22.59220       17.20207
C         13.48330       22.78704       17.15234
C         14.27341       22.57012       18.26751
C         11.59976       21.49994       20.79223
C         10.86072       20.17669       20.58517
C         10.65424       22.58896       21.30434
C         15.76595       22.79615       18.21142
C         16.07116       24.28768       18.06243
C         16.41548       21.99277       17.08404
C         16.71398       19.82262       25.71813
C         15.19271       19.76838       25.60705
C         18.53756       20.04702       24.20963
C         18.58360       18.70892       23.46092
C         11.84197       19.76715       24.43435
C         12.92976       17.50313       26.19186
C         12.76592       17.08513       23.18356
C         20.18366       19.18638       20.67021
C         18.76196       16.50303       20.64227
C         17.39288       18.99839       19.32679
C         16.09656       16.34129       23.77830
C         16.25426       14.96431       23.77178
C         16.07525       14.27658       22.58211
C         15.75032       15.00565       21.44896
C         15.64326       16.38374       21.54409
H         17.22689       23.76433       24.67044
H         16.12552       24.76076       26.63007
H         13.70303       24.45169       26.98822
H         12.38858       23.12547       25.37179
H         13.48647       22.12139       23.41099
H         17.72557       21.10817       21.18764
H         19.41638       22.20803       19.76686
H         19.65702       24.66793       19.79901
H         18.15457       26.01733       21.21940
H         16.45205       24.93512       22.60720
H         10.45964       22.02575       18.41333
H         11.50819       22.76861       16.32560
H         13.93901       23.11705       16.23015
H         12.36687       21.33471       21.55548
H         10.39172       19.85442       21.51295
H         11.56549       19.41051       20.26995
H         10.08856       20.27588       19.82645
H         10.20151       22.28419       22.24659
H         11.20089       23.51607       21.46525
H          9.85932       22.77937       20.58722
H         16.19152       22.45983       19.16130
H         17.14655       24.45371       18.06154
H         15.63931       24.83947       18.89383
H         15.65619       24.67612       17.13469
H         17.49896       22.08530       17.13770
H         16.09261       22.35187       16.10964
H         16.14951       20.94150       17.16856
H         17.02518       20.47437       26.55049
H         17.11611       18.81138       25.88958
H         14.82296       20.80451       25.55178
H         14.79850       19.32454       26.53154
H         19.13931       20.03573       25.12896
H         18.89601       20.84163       23.54539
H         19.62402       18.49625       23.18655
H         18.26332       17.89652       24.14558
H         10.85353       19.35452       24.61301
H         12.01858       20.53406       25.18343
H         11.82465       20.24875       23.46192
H         12.06930       16.84506       26.14290
H         12.74600       18.20857       26.99573
H         13.78625       16.89621       26.47346
H         11.69873       16.89384       23.21905
H         13.00212       17.42137       22.17945
H         13.26756       16.13810       23.35860
H         20.49964       19.22947       19.63298
H         20.92617       18.59977       21.20381
H         20.21687       20.19675       21.06655
H         19.71818       16.32504       20.16070
H         18.79206       16.01504       21.61406
H         18.00526       16.00205       20.04763
H         17.44759       18.28259       18.51292
H         17.75912       19.94602       18.94666
H         16.34318       19.13369       19.58041
H         16.15935       16.89900       24.70738
H         16.49451       14.44042       24.68430
H         16.17502       13.20229       22.54284
H         15.58101       14.51472       20.50374
H         15.39832       16.98077       20.67233
