88
CSD_code = SIMDIE | q = 0 | S = 0 | Stoichiometry = C40H42Cl2O2SiZr | MND = 12
Zr         9.95508        0.09143        3.31624
Cl         9.91164        1.58682        1.50838
Si         9.95503       -3.23649        3.31623
O          8.46811       -2.67795        0.40258
C          7.57066        0.03932        4.08314
C          8.23923       -1.13919        4.46927
C          8.57800       -1.91185        3.30979
C          8.06635       -1.16878        2.18201
C          7.45387        0.04259        2.66615
C          6.82898        0.96064        1.78626
C          6.74428        0.60874        0.45892
C          7.27311       -0.59760       -0.02323
C          7.93449       -1.47757        0.80506
C          8.44387       -1.49047        5.91511
C          8.26749       -3.08728       -0.92774
C          6.35883        2.25837        2.29151
C          7.18774        2.99952        3.13273
C          6.78755        4.23431        3.61499
C          5.53877        4.72648        3.25161
C          4.70091        4.01055        2.40965
C          5.12182        2.77703        1.93037
C          7.69933        5.02901        4.49960
C          3.34951        4.54070        2.03184
C         10.18127       -4.48238        1.88166
H          7.10100        0.74433        4.75840
H          6.27833        1.28333       -0.24300
H          7.15739       -0.81564       -1.07264
H          9.40004       -1.97691        6.08244
H          7.65430       -2.16485        6.25412
H          8.39711       -0.58404        6.52204
H          8.74939       -2.40563       -1.63666
H          7.20256       -3.16505       -1.16590
H          8.72741       -4.07139       -1.00546
H          8.17432        2.62280        3.39085
H          5.21851        5.68766        3.62981
H          4.47271        2.20401        1.28364
H          8.17513        5.82409        3.92513
H          8.47945        4.39442        4.91373
H          7.14424        5.49078        5.31400
H          3.17459        4.42076        0.96426
H          3.25825        5.59362        2.28664
H          2.57040        3.99124        2.56088
H         10.63509       -4.07918        0.98832
H          9.22102       -4.90167        1.60508
H         10.80749       -5.29842        2.22900
O         11.44190       -2.67794        6.22988
C         12.33948        0.03925        2.54928
C         11.67088       -1.13925        2.16317
C         11.33209       -1.91189        3.32266
C         11.84374       -1.16881        4.45043
C         12.45629        0.04252        3.96628
C         13.08118        0.96057        4.84616
C         13.16584        0.60869        6.17351
C         12.63694       -0.59762        6.65568
C         11.97554       -1.47758        5.82740
C         11.46625       -1.49054        0.71733
C         11.64242       -3.08722        7.56023
C         13.55128        2.25832        4.34091
C         12.72234        2.99946        3.49971
C         13.12247        4.23428        3.01748
C         14.37122        4.72651        3.38090
C         15.20911        4.01059        4.22284
C         14.78825        2.77703        4.70208
C         12.21069        5.02894        2.13284
C         16.56049        4.54079        4.60067
C          9.72873       -4.48240        4.75077
H         12.80915        0.74425        1.87402
H         13.63173        1.28331        6.87544
H         12.75264       -0.81563        7.70509
H         10.51000       -1.97682        0.54998
H         12.25571       -2.16508        0.37837
H         11.51319       -0.58415        0.11036
H         11.16047       -2.40552        8.26907
H         12.70732       -3.16500        7.79848
H         11.18246       -4.07132        7.63796
H         11.73578        2.62270        3.24157
H         14.69146        5.68769        3.00269
H         15.43737        2.20405        5.34884
H         11.73500        5.82412        2.70727
H         11.43048        4.39437        1.71885
H         12.76574        5.49059        1.31834
H         16.73543        4.42076        5.66824
H         16.65167        5.59374        4.34597
H         17.33962        3.99144        4.07157
H          9.27490       -4.07919        5.64409
H         10.68898       -4.90169        5.02735
H          9.10252       -5.29844        4.40340
Cl         9.99820        1.58682        5.12393
