103
CSD_code = SIMJEF | q = 0 | S = 0 | Stoichiometry = C39H56N4SSi2Zr | MND = 5
C         -1.16553        2.37722        3.76172
H         -0.86058        2.45891        2.70514
H         -2.11097        2.93077        3.85534
C         -0.42419       -0.09681        3.46370
H         -0.78292       -1.12197        3.67519
H         -0.44768        0.01861        2.36593
C         -1.51928        0.86976        4.00948
C         -2.78264        0.58183        3.18198
H         -3.03636       -0.47598        3.19906
H         -2.60494        0.86418        2.14657
H         -3.63019        1.16032        3.54274
C         -1.75069        0.66287        5.48490
C         -2.93452        0.12171        5.99344
H         -3.70348       -0.23749        5.33116
C         -3.12512        0.03125        7.35887
H         -4.03080       -0.40060        7.75691
C         -2.13787        0.51716        8.20418
H         -2.25288        0.49142        9.27553
C         -0.98602        1.01679        7.63062
H         -0.18487        1.39072        8.25788
C          0.94430        4.28134        6.82862
H          0.57932        3.53605        7.53656
H          1.06423        5.21323        7.37185
H          1.93963        3.99047        6.48360
C          0.43057        5.88828        4.20042
H          1.51154        5.83155        4.12350
H          0.18256        6.87392        4.58019
H          0.03555        5.81150        3.19153
C         -1.96480        5.08350        5.99486
C         -2.70221        3.95339        6.71504
H         -3.66399        4.30286        7.09381
H         -2.11945        3.58943        7.55936
H         -2.88854        3.11623        6.04576
C         -2.84071        5.59160        4.84953
H         -3.80519        5.93442        5.22668
H         -3.02510        4.81021        4.11611
H         -2.36109        6.42195        4.33947
C         -1.77850        6.23184        6.98905
H         -1.23953        7.05759        6.53282
H         -1.22320        5.90206        7.86291
H         -2.74703        6.60443        7.32415
C          3.69716       -0.37530        4.35334
H          4.04200        0.53670        3.86744
H          4.50718       -1.09575        4.31257
H          3.49998       -0.15781        5.40593
C          1.81045       -2.83695        4.26506
H          2.05814       -2.86989        5.32152
H          2.41080       -3.59219        3.76934
H          0.77085       -3.13609        4.16437
C          2.43716       -1.39282        1.62821
C          3.80698       -2.04918        1.43908
H          3.97289       -2.28222        0.38735
H          3.88203       -2.97376        2.00518
H          4.59864       -1.38186        1.76732
C          2.42471       -0.08968        0.82808
H          2.69834       -0.27907       -0.21044
H          3.12949        0.63042        1.23740
H          1.43442        0.35784        0.83586
C          1.37209       -2.32427        1.04384
H          0.37644       -1.90402        1.16636
H          1.39237       -3.29407        1.53267
H          1.54597       -2.47821       -0.02137
C          1.76363       -0.34575        7.71358
C          0.87898       -1.22425        7.05399
H          0.56278       -0.98300        6.04329
C          0.44874       -2.38895        7.65638
H         -0.23761       -3.03559        7.12661
C          0.88881       -2.74225        8.92235
H          0.54200       -3.64954        9.39242
C          1.80844       -1.92386        9.55914
H          2.19653       -2.20329       10.52857
C          2.24497       -0.75511        8.97300
H          2.98463       -0.15143        9.47924
C          2.87227        1.76015        7.83697
C          2.40722        2.26854        9.06076
H          1.49064        1.88196        9.49077
C          3.10728        3.24914        9.73520
H          2.72228        3.62866       10.67120
C          4.29414        3.74508        9.22138
H          4.83541        4.51497        9.74983
C          4.78707        3.22911        8.03438
H          5.72398        3.58871        7.63610
C          4.09727        2.24289        7.35497
H          4.51291        1.82174        6.44776
C          2.67823        3.59684        2.93388
C          1.72118        2.87605        2.22081
H          1.37181        1.93796        2.65175
C          1.27373        3.34497        0.99983
H          0.52985        2.78803        0.44546
C          1.78034        4.52180        0.46963
H          1.42547        4.88488       -0.48349
C          2.75530        5.22168        1.16314
H          3.16476        6.13102        0.74721
C          3.20691        4.76560        2.38564
H          3.96743        5.30292        2.93228
N         -0.16584        2.92219        4.63330
N          0.92264        0.07757        3.94974
N         -0.77631        1.07194        6.31372
N          2.15485        0.81401        7.08988
S          3.22683        3.01091        4.48399
Si        -0.23492        4.47715        5.32537
Si         2.12346       -1.07906        3.53065
Zr         1.26962        1.57747        5.31613
