47
CSD_code = SIOCRU | q = 0 | S = 0 | Stoichiometry = C16H26O2RuSi2 | MND = 8
Ru         0.50114        3.29228        2.15721
Si         2.60668        3.22985        3.35608
C          4.14867        3.06597        2.20793
C          2.93070        4.82853        4.39819
C          2.76726        1.75488        4.59684
C          1.04960        1.83267        1.14330
O          1.34020        0.92611        0.49787
C          1.29265        4.61317        1.11248
O          1.74370        5.41126        0.41536
C         -1.67962        2.85507        0.88644
C         -1.51086        4.16164        1.21194
C         -1.93977        4.75367        2.53135
C         -0.74455        4.59579        3.47127
C         -0.46307        3.39079        4.12496
C         -0.69014        2.09312        3.57556
C         -1.98763        1.64804        2.99602
C         -2.40168        1.93009        1.76662
Si        -2.46627        6.58796        2.33469
C         -0.98341        7.59438        1.68151
C         -3.01900        7.24207        4.03791
C         -3.91757        6.64583        1.10099
H          5.06432        3.04370        2.78982
H          4.10767        2.15476        1.61961
H          4.21711        3.89886        1.51557
H          2.18355        4.98343        5.17055
H          3.89706        4.76478        4.88796
H          2.94028        5.71209        3.76747
H          2.09141        1.84495        5.44141
H          2.56420        0.80653        4.10891
H          3.77695        1.71092        4.99221
H         -0.05738        7.31304        2.17664
H         -0.83569        7.44834        0.61506
H         -1.13007        8.65807        1.84304
H         -2.19673        7.28675        4.74554
H         -3.42209        8.24543        3.94525
H         -3.79355        6.61843        4.47436
H         -3.65251        6.20826        0.14316
H         -4.78228        6.10806        1.47798
H         -4.22516        7.67033        0.91912
H         -1.51382        2.52902       -0.13834
H         -1.20053        4.86128        0.43900
H         -2.77643        4.16493        2.93148
H         -0.46009        5.49941        4.01009
H          0.15907        3.44805        5.02016
H         -0.29006        1.30072        4.21746
H         -2.56896        0.98144        3.62525
H         -3.31221        1.50485        1.36352
