82
CSD_code = SOBDUI | q = 0 | S = 0 | Stoichiometry = C26H48N4Si3Ti | MND = 5
Ti         7.71911        1.99441        4.32225
N          8.80271        1.14879        3.32052
N          7.19491        4.02526        3.80170
N          5.96182        2.21644        3.32176
N          9.06023        2.79011        5.73826
Si         8.11073       -0.35761        6.83963
Si         7.77228        5.64072        3.73859
Si         4.70845        1.16806        2.76664
C          6.95177        0.70067        5.81660
C          7.28975       -1.94063        7.56934
C          9.59512       -0.92625        5.76456
C          8.79541        0.59211        8.37442
C          9.36932        1.07130        2.02903
C          8.52739        1.92572        1.04608
C          9.41167       -0.38697        1.51939
C         10.81685        1.62354        2.04329
C          6.11176        3.51385        3.25171
C          5.09972        4.37017        2.58056
C          5.13776        4.56320        1.20525
C          4.18990        5.36159        0.59082
C          3.19690        5.96796        1.34277
C          3.15392        5.77494        2.71325
C          4.10292        4.97984        3.33135
C          7.50915        6.59897        2.10216
C          7.01073        6.72011        5.13100
C          9.66562        5.49243        4.00304
C          3.28476        1.15704        4.05445
C          3.91788        1.56737        1.06645
C          5.60170       -0.52237        2.65602
C         10.37202        2.55836        5.74679
C         11.22750        3.12831        6.67471
C         10.70169        3.97359        7.64342
C          9.33255        4.20363        7.64188
C          8.55582        3.59181        6.67335
H          6.38945        1.40544        6.45353
H          6.21213        0.05526        5.32953
H          8.00817       -2.56094        8.09663
H          6.49728       -1.69283        8.26938
H          6.85165       -2.54599        6.78164
H         10.55268       -0.71649        6.23287
H          9.54403       -0.39109        4.81281
H          9.56074       -1.99124        5.55863
H          9.14284       -0.09817        9.13635
H          9.63206        1.23271        8.11258
H          8.03206        1.21642        8.83019
H          8.95587        1.90963        0.04459
H          8.49398        2.95534        1.41309
H          7.51112        1.53038        1.01433
H          9.87658       -0.43916        0.53698
H          9.98045       -0.99950        2.21540
H          8.40146       -0.78331        1.45951
H         11.24399        1.61453        1.04264
H         11.43808        1.01008        2.69362
H         10.81222        2.64683        2.41927
H          5.91448        4.08630        0.62570
H          4.22410        5.51149       -0.47842
H          2.45653        6.58976        0.86119
H          2.37905        6.24515        3.30154
H          4.07240        4.82569        4.40121
H          8.09316        7.51441        2.09964
H          7.81488        6.01353        1.24007
H          6.46875        6.87393        1.96032
H          7.49742        7.68936        5.16944
H          7.11502        6.26481        6.11199
H          5.95256        6.89336        4.95638
H         10.19774        6.25646        3.44614
H         10.02572        4.52029        3.66842
H          9.94053        5.60733        5.04764
H          2.55908        0.38271        3.82813
H          3.65948        0.97492        5.05809
H          2.75677        2.10713        4.06358
H          3.27453        0.75023        0.75557
H          4.66637        1.70637        0.29252
H          3.31072        2.46624        1.10383
H          5.12452       -1.27381        3.27775
H          6.63535       -0.40041        2.99802
H          5.61130       -0.90938        1.64103
H         10.72416        1.88379        4.97426
H         12.28489        2.91652        6.64369
H         11.33895        4.43627        8.38183
H          8.88041        4.84702        8.38110
H          7.48257        3.75699        6.64185
