75
CSD_code = SOFZOF | q = 0 | S = 0 | Stoichiometry = C27H42FeN2OSi2 | MND = 6
C         -4.18245        4.60368       10.34556
H         -4.54141        5.61009       10.44348
C         -5.06774        3.55520       10.29766
H         -6.12887        3.73971       10.35352
C         -4.57279        2.24893       10.17910
H         -5.24701        1.40647       10.14436
C         -3.21628        2.07686       10.10908
H         -2.78636        1.09231       10.01883
C         -2.36990        3.20072       10.15609
C         -0.96318        3.16553       10.07455
C         -0.22902        1.86514        9.92038
H         -0.41098        1.22666       10.78498
H         -0.58057        1.33597        9.03499
H          0.83928        2.03936        9.82844
C          1.01291        4.44581       10.03231
C          1.60528        4.63351        8.76859
C          2.96716        4.88643        8.69424
H          3.42785        5.04540        7.73146
C          3.74980        4.92570        9.83169
H          4.80483        5.14482        9.75878
C          3.18503        4.62459       11.05519
H          3.81598        4.58017       11.92968
C          1.82773        4.36158       11.17684
C          0.81166        4.43867        7.49376
H         -0.24801        4.40608        7.76235
C          1.20480        3.09657        6.86205
H          0.59805        2.90820        5.97886
H          2.25081        3.11212        6.56287
H          1.06397        2.27507        7.55660
C          1.02029        5.53790        6.44919
H          0.37447        5.34928        5.59387
H          0.77842        6.51851        6.84537
H          2.04787        5.55111        6.09395
C          1.28726        3.86251       12.50056
H          0.19892        3.80092       12.41711
C          1.63784        4.74885       13.69832
H          1.22146        4.31161       14.60373
H          2.71468        4.82376       13.82775
H          1.23227        5.74876       13.58917
C          1.84427        2.45709       12.76773
H          1.38421        2.03709       13.65975
H          1.65362        1.78753       11.93510
H          2.91963        2.50046       12.92592
C         -0.48355        7.13162        9.15830
H         -0.40759        8.13203        9.55112
H          0.46462        6.73284        8.84715
C         -1.67435        6.74306        8.56288
H         -1.69055        6.02455        7.75910
C         -3.00794        9.62583        8.96391
H         -2.96316        9.93646        7.92596
H         -3.85314       10.12796        9.42446
H         -2.10870        9.98306        9.45403
C         -4.80204        7.18249        8.29424
H         -4.93366        7.68512        7.34256
H         -4.81728        6.11466        8.10884
H         -5.65785        7.42627        8.91489
C         -4.47767        6.31222       13.10189
H         -4.48468        6.44383       14.17805
H         -5.41436        6.70115       12.71720
H         -4.44957        5.24828       12.89759
C         -2.86933        8.96928       13.06438
H         -2.74254        8.94005       14.14090
H         -2.02860        9.51394       12.64843
H         -3.76768        9.54038       12.85131
C         -1.40010        6.20867       12.36165
H         -1.26723        5.30621       12.93629
C         -0.33101        6.81896       11.71663
H          0.66565        6.41902       11.76361
H         -0.34755        7.89155       11.60629
Fe        -1.50340        5.81853       10.37262
N         -2.85602        4.46888       10.28080
N         -0.38831        4.35322       10.14005
Si        -3.16832        7.72971        9.10217
Si        -2.97980        7.20582       12.34386
O         -3.18609        7.37657       10.71394
