82
CSD_code = SOQLOZ | q = 0 | S = 0 | Stoichiometry = C35H41FeNP2Si2 | MND = 8
Fe         4.56422        1.15261        0.69270
P          4.76408        2.80038       -0.66952
P          5.11537        2.06265        2.56786
Si         1.87762        2.17310       -0.46312
Si         2.17769        1.62348        2.58252
N          2.70640        1.80781        0.97720
C          3.26696        2.66790       -1.69637
C          3.63143        2.38940        3.58064
C          0.70871        3.68270       -0.37907
C          0.83477        0.73337       -1.16273
C          0.59998        2.61127        2.98434
C          1.85280       -0.15139        3.21448
C          4.66810        4.54584       -0.14141
C          5.36520        5.59100       -0.73492
C          5.25597        6.87357       -0.22489
C          4.45738        7.12286        0.87739
C          3.75784        6.08349        1.47028
C          3.86689        4.80246        0.96572
C          6.13327        2.87592       -1.88548
C          5.96099        3.37424       -3.17239
C          7.02537        3.41828       -4.05590
C          8.27480        2.96688       -3.66466
C          8.45526        2.46160       -2.38727
C          7.38970        2.41317       -1.50746
C          6.10608        3.59118        2.77866
C          6.91703        4.01019        1.73465
C          7.68966        5.14993        1.85107
C          7.66010        5.88181        3.02613
C          6.87000        5.45925        4.08257
C          6.10010        4.31648        3.96413
C          6.14465        0.99424        3.63750
C          5.59549        0.08705        4.53649
C          6.41154       -0.74922        5.27767
C          7.78647       -0.69769        5.12323
C          8.34246        0.19071        4.21703
C          7.52715        1.02600        3.47706
C          4.86169       -0.79074        1.41277
C          6.02009       -0.35283        0.70995
C          5.64026       -0.09809       -0.61667
C          4.25008       -0.34218       -0.73576
C          3.78603       -0.79311        0.51360
H          3.05320        3.60121       -2.21538
H          3.44068        1.88416       -2.43115
H          3.74179        2.00405        4.59108
H          3.49732        3.46811        3.64120
H          1.21434        4.57138       -0.01716
H          0.29988        3.90817       -1.35901
H         -0.12460        3.47989        0.28121
H         -0.00405        0.55221       -0.50018
H          0.43359        0.96332       -2.14420
H          1.39441       -0.19088       -1.23770
H          0.36820        2.56714        4.04273
H          0.68733        3.65310        2.70240
H         -0.24062        2.19169        2.44605
H          1.07281       -0.61867        2.62272
H          2.73273       -0.77994        3.15640
H          1.51393       -0.14392        4.24640
H          6.00303        5.40832       -1.58809
H          5.80346        7.68196       -0.68837
H          4.38283        8.12440        1.27528
H          3.13412        6.27542        2.33175
H          3.33696        3.97124        1.40629
H          4.99008        3.73066       -3.48453
H          6.87995        3.80698       -5.05375
H          9.10420        3.00300       -4.35566
H          9.42629        2.09989       -2.08096
H          7.51590        1.99167       -0.51882
H          6.91647        3.42985        0.82288
H          8.30974        5.46970        1.02616
H          8.25513        6.77826        3.12146
H          6.85630        6.02360        5.00411
H          5.49533        3.98530        4.79621
H          4.52304        0.02690        4.65334
H          5.97272       -1.44716        5.97671
H          8.42201       -1.35034        5.70347
H          9.41463        0.22965        4.08745
H          7.95906        1.71873        2.76766
H          4.86125       -1.18341        2.41340
H          7.02312       -0.34758        1.10066
H          6.29752        0.14721       -1.43237
H          3.69205       -0.33465       -1.65338
H          2.77985       -1.09581        0.73148
