72
CSD_code = SOQLIV | q = 0 | S = 0 | Stoichiometry = C29H37CoO3Si2 | MND = 7
Co         6.07649        5.75228        3.91062
Si         5.39646        2.59991        2.21691
Si         9.09034        7.12911        2.40821
O          3.86755        6.94459        2.46825
O          5.40342        6.86315        6.49691
O          6.88634        5.04239        0.91999
H          7.23364        5.88211        0.58125
C          4.74847        6.46789        3.03135
C          5.66682        6.41502        5.47189
C          7.09000        4.96148        2.25650
C          6.54302        3.87050        3.01505
C          7.11628        3.95758        4.30440
C          7.98940        5.10723        4.33246
C          8.03561        5.69533        3.03071
C          4.10861        3.44527        1.09296
H          4.59673        4.05785        0.34260
H          3.44285        4.08596        1.66388
H          3.49646        2.70886        0.58021
C          6.45573        1.40208        1.17668
H          7.18309        0.85441        1.76797
H          6.99887        1.95459        0.41664
H          5.82538        0.67833        0.66986
C          4.43658        1.72499        3.60222
C          4.40130        0.34178        3.72969
H          4.94641       -0.26852        3.02449
C          3.68529       -0.26700        4.74570
H          3.67529       -1.34473        4.82954
C          2.98307        0.50382        5.65609
H          2.42420        0.03143        6.45120
C          3.00145        1.88457        5.54324
H          2.45656        2.49247        6.25158
C          3.72152        2.48424        4.52671
H          3.74316        3.56555        4.45098
C          6.99032        2.93548        5.39502
H          5.93895        2.71694        5.58995
H          7.42893        3.32047        6.31762
C          7.68371        1.62286        5.01454
H          7.24460        1.25105        4.08840
H          8.74564        1.80279        4.83193
C          7.51456        0.57514        6.10607
H          7.93643        0.92505        7.04619
H          8.01451       -0.35029        5.82942
H          6.45863        0.36298        6.26030
C          8.95458        5.43651        5.43256
H          8.49887        5.27243        6.41153
H          9.23216        6.48891        5.36736
C         10.22324        4.58182        5.31840
H          9.97822        3.53880        5.52319
H         10.60007        4.63889        4.29555
C         11.29867        5.04843        6.29064
H         11.58143        6.07879        6.08408
H         12.18663        4.42588        6.20668
H         10.93745        4.99357        7.31540
C         10.86099        6.55198        1.99865
H         11.39137        7.31822        1.44170
H         10.86723        5.64180        1.40613
H         11.42935        6.35947        2.90288
C          9.13258        8.59891        3.62837
H          9.95203        8.51144        4.33503
H          8.20878        8.66836        4.19683
H          9.26342        9.53669        3.09651
C          8.22051        7.74263        0.82855
C          8.77580        7.59998       -0.44088
H          9.74439        7.13380       -0.54609
C          8.10841        8.04440       -1.56897
H          8.55933        7.92577       -2.54373
C          6.86528        8.64202       -1.44861
H          6.34325        8.98906       -2.32812
C          6.29632        8.79675       -0.19485
H          5.32768        9.26357       -0.09323
C          6.96982        8.35351        0.92809
H          6.52067        8.47614        1.90459
