65
CSD_code = SUMQUM | q = 0 | S = 0 | Stoichiometry = C23H37ClN2SiTi | MND = 9
Ti         2.12450        1.76402        2.71708
Cl         4.18284        1.56694        1.81239
Si         1.15011        4.49898        2.47958
N          1.72917        3.18295        1.52160
N          2.47378       -0.70226        2.63438
C          1.65801        3.52704        4.03477
C          0.92368        2.43588        4.59525
C          1.84173        1.52645        5.18527
C          3.15266        2.02092        4.96100
C          3.03929        3.23584        4.24448
C         -0.55005        2.41618        4.87174
H         -0.73355        2.80082        5.87905
H         -0.94868        1.40374        4.82923
H         -1.08992        3.04363        4.16982
C          1.43541        0.42430        6.12164
H          1.04257        0.86143        7.04349
H          2.27502       -0.21363        6.39225
H          0.65248       -0.20143        5.69426
C          4.43955        1.49664        5.53477
H          4.28681        0.57178        6.08729
H          4.85801        2.23038        6.22736
H          5.17712        1.31508        4.75105
C          4.18082        4.14390        3.89144
H          4.04832        5.11467        4.37212
H          4.23749        4.30279        2.81388
H          5.12768        3.72000        4.22073
C          1.97207        6.22728        2.31310
H          3.03570        6.17728        2.11315
H          1.50983        6.78546        1.50478
H          1.83264        6.80351        3.22215
C         -0.72755        4.88320        2.32450
H         -0.89578        5.60577        1.53295
H         -1.11646        5.31619        3.23977
H         -1.31501        4.00213        2.08841
C          1.87485        3.10804        0.08587
H          2.15307        2.06872       -0.17808
C          3.00227        4.02851       -0.39979
H          2.74737        5.06380       -0.18927
H          3.92630        3.77694        0.11665
H          3.15627        3.90815       -1.46964
C          0.56960        3.45505       -0.63890
H          0.67772        3.29812       -1.70970
H          0.31908        4.49696       -0.45745
H         -0.24204        2.83259       -0.26942
C          0.33443        0.87615        2.06044
H          0.53124        0.62598        1.00495
H         -0.55789        1.51131        2.07973
C          0.10127       -0.34901        2.84073
C          1.03629       -2.34446        3.85152
H          1.87541       -2.98934        4.06536
C         -0.21706       -2.69184        4.33640
H         -0.33666       -3.59931        4.90892
C         -1.30407       -1.87235        4.08989
H         -2.27856       -2.13790        4.47320
C         -1.14655       -0.71668        3.34513
H         -2.00317       -0.08842        3.14073
C          1.20134       -1.17765        3.12469
C          2.68679       -1.19814        1.26826
H          2.80660       -2.29136        1.26846
H          3.58884       -0.74200        0.85581
H          1.83845       -0.95117        0.62897
C          3.60477       -1.13632        3.45397
H          3.39051       -0.94945        4.50414
H          3.82332       -2.20463        3.31960
H          4.48830       -0.57092        3.15372
