63
CSD_code = SUZBAQ | q = 0 | S = 0 | Stoichiometry = C23H35Cl2NSiTi | MND = 8
Ti         1.10431       12.46572       11.14296
Cl         1.49210       10.86255        9.72785
Si         1.73265       12.46575       14.00266
N          2.46338       12.46574       12.42923
C          0.03355       12.46576       13.11973
C         -0.40244       11.32080       12.37863
C         -0.28193        9.87751       12.77211
H          0.08180        9.78450       13.79084
H          0.39333        9.34253       12.09859
H         -1.25974        9.39632       12.71132
C         -1.11722       11.75516       11.23178
C         -1.84242       10.85080       10.28101
H         -2.07297       11.36273        9.34814
H         -2.78196       10.51504       10.72713
H         -1.23941        9.97212       10.05046
C          3.74117       12.46574       11.85771
C          4.38310       11.24764       11.54412
C          5.59437       11.27225       10.86977
H          7.12412       12.46577        9.96818
C          6.18888       12.46576       10.50806
H          6.08491       10.34309       10.62418
C          3.81914        9.93176       12.03261
H          2.76513       10.09370       12.29892
C          4.59940        9.51719       13.28579
H          4.17258        8.61682       13.72319
H          4.58373       10.31185       14.02716
H          5.63654        9.31431       13.02682
C          3.88101        8.81304       10.99158
H          3.34077        7.94207       11.35783
H          4.90678        8.51147       10.79506
H          3.42632        9.13275       10.05858
C          2.03071       10.96984       15.16349
H          2.13446       10.02392       14.64620
H          1.21295       10.87972       15.87198
H          2.93567       11.12667       15.74150
Cl         1.49217       14.06886        9.72782
C         -0.40240       13.61071       12.37858
C         -1.11719       13.17632       11.23174
C         -0.28187       15.05401       12.77201
H          0.08188       15.14704       13.79074
H          0.39338       15.58896       12.09848
H         -1.25968       15.53520       12.71123
C         -1.84236       14.08066       10.28094
H         -2.07287       13.56872        9.34807
H         -2.78192       14.41642       10.72702
H         -1.23935       14.95934       10.05039
C          2.03070       13.96167       15.16350
H          2.13446       14.90758       14.64622
H          1.21292       14.05178       15.87197
H          2.93565       13.80482       15.74152
C          5.59437       13.65926       10.86980
C          4.38310       13.68386       11.54414
C          3.81914       14.99972       12.03266
H          2.76513       14.83777       12.29898
C          4.59940       15.41428       13.28584
H          4.17259       16.31464       13.72326
H          4.58375       14.61961       14.02720
H          5.63654       15.61717       13.02687
C          3.88099       16.11846       10.99164
H          3.34075       16.98942       11.35792
H          4.90676       16.42004       10.79511
H          3.42628       15.79877       10.05865
H          6.08491       14.58843       10.62423
