53
CSD_code = TAGPEW | q = 0 | S = 0 | Stoichiometry = C19H28FeO2Si3 | MND = 8
Fe         3.22830        5.55758        3.72585
C          2.36727        4.65032        4.93845
O          1.75994        4.19305        5.80291
C          1.66907        6.27929        3.44348
O          0.60449        6.71350        3.37376
C          4.78173        6.90927        2.82268
C          5.39320        5.63978        2.92545
C          4.47081        7.35838        4.13311
C          4.84087        6.34540        5.03650
C          5.38369        5.26833        4.28498
Si         2.66720        4.03481        2.12351
C          3.98217        2.66429        2.35715
C          4.62577        2.08022        1.27243
C          5.54773        1.06299        1.44374
C          5.84200        0.60217        2.71583
C          5.20080        1.16106        3.80947
C          4.28254        2.17759        3.62523
Si         0.64898        2.74909        2.18025
C          0.81762        1.26019        0.98540
C          0.20857        2.01460        3.89075
C         -0.82601        3.82546        1.61271
Si         2.94967        5.10117       -0.00274
C          2.10444        4.08586       -1.38848
C          2.04610        6.78050        0.09777
C          4.73012        5.43964       -0.63674
H          4.73102        7.51477        1.93284
H          5.83124        5.07341        2.12238
H          4.10992        8.33989        4.39299
H          4.81917        6.41426        6.11183
H          5.86439        4.39664        4.69725
H          4.39497        2.42806        0.27592
H          6.03878        0.62649        0.58518
H          6.56370       -0.18976        2.85424
H          5.41973        0.80076        4.80502
H          3.78317        2.61293        4.48025
H          1.67796        0.65439        1.25296
H          0.95568        1.58584       -0.03971
H         -0.05739        0.61686        1.00947
H          1.03938        1.44279        4.29295
H         -0.64959        1.34966        3.83566
H         -0.02966        2.79415        4.60689
H         -0.69234        4.18165        0.59634
H         -0.93538        4.69667        2.25045
H         -1.76328        3.27813        1.64574
H          1.05682        3.91527       -1.16387
H          2.57190        3.11455       -1.51661
H          2.15260        4.59736       -2.34606
H          0.97939        6.63175        0.22989
H          2.18361        7.38192       -0.79601
H          2.39316        7.36344        0.94579
H          5.22330        6.22085       -0.06805
H          4.72149        5.75477       -1.67752
H          5.35158        4.55140       -0.57506
