94
CSD_code = TAJYAF | q = 0 | S = 0 | Stoichiometry = C34H54OSi4Zr | MND = 12
Zr         0.15482        4.91000        1.60508
Si         4.39342        6.45586       -0.40660
Si         0.71270        2.63316       -2.68376
Si         0.24848        7.34329        4.49924
Si        -3.05516        3.15923        1.82916
O          1.79374        3.54214        1.92894
C          1.00979        6.85198        0.75180
C         -0.38454        7.16725        0.59541
C         -1.27171        6.26937        0.02191
C         -0.83921        4.97779       -0.44131
C          0.58835        4.86189       -0.71852
C          1.51051        5.80064       -0.12909
C          2.82127        5.46425       -0.56288
C          2.67559        4.35080       -1.40815
C          1.33333        3.94854       -1.51414
C          0.12339        4.44440        4.14664
C         -0.41975        5.73439        3.81981
C         -1.58615        5.48480        3.03485
C         -1.74736        4.08586        2.79200
C         -0.68411        3.43327        3.51025
C         -0.39307        2.08002        3.72491
C          0.66139        1.73608        4.54770
C          1.43485        2.71579        5.17664
C          1.17517        4.05813        4.98902
C          4.66482        7.32521        1.28359
C          4.48421        7.82994       -1.73451
H          3.66245        8.53210       -1.62814
H          4.42097        7.40751       -2.73268
H          5.41103        8.39321       -1.67117
C          5.89241        5.28827       -0.64170
C         -1.05130        2.96547       -3.34704
C          1.88677        2.52180       -4.18577
C          0.69003        0.87052       -1.90688
C          0.05687        7.43832        6.40275
H         -0.98260        7.57106        6.68630
H          0.61809        8.27332        6.81094
H          0.41035        6.53384        6.88709
C         -0.61430        8.88547        3.76782
H         -1.66589        8.70536        3.56994
H         -0.14970        9.20763        2.84232
H         -0.55306        9.71332        4.46654
C          2.12210        7.36816        4.05592
C         -4.14094        2.05994        2.96226
C         -4.24457        4.30827        0.87052
H         -4.60205        5.11743        1.49902
H         -5.11290        3.74913        0.53782
H         -3.78196        4.74611       -0.00649
C         -2.07128        2.01756        0.62388
C          1.87563        2.28148        1.22500
C          3.36288        1.96876        1.08384
H          3.74874        2.43116        0.17435
H          3.55765        0.89990        1.05924
C          3.94712        2.65991        2.31179
H          3.76571        2.06638        3.20934
H          5.01079        2.86274        2.22243
C          3.11720        3.93637        2.34354
H          3.04024        4.37506        3.34432
H          3.50854        4.66550        1.61759
H          0.88263        0.69354        4.72901
H         -2.32305        6.23919        2.77347
H          3.91675        8.08950        1.46518
H          1.75571        4.80479        5.51421
H         -1.53140        4.37804       -1.02477
H          5.63102        7.82148        1.28697
H         -2.31539        6.55318       -0.08766
H          1.68703        7.65043        1.04636
H          2.32106        6.72980        3.18979
H          2.23618        2.41178        5.83555
H          2.73239        7.01590        4.88241
H          4.65301        6.64266        2.12865
H          2.46569        8.37054        3.81932
H         -0.74996        8.13610        0.92361
H          6.82529        5.83978       -0.58160
H         -1.19622        4.01629       -3.57657
H          3.48947        3.87649       -1.92870
H          5.92857        4.50271        0.10784
H          1.67240        0.58398       -1.54098
H         -1.81711        2.66958       -2.63664
H         -3.53957        1.46456        3.64157
H         -1.22727        2.40456       -4.26023
H         -1.00899        1.31077        3.27864
H          0.39941        0.13747       -2.65362
H         -0.00978        0.78096       -1.08121
H         -4.75119        1.37880        2.37703
H          5.86123        4.81054       -1.61483
H         -4.81075        2.66234        3.56789
H         -2.54101        1.95779       -0.35321
H         -2.01195        1.00148        1.00361
H          2.88235        2.21371       -3.88344
H          1.52977        1.80027       -4.91449
H         -1.04905        2.39174        0.48641
H          1.97969        3.48019       -4.68591
H          1.36519        1.52321        1.83543
H          1.38955        2.38899        0.24513
