122
CSD_code = TAKBEP | q = 0 | S = 0 | Stoichiometry = C43H68LaN4OPSi4 | MND = 5
La         2.12756        4.30588       13.45392
Si         4.18595        1.98327       15.28007
Si         2.63253        0.86873       12.95479
Si        -1.17403        4.29763       11.80651
Si        -1.04329        3.60515       14.71308
P          4.71880        5.25254       11.28082
O          3.42521        4.51587       11.47263
N          2.16803        6.57820       14.79917
N          4.07337        6.07693       13.80847
N          3.06940        2.17275       13.99152
N         -0.26714        4.10163       13.25560
C          3.39041        6.97486       14.53827
C          3.95635        8.36874       14.87759
C          3.06027        9.45929       14.27086
H          3.46326       10.43660       14.53126
H          2.04539        9.40550       14.65024
H          3.04771        9.37819       13.18549
C          4.01274        8.57161       16.39674
H          4.54797        9.49363       16.61690
H          4.53437        7.75189       16.88502
H          3.01352        8.65074       16.81166
C          5.35935        8.59554       14.30002
H          5.60250        9.65479       14.36944
H          5.40117        8.30836       13.25265
H          6.12022        8.04325       14.84167
C          1.10913        7.29254       15.37836
C          0.15799        7.88373       14.52574
C         -0.92509        8.55211       15.06944
H         -1.64687        9.01419       14.41146
C         -1.09922        8.62197       16.44161
H         -1.94123        9.15471       16.85654
C         -0.21030        7.96890       17.27225
H         -0.36792        7.97390       18.34128
C          0.88660        7.28565       16.76162
C          0.30823        7.72501       13.04431
H         -0.49909        8.23250       12.52114
H          0.27102        6.65442       12.80390
H          1.25947        8.12191       12.69416
C          1.75917        6.50628       17.70464
H          1.17790        5.69472       18.14289
H          2.11338        7.13440       18.52141
H          2.61380        6.07768       17.18878
C          5.38116        5.71503       13.84862
C          6.21110        5.68830       14.98152
H          5.81989        6.00928       15.93576
C          7.50774        5.23422       14.87812
H          8.13659        5.22421       15.75699
C          8.02279        4.78811       13.66650
H          9.04374        4.44545       13.60364
C          7.20920        4.76104       12.54812
H          7.58516        4.39265       11.60353
C          5.90054        5.20299       12.64408
C          4.44236        6.99874       10.87772
C          3.14778        7.45105       10.66883
H          2.32866        6.74920       10.74796
C          2.92355        8.78264       10.36322
H          1.91641        9.13796       10.20106
C          3.99188        9.66011       10.26400
H          3.81645       10.69888       10.02701
C          5.28620        9.20906       10.47260
H          6.11644        9.89576       10.39898
C          5.51367        7.87998       10.78288
H          6.51715        7.51754       10.96168
C          5.57410        4.48490        9.87177
C          6.10798        5.16994        8.79145
H          6.03301        6.24676        8.74147
C          6.73142        4.46590        7.77419
H          7.14685        4.99738        6.93061
C          6.82162        3.08523        7.83527
H          7.30975        2.54263        7.03934
C          6.28344        2.39876        8.91330
H          6.35066        1.32209        8.95909
C          5.65999        3.09756        9.92966
H          5.22723        2.58457       10.77859
C          6.01088        1.91315       14.69049
H          6.25482        0.92568       14.31473
H          6.71072        2.14402       15.48728
H          6.18271        2.62169       13.88706
C          3.98934        3.49518       16.45014
H          3.68995        4.38459       15.88822
H          4.92325        3.71804       16.95634
H          3.24142        3.30668       17.21407
C          3.92016        0.43020       16.36937
H          4.09302       -0.47158       15.79275
H          2.90655        0.38411       16.75323
H          4.59678        0.41330       17.21787
C          4.10203       -0.20797       12.35365
H          3.80665       -0.89071       11.56337
H          4.49296       -0.80187       13.17237
H          4.91667        0.40268       11.97898
C          1.35801       -0.32838       13.74218
H          1.01438       -1.07386       13.03206
H          0.48941        0.21398       14.10161
H          1.78927       -0.85395       14.58661
C          1.79304        1.63670       11.41106
H          1.40926        0.86615       10.74806
H          2.48493        2.24349       10.82958
H          0.94583        2.25236       11.72035
C          0.03668        4.96470       10.46383
H         -0.03302        6.04395       10.36074
H         -0.19976        4.53849        9.49403
H          1.07414        4.70076       10.68582
C         -1.97908        2.71926       11.07071
H         -1.26538        1.91345       10.93701
H         -2.42744        2.92536       10.10308
H         -2.76449        2.35270       11.72144
C         -2.61894        5.55149       11.94826
H         -2.37091        6.37963       12.60222
H         -3.49423        5.06371       12.36320
H         -2.90025        5.95798       10.98174
C         -2.12390        2.03207       14.56975
H         -2.30270        1.58051       15.54033
H         -1.65485        1.28633       13.93783
H         -3.08990        2.26855       14.13723
C         -2.15912        4.94556       15.50651
H         -2.52273        4.63086       16.47963
H         -3.02329        5.15049       14.88569
H         -1.62302        5.87864       15.64091
C          0.34139        3.23311       15.98222
H         -0.07917        2.91686       16.93272
H          0.93189        4.12899       16.17565
H          0.99875        2.43670       15.63587
