72
CSD_code = TAKROP | q = -1 | S = 0 | Stoichiometry = C22H43O2Si4W(1-) | MND = 8
W          3.02136       10.86709        0.99856
C          3.73378        9.53320       -0.21583
O          4.20204        8.67882       -0.86918
C          1.38367       10.54882        0.01178
O          0.33565       10.30495       -0.45217
C          4.35641       11.37839        2.90301
C          3.97159       10.01739        3.00019
C          2.55487        9.95924        3.11783
C          2.06542       11.30033        3.12388
C          3.16921       12.17359        2.98574
C          5.76077       11.90832        2.95946
H          6.06651       12.09113        3.99674
H          5.84868       12.84736        2.41323
H          6.46577       11.20105        2.52240
C          4.90238        8.84547        3.12364
H          5.84159        9.03074        2.60221
H          4.45784        7.94518        2.69992
H          5.13240        8.64610        4.17663
C          1.74766        8.74028        3.45584
H          1.68692        8.60257        4.54247
H          2.19369        7.84304        3.02779
H          0.73184        8.82517        3.07062
C          0.64570       11.69797        3.41234
H         -0.05797       11.02715        2.91854
H          0.44264       12.71112        3.06528
H          0.44617       11.66219        4.48961
C          3.13988       13.66768        3.13942
H          3.24347       13.94760        4.19429
H          2.20278       14.08570        2.77151
H          3.95420       14.13517        2.58698
Si         3.77563       12.62481       -0.42999
H          4.73799       13.67569        0.09803
C          3.64480       13.45859       -2.22666
Si         3.26497       15.31655       -1.91779
Si         2.22739       12.60392       -3.22731
Si         5.34756       13.17454       -3.06860
C          2.04853       15.52248       -0.45348
H          1.45668       16.43025       -0.53555
H          2.58892       15.56679        0.48597
H          1.36610       14.68427       -0.38746
C          2.52497       16.26440       -3.41015
H          2.37747       17.31381       -3.16962
H          1.56475       15.85603       -3.70115
H          3.18040       16.21665       -4.27244
C          4.78050       16.38648       -1.42315
H          5.52666       16.42979       -2.20865
H          5.25937       15.99172       -0.53448
H          4.47742       17.40659       -1.20139
C          0.51026       13.10733       -2.56081
H         -0.27792       12.68388       -3.17664
H          0.36002       14.18046       -2.52584
H          0.38241       12.71235       -1.55970
C          2.25662       10.70254       -3.23619
H          2.60602       10.32076       -2.28282
H          2.88537       10.29301       -4.01870
H          1.25376       10.31407       -3.38460
C          2.24511       13.09323       -5.08833
H          1.35665       12.71602       -5.58689
H          3.10432       12.66531       -5.59372
H          2.27316       14.16510       -5.23962
C          6.85442       13.45482       -1.92005
H          6.87043       12.70561       -1.13642
H          6.83973       14.42781       -1.44516
H          7.78730       13.37463       -2.47248
C          5.64715       14.32357       -4.57868
H          6.57872       14.07212       -5.07827
H          5.70375       15.36628       -4.28570
H          4.85070       14.23240       -5.30708
C          5.56289       11.37908       -3.67027
H          6.60332       11.16141       -3.89455
H          4.98815       11.18383       -4.56805
H          5.23591       10.67992       -2.90900
