55
CSD_code = TAQLOM | q = 0 | S = 0 | Stoichiometry = C19H31NbS2Si2 | MND = 13
Nb         4.89440        2.77373       10.71367
S          7.07969        3.37663       11.94686
S          8.18160        2.31722        9.34082
Si         6.54019       -0.15040       12.88872
Si         6.36048        6.43309       10.01141
C          7.04255        2.72291       10.40708
C          4.13060        3.59133       12.70853
C          2.61369        3.63065       12.88314
C          5.30523        0.48893       11.60542
C          5.43742        0.40011       10.19264
C          4.19015        0.65047        9.60090
C          3.26187        0.91887       10.63041
C          3.94268        0.79878       11.85853
C          6.01768       -1.95958       13.22732
C          6.39504        0.86112       14.50171
C          8.31948       -0.11513       12.21067
C          5.16432        5.01180        9.65050
C          5.27394        4.04939        8.61036
C          4.03886        3.40046        8.45714
C          3.14384        3.92859        9.41275
C          3.83026        4.93025       10.12907
C          8.15230        5.98580        9.54830
C          6.22803        6.92871       11.85091
C          5.75862        7.88270        8.91742
H          4.54224        2.99842       13.53507
H          4.50764        4.60936       12.87085
H          2.35931        4.00368       13.87879
H          2.16359        2.64270       12.78531
H          2.13622        4.29252       12.16108
H          8.79538        6.85641        9.63113
H          8.55407        5.21827       10.20279
H          8.22768        5.62027        8.52828
H          6.86524        7.78143       12.06202
H          5.21376        7.20631       12.12342
H          6.54044        6.11578       12.50088
H          6.37257        8.76124        9.08336
H          5.81505        7.63686        7.86165
H          4.73043        8.15299        9.13677
H          6.67388       -2.41156       13.96302
H          5.00334       -2.02020       13.60915
H          6.06612       -2.56450       12.32728
H          7.04915        0.45308       15.26571
H          6.67991        1.89781       14.34393
H          5.38381        0.84618       14.89874
H          9.01132       -0.53574       12.93350
H          8.41371       -0.69210       11.29537
H          8.64656        0.89770       11.99649
H          6.32199        0.06452        9.66901
H          3.95403        0.52131        8.55352
H          2.19167        1.02766       10.50389
H          3.48279        0.77506       12.83639
H          6.12847        3.92953        7.95853
H          3.77941        2.72017        7.65749
H          2.08175        3.72317        9.46530
H          3.38285        5.64013       10.81029
