54
CSD_code = TEHSIK | q = 0 | S = 0 | Stoichiometry = C22H25MnO4Si2 | MND = 6
Mn         2.85923        3.32892        2.54527
Si         0.61074        2.89884        3.21736
Si         4.40948        2.62679        4.74561
H          3.10446        3.38411        4.19154
O          2.86146        1.16470        2.61068
O          1.80099        3.29843       -0.18271
O          5.45590        3.43796        1.18917
O          2.57815        6.25551        2.56739
C          2.19174        3.30589        0.90071
C          4.48585        3.36926        1.80117
C          2.68642        5.10573        2.58155
C         -0.95330        3.73270        2.46924
H         -1.85749        3.29232        2.87693
H         -0.98731        3.63658        1.38872
H         -0.96894        4.79129        2.70530
C          0.19488        2.76587        5.10263
H         -0.80011        2.35016        5.22379
H          0.20486        3.74306        5.57368
H          0.88694        2.12754        5.64402
C          0.50390        1.05597        2.62968
C         -0.65556        0.32887        2.41963
H         -1.60903        0.78466        2.63464
C         -0.59648       -0.96907        1.94272
H         -1.50633       -1.53170        1.79414
C          0.61985       -1.54810        1.62360
H          0.63599       -2.54833        1.22218
C          1.80422       -0.84640        1.80147
C          1.70953        0.43344        2.33586
C          3.17729       -1.32274        1.36697
C          3.51708       -0.60789        0.04199
H          2.80112       -0.88929       -0.72733
H          4.51682       -0.88417       -0.28763
H          3.48221        0.47526        0.15573
C          3.23589       -2.83264        1.14438
H          3.00985       -3.37003        2.06319
H          4.22206       -3.12612        0.79383
H          2.52274       -3.12507        0.37832
C          3.95918        0.41738        2.96855
C          4.16384       -0.84638        2.41445
C          5.28531       -1.55407        2.81973
H          5.48066       -2.53448        2.41723
C          6.17746       -1.01178        3.72960
H          7.05316       -1.57327        4.01816
C          5.94958        0.23960        4.26806
H          6.64239        0.65551        4.98358
C          4.82597        0.97198        3.90770
C          3.91954        2.18410        6.53778
H          3.10507        1.46619        6.57546
H          3.60880        3.06613        7.08881
H          4.76195        1.74609        7.06413
C          5.92999        3.77023        4.81661
H          6.69945        3.34236        5.45145
H          5.66012        4.73519        5.23406
H          6.36673        3.94604        3.83878
