59
CSD_code = TESPIT | q = 0 | S = 0 | Stoichiometry = C16H34Cl2N2O3RuSi | MND = 8
Ru         4.47184        3.32191        8.75403
Cl         2.99772        3.11989       10.66803
Cl         5.08694        3.23496        6.39185
Si         0.38199        7.25097        4.89895
O         -1.08926        6.56459        4.84522
O          0.22320        8.68565        5.63689
O          0.85900        7.29787        3.33630
N          3.42491        1.52161        8.24951
H          4.00095        0.75393        7.90032
H          3.00134        1.24817        9.14482
N          2.71127        4.19162        7.84073
H          3.09260        4.36254        6.90065
C          2.36615        1.83686        7.28900
H          1.62093        1.03256        7.22833
H          2.82907        1.97216        6.30553
C          1.69714        3.13794        7.72496
H          0.91993        3.40751        7.00043
H          1.23924        3.00653        8.71158
C          2.15384        5.44835        8.34105
H          2.97888        6.15648        8.45667
H          1.72094        5.25518        9.32715
C          1.10523        6.08759        7.42188
H          0.20559        5.47362        7.37631
H          0.81634        7.04133        7.86243
C          1.63140        6.33990        6.00913
H          1.88816        5.39242        5.52981
H          2.55705        6.91274        6.07831
C         -1.49372        5.42163        4.13839
H         -1.10673        5.43978        3.11955
H         -2.58378        5.41487        4.11832
H         -1.13603        4.51848        4.63892
C         -0.74929        9.67897        5.42856
H         -0.62697       10.13706        4.44484
H         -0.61660       10.43501        6.20290
H         -1.74982        9.25144        5.49704
C          2.06355        7.77580        2.79751
H          2.28341        8.78087        3.16229
H          1.95329        7.79762        1.71295
H          2.89059        7.11487        3.06460
C          5.22321        5.01407        9.95238
H          4.37494        5.63252       10.24539
C          5.69702        5.13325        8.65377
H          5.22476        5.86637        7.99386
C          7.12169        4.82026        8.25258
H          7.78167        5.60653        8.63728
H          7.17437        4.85347        7.16328
C          7.60596        3.43783        8.72846
H          8.30138        3.04137        7.98655
H          8.15046        3.52620        9.67104
C          6.47745        2.44385        8.91284
H          6.52523        1.58583        8.23994
C          5.81696        2.27234       10.12038
H          5.41159        1.28110       10.34559
C          6.10664        3.08468       11.36139
H          7.06660        2.76499       11.78323
H          5.33292        2.85419       12.09540
C          6.11207        4.60308       11.10969
H          5.76120        5.10463       12.01331
H          7.12709        4.95518       10.91431
