95
CSD_code = TEZSEY | q = 0 | S = 0 | Stoichiometry = C39H51NPScSi2 | MND = 6
C          8.78391        1.87087        8.82780
C          8.00088        1.00354        8.00008
H          8.40485        0.37365        7.21856
C          6.71356        0.91006        8.50774
H          5.94597        0.23517        8.16588
C          6.63026        1.72690        9.67047
C          5.60553        1.92367       10.60574
H          4.64879        1.43944       10.46622
C          5.84271        2.71670       11.70182
H          5.06242        2.87573       12.43183
C          7.09591        3.30904       11.90581
H          7.25699        3.90562       12.79259
C          8.12663        3.12815       11.01322
H          9.10233        3.55104       11.21399
C          7.91133        2.34912        9.86695
C         10.98380        1.59086        7.01258
C         10.31442        1.34665        5.81587
H          9.35802        1.83022        5.62708
C         10.85694        0.48905        4.87695
H         10.33224        0.30158        3.95139
C         12.07205       -0.12986        5.12416
H         12.49785       -0.79740        4.38992
C         12.73952        0.10670        6.31429
H         13.68532       -0.37700        6.50946
C         12.19872        0.96238        7.25800
H         12.71984        1.14281        8.18788
C         11.47441        2.94121        9.50435
C         11.42194        2.19516       10.67653
H         10.62952        1.47216       10.80979
C         12.38153        2.38278       11.65491
H         12.33934        1.80545       12.56673
C         13.39375        3.31063       11.46620
H         14.13901        3.45838       12.23367
C         13.45373        4.04714       10.29367
H         14.24510        4.76666       10.14447
C         12.49894        3.86247        9.30998
H         12.53803        4.43661        8.39486
C         10.37820        5.31077        7.41375
C         10.33320        6.28840        8.42654
C         10.99517        7.49054        8.24267
H         10.97656        8.23817        9.01946
C         11.67908        7.75580        7.06958
H         12.18795        8.69930        6.93951
C         11.69366        6.81097        6.06532
H         12.20783        7.01645        5.13711
C         11.05313        5.58846        6.21952
C         11.13182        4.59663        5.09330
H         10.94401        5.11224        4.14805
H         10.36283        3.83405        5.22164
C         12.50951        3.93571        5.03513
H         13.28161        4.68058        4.85500
H         12.54600        3.19602        4.23805
H         12.73334        3.43360        5.97492
C          9.56385        5.98793        9.68334
H          8.61801        5.50631        9.38818
H         10.13683        5.25754       10.26642
C          9.24510        7.18349       10.57113
H         10.14676        7.60701       11.00866
H          8.59513        6.86534       11.38369
H          8.72986        7.95571       10.00455
C          7.01988        3.41826        5.24956
H          6.57715        4.40154        5.01769
H          7.93434        3.37766        4.63328
C          6.60529        0.37628        4.53803
H          7.54897        0.38829        4.00013
H          5.95364       -0.32703        4.02872
H          6.79312       -0.01729        5.53190
C          4.30012        2.08249        5.78545
H          4.62209        2.12671        6.82615
H          3.70286        1.18582        5.65593
H          3.65074        2.93425        5.61201
C          5.13835        2.46878        2.83671
H          4.67328        3.44857        2.78427
H          4.39349        1.73736        2.53765
H          5.93398        2.44623        2.09803
C          6.03588        4.94873        8.53932
H          5.06267        4.43301        8.58848
H          6.34362        5.08217        9.59115
C          7.33847        7.21172        6.83673
H          7.11711        7.94705        6.06961
H          7.82918        6.36354        6.35163
H          8.06016        7.66064        7.51138
C          5.28340        8.03410        8.99805
H          4.33026        7.82997        9.47575
H          5.20408        8.99874        8.50612
H          6.02796        8.12666        9.78296
C          4.34114        6.52855        6.46260
H          3.38483        6.33830        6.93854
H          4.52685        5.71716        5.76508
H          4.24436        7.44495        5.88950
N          9.65045        4.10768        7.59963
P         10.20253        2.72847        8.22027
Sc         7.42877        3.56398        7.46455
Si         5.80555        2.12158        4.60200
Si         5.74764        6.64598        7.75638
