49
CSD_code = TIDQAY | q = 0 | S = 0 | Stoichiometry = C13H28Cl2N4SiTi | MND = 6
C          7.21255        3.09146       14.17294
H          8.15578        3.10219       14.69399
C          6.29630        2.04610       14.43113
C          6.89324        4.07001       13.26222
C          5.65112        4.00291       12.60389
H          5.37622        4.75720       11.88456
C          4.80129        2.96132       12.88884
H          3.83341        2.86437       12.40789
C          7.82900        5.19924       12.96606
H          8.00742        5.27005       11.89509
H          8.77921        5.06414       13.47449
H          7.38994        6.14159       13.29035
C          4.37486        1.57081       17.59418
H          4.71991        0.56999       17.85760
H          3.71493        1.94382       18.39089
H          5.23684        2.23502       17.51487
C          3.12462        2.82871       15.96615
H          2.54139        2.74224       15.04781
H          3.93461        3.54617       15.81195
H          2.47353        3.20882       16.76653
C          6.34418       -1.77985       13.52500
H          6.51606       -1.90601       14.59595
H          7.29863       -1.51361       13.04074
H          6.01023       -2.74166       13.10219
C          5.08450       -0.58418       11.89662
H          4.27334        0.13390       11.75148
H          4.79092       -1.54126       11.43653
H          5.98176       -0.21765       11.36818
C          7.52964       -1.01851       17.09586
H          8.03252       -1.83637       16.58921
H          6.47349       -1.26742       17.15450
H          7.91965       -0.98292       18.10772
C          8.16202        1.99276       17.52609
H          7.95665        2.99471       17.15974
H          9.20185        1.96462       17.83580
H          7.55829        1.83844       18.41543
C          9.36803        0.49455       15.06972
H          9.08640        0.21969       14.05664
H         10.05203       -0.26275       15.43940
H          9.92333        1.42594       15.01288
N          6.41114        1.01734       15.26885
N          5.10787        2.01518       13.77338
N          5.35343       -0.75741       13.30199
N          3.68509        1.52218       16.30663
H          2.89523        0.87295       16.40637
Si         7.82130        0.63896       16.20275
Cl         4.16995       -1.42154       16.05077
Cl         2.54200        0.33825       13.81233
Ti         4.63550        0.24470       14.64781
