54
CSD_code = TISWEA | q = 0 | S = 0 | Stoichiometry = C22H28Br2SiZr | MND = 12
C          9.95016        1.81883       -2.12345
C         10.84507        2.61659       -1.33211
C         11.68544        1.79840       -0.54762
C         11.79896       -0.79974       -0.29130
C         11.36822       -1.97752       -0.87729
C         10.44685       -1.96544       -1.95484
C          9.93453       -0.78046       -2.45719
C         10.29943        0.44035       -1.84185
C         11.32077        0.42693       -0.81570
C         11.04637        4.10544       -1.41718
H         11.19844        4.54002       -0.42555
H         10.21405        4.60453       -1.90164
H         11.94156        4.31677       -2.00822
C         12.93451        2.29414        0.13373
H         13.72550        1.55181        0.05365
H         12.78769        2.52516        1.19140
H         13.28245        3.20252       -0.35729
C         12.68415       -0.81762        0.92659
H         12.35614       -1.60359        1.60396
H         12.62701        0.12206        1.46764
H         13.72567       -1.00552        0.66308
C         11.88325       -3.29611       -0.37519
H         12.83787       -3.18030        0.12707
H         12.02053       -3.99635       -1.19396
H         11.17256       -3.72747        0.33034
C         10.00158       -3.28009       -2.53102
H          9.09620       -3.17015       -3.11728
H          9.79135       -3.98148       -1.72773
H         10.77460       -3.70945       -3.16950
C          9.11331       -0.77087       -3.71533
H          9.54948       -1.44938       -4.44568
H          9.10993        0.22509       -4.14675
H          8.08632       -1.08491       -3.53468
C          7.65949        2.78859       -0.90166
C          8.18695        3.65783        0.09777
H          8.67116        4.60988       -0.08275
C          7.74473        3.21488        1.35984
H          7.89071        3.72998        2.30132
C          6.99231        2.04026        1.17418
H          6.47540        1.48686        1.94965
C          6.94732        1.76909       -0.20881
H          6.36683        0.97684       -0.67006
C          8.48119        4.18040       -3.69893
H          9.45485        4.24800       -4.17225
H          8.33456        5.07284       -3.09943
H          7.73584        4.20089       -4.48612
C          6.92158        1.57764       -3.56822
H          6.70580        0.62473       -3.09966
H          7.16482        1.39504       -4.60837
H          6.00803        2.16514       -3.54876
Si         8.28642        2.57308       -2.67992
Br        10.41708        1.77256        2.53382
Br         8.60566       -0.90699        0.84651
Zr         9.33451        1.46826        0.23182
