60
CSD_code = TISWOK | q = 0 | S = 0 | Stoichiometry = C24H34SiZr | MND = 12
C          3.04267        2.99951        2.58376
C          2.13453        2.20386        1.81370
C          1.27791        3.01950        1.04607
C          1.12454        5.61263        0.82805
C          1.57450        6.79319        1.39199
C          2.57017        6.78334        2.39873
C          3.10517        5.59732        2.87381
C          2.70668        4.37280        2.28851
C          1.64501        4.38622        1.30535
C          1.95579        0.70981        1.88445
H          1.05981        0.47230        2.46463
H          2.79405        0.22293        2.36952
H          1.82630        0.28380        0.88517
C          0.01305        2.51706        0.39403
H         -0.27474        1.56411        0.83640
H          0.11264        2.36405       -0.68272
H         -0.80264        3.21661        0.56580
C          0.13544        5.62574       -0.30930
H          0.32983        6.46735       -0.97056
H         -0.89083        5.70803        0.05165
H          0.22703        4.71723       -0.89668
C          0.97847        8.10918        0.96604
H          1.59082        8.58346        0.19712
H          0.90561        8.79007        1.80953
H         -0.02252        7.97402        0.56855
C          3.05807        8.09574        2.95424
H          2.38923        8.46705        3.73249
H          3.11397        8.84499        2.16876
H          4.05079        7.99384        3.38161
C          3.98992        5.60033        4.08845
H          5.01750        5.86952        3.84620
H          3.98271        4.61775        4.54728
H          3.61806        6.31522        4.81982
C          6.08855        3.17082        4.04424
H          6.97452        2.54262        4.05251
H          5.82450        3.36995        5.07635
H          6.36109        4.10920        3.57751
C          4.49933        0.62742        4.14804
H          4.65016       -0.26904        3.55535
H          3.52067        0.56386        4.61174
H          5.23618        0.60840        4.94361
C          5.36788        1.99130        1.35462
C          4.89608        1.07448        0.37716
H          4.41838        0.12338        0.58243
C          5.37390        1.47517       -0.88284
H          5.28948        0.91007       -1.80192
C          6.10272        2.66644       -0.71594
H          6.66386        3.17632       -1.48828
C          6.08320        2.99974        0.65057
H          6.64446        3.80774        1.10798
C          4.20329        5.32400       -0.50128
H          4.93259        5.34143       -1.32608
H          4.65882        5.87060        0.34314
H          3.34103        5.91850       -0.83684
C          2.69047        2.77428       -1.79493
H          1.85244        3.43111       -2.07167
H          2.30809        1.73744       -1.79244
H          3.41028        2.84262       -2.62603
Si         4.70549        2.23197        3.10975
Zr         3.65541        3.27348        0.14712
