98
CSD_code = TIWJIT | q = 0 | S = 0 | Stoichiometry = C32H60N3Si2Y | MND = 5
Y          3.48174        4.14024        4.10495
Si         3.76880        2.22376        7.34835
Si         0.34030        5.61529        3.00632
N          4.00050        2.82020        2.13378
N          4.64273        5.71645        2.61310
N          4.61085        6.34234        5.55839
C          3.78344        2.32349       -0.26719
H          3.85016        1.28832        0.05894
H          4.54659        2.50585       -1.02153
H          2.81023        2.48507       -0.73002
C          3.94587        3.27597        0.90031
C          4.02140        4.62840        0.55423
H          3.86114        4.82384       -0.49729
C          4.40594        5.74104        1.31229
C          4.61589        7.01068        0.51414
H          4.09735        7.85227        0.97184
H          4.24942        6.89433       -0.50118
H          5.67693        7.25876        0.46695
C          5.23887        6.90840        3.18905
H          4.54749        7.76434        3.14569
H          6.13769        7.19907        2.62377
C          5.69366        6.70298        4.63722
H          6.42032        5.88284        4.65458
H          6.21344        7.62140        4.94724
C          5.13781        5.93687        6.86681
H          5.88999        5.15910        6.71742
H          4.30888        5.49703        7.42878
C          3.62627        7.41273        5.76172
H          2.79826        6.97934        6.33226
H          3.23083        7.72388        4.79428
C          4.22030        1.44964        2.38482
C          5.53514        0.94811        2.31513
C          5.77410       -0.35885        2.70722
H          6.77842       -0.75152        2.68495
C          4.74222       -1.17971        3.12595
H          4.94829       -2.19639        3.42628
C          3.44822       -0.69887        3.14439
H          2.64496       -1.35450        3.44556
C          3.16668        0.60992        2.77869
C          6.66236        1.84805        1.85383
H          6.25319        2.56459        1.13485
C          7.20858        2.64684        3.04171
H          6.42781        3.29906        3.44042
H          8.04934        3.26209        2.72544
H          7.54373        1.97345        3.82856
C          7.79190        1.08846        1.15784
H          8.37632        0.50868        1.86821
H          8.46329        1.79417        0.67236
H          7.39439        0.41626        0.40056
C          1.73530        1.10105        2.77197
H          1.73233        2.17326        2.53069
C          0.92847        0.37056        1.69402
H          1.37919        0.51515        0.71498
H         -0.09019        0.75202        1.66390
H          0.88936       -0.69722        1.89745
C          1.07841        0.92579        4.14324
H          0.99415       -0.12685        4.40410
H          0.07656        1.35179        4.13320
H          1.67028        1.42961        4.90873
C          4.51810        2.64512        5.66968
H          4.64618        1.69827        5.12810
H          5.53883        3.01342        5.84147
C          3.33501        0.36337        7.49767
H          2.77369        0.02073        6.63485
H          2.73974        0.15665        8.38169
H          4.23485       -0.24046        7.55768
C          2.15192        3.20291        7.69168
H          2.26701        4.26188        7.47093
H          1.85154        3.11616        8.73200
H          1.32977        2.83230        7.08662
C          4.94653        2.60986        8.81668
H          5.89948        2.10521        8.69268
H          4.52419        2.27965        9.76068
H          5.14981        3.67241        8.90450
C          1.19013        4.74265        4.44092
H          0.60841        3.84478        4.68312
H          1.10651        5.38640        5.32602
C         -1.52718        5.97203        3.27781
H         -2.08160        5.05076        3.42696
H         -1.97058        6.48656        2.43068
H         -1.68498        6.59100        4.15559
C          1.16568        7.31363        2.67872
H          1.04679        7.98397        3.52478
H          0.73308        7.80322        1.81197
H          2.22694        7.18881        2.48940
C          0.47041        4.58946        1.39511
H          1.50935        4.40818        1.13034
H          0.00562        5.10763        0.56146
H         -0.02628        3.62913        1.49477
C          5.73592        7.08416        7.68851
H          6.06253        6.69237        8.65310
H          6.61407        7.49307        7.18499
C          4.16016        8.62569        6.53079
H          3.35083        9.34628        6.65942
H          4.95177        9.11878        5.96314
C          4.69613        8.18236        7.88861
H          5.13270        9.02904        8.42215
H          3.87244        7.79328        8.49191
