75
CSD_code = TOKZEY | q = 0 | S = 0 | Stoichiometry = C27H46SiTi | MND = 12
Ti         0.33654        3.63349        2.51557
Si        -1.33099        3.23985        5.83188
C          0.10917        1.87940        0.48283
C         -0.74216        1.61728        1.58345
C          0.06926        1.39321        2.74016
C          1.43260        1.56560        2.33958
C          1.43807        1.92331        0.96224
C         -0.29460        1.71536       -0.95318
C         -2.17655        1.18305        1.47592
C         -0.36394        0.53636        3.89330
C          2.61352        0.93182        3.02245
C          2.69686        2.04539        0.15159
C         -1.15818        4.83556        1.10047
C         -1.16049        5.51982        2.34980
C          0.12013        6.09587        2.53986
C          0.93956        5.69877        1.45479
C          0.13706        4.96665        0.53633
C         -2.42359        4.45104        0.38684
C         -2.39444        5.86538        3.13228
C          0.46993        7.14453        3.55586
C          2.30766        6.22673        1.13004
C          0.52370        4.83153       -0.90766
C          2.10045        3.98518        3.57672
C          1.43592        3.58759        4.89583
C         -0.04438        3.86501        4.59144
C          1.97149        4.36715        6.10188
C         -0.83007        1.79334        6.99612
C         -1.76909        4.65976        7.06001
C         -2.99066        2.81999        4.95434
H          0.46570        2.08332       -1.63599
H         -1.23968        2.19977       -1.18760
H         -0.42462        0.64725       -1.15014
H         -2.62992        1.52687        0.54955
H         -2.77601        1.53787        2.31298
H         -2.22212        0.09002        1.48097
H         -1.39033        0.74265        4.17923
H          0.27722        0.67360        4.75830
H         -0.30114       -0.51451        3.59226
H          2.56871        1.01451        4.10561
H          2.61983       -0.13414        2.77451
H          3.55536        1.35522        2.67939
H          3.21737        1.08514        0.12309
H          2.48818        2.33597       -0.87527
H          3.37568        2.78074        0.58928
H         -2.22073        3.90567       -0.53058
H         -2.97124        5.35832        0.11592
H         -3.07855        3.84634        1.01350
H         -2.21835        5.83189        4.20595
H         -3.20920        5.18291        2.90307
H         -2.72083        6.87643        2.87327
H         -0.30346        7.22886        4.31651
H          0.55469        8.11305        3.05628
H          1.42143        6.94715        4.05042
H          2.23945        6.95697        0.31888
H          2.75447        6.72286        1.98871
H          2.97521        5.42794        0.80340
H          0.65194        5.83465       -1.32573
H         -0.24439        4.33206       -1.48880
H          1.46870        4.30695       -1.03471
H          3.00977        3.41541        3.36396
H          2.38680        5.04022        3.63497
H          1.58844        2.52198        5.10461
H         -0.13268        4.95412        4.67378
H          3.04577        4.21623        6.20833
H          1.48330        4.03730        7.01691
H          1.78415        5.43336        5.98280
H          0.24798        1.68825        7.06463
H         -1.19640        1.97971        8.00124
H         -1.23351        0.83842        6.67745
H         -2.54667        4.35382        7.75406
H         -0.90689        4.95908        7.64810
H         -2.13015        5.54506        6.54414
H         -3.78453        3.47380        5.30002
H         -3.31294        1.80072        5.14285
H         -2.90047        2.95508        3.87894
