89
CSD_code = TOMJIO | q = 0 | S = 0 | Stoichiometry = C30H52Cl2N2Si2Zr | MND = 4
Zr         1.37389        4.58100        6.30328
Cl         1.92424        6.84818        6.31772
Cl         0.98436        4.55399        3.99417
Si         4.12881        3.38502        5.45271
Si        -0.99305        4.32744        8.88910
N          2.91122        3.30892        6.68857
N         -0.37111        4.37006        7.28322
C          3.24861        2.85641        7.97565
C          3.69988        3.76195        8.95911
C          4.04525        3.30001       10.21945
C          3.99672        1.95385       10.52581
C          3.58253        1.05872        9.55984
C          3.20385        1.48478        8.29571
C          2.74860        0.47151        7.27439
C          1.63321       -0.41563        7.83289
C          3.92290       -0.39067        6.80411
C          3.75706        5.24109        8.65995
C          2.50767        5.90339        9.25357
C          5.03028        5.91133        9.17928
C         -1.26204        4.29757        6.18928
C         -1.54085        3.04877        5.59881
C         -2.46345        2.97071        4.56632
C         -3.11187        4.09907        4.10183
C         -2.80485        5.33108        4.64610
C         -1.88253        5.45230        5.67535
C         -1.51688        6.82101        6.20128
C         -2.71253        7.48856        6.88396
C         -0.98459        7.69518        5.05981
C         -0.80649        1.80527        6.05215
C          0.10482        1.31622        4.91954
C         -1.78224        0.70277        6.47176
C          3.72982        2.23721        3.96456
C          4.30724        5.16215        4.73760
C          5.84167        2.90938        6.17530
C         -2.80946        3.72773        8.92003
C         -0.95956        6.03545        9.78152
C          0.12328        3.09076        9.84369
H          4.37218        4.00085       10.97191
H          4.28410        1.60586       11.50634
H          3.55797        0.00523        9.79340
H          2.36071        1.02976        6.41682
H          1.22770       -1.04944        7.04653
H          0.83172        0.19286        8.24479
H          2.00795       -1.06516        8.62008
H          3.58919       -1.10459        6.05337
H          4.34881       -0.94492        7.63769
H          4.70151        0.23065        6.37062
H          3.73322        5.37402        7.56849
H          2.51257        6.97357        9.05151
H          2.47514        5.74789       10.33107
H          1.61173        5.45603        8.80126
H          5.09524        6.92364        8.78693
H          5.90913        5.35693        8.85888
H          5.03572        5.97121       10.26462
H         -2.68099        2.01413        4.11511
H         -3.83635        4.02098        3.30552
H         -3.28810        6.21569        4.25994
H         -0.71455        6.69933        6.94407
H         -2.41702        8.44678        7.30503
H         -3.09261        6.85793        7.68385
H         -3.51568        7.65994        6.17078
H         -0.55098        8.60930        5.45923
H         -1.78136        7.96391        4.37003
H         -0.21357        7.16183        4.50163
H         -0.17611        2.07112        6.91901
H          0.55113        0.35829        5.17578
H          0.89859        2.04636        4.73652
H         -0.46495        1.18967        4.00106
H         -1.24203       -0.14312        6.88974
H         -2.35693        0.35017        5.61917
H         -2.47734        1.07390        7.22040
H          4.55869        2.25148        3.26407
H          2.85167        2.58459        3.42695
H          3.56558        1.20312        4.25004
H          5.07932        5.16632        3.97299
H          4.59416        5.90341        5.48206
H          3.38831        5.50136        4.25920
H          6.42168        3.79069        6.42829
H          6.42305        2.32991        5.46722
H          5.73506        2.32128        7.08069
H         -3.28939        3.97574        9.86091
H         -2.88079        2.65281        8.79135
H         -3.38149        4.18847        8.11993
H         -0.58135        5.93037       10.79321
H         -1.95619        6.45854        9.85765
H         -0.33656        6.76769        9.27497
H          0.35537        3.45261       10.83884
H          1.06619        2.91995        9.32538
H         -0.36496        2.12881        9.96323
