73
CSD_code = TUVKOK | q = 0 | S = 0 | Stoichiometry = C24H42MoS2Si4 | MND = 12
Mo         2.31685        3.09620        0.02449
S          1.80204        1.03133       -1.52435
S          2.65673        5.64323        2.74657
Si         3.62003       -0.56551        0.80005
Si         3.49329        2.96301       -3.65750
Si         2.38923        6.95791       -0.15358
Si         1.13566        3.01203        3.80084
C          3.37866        1.61326       -1.09317
C          3.81674        1.23034        0.22474
C          4.39317        2.26187        0.96754
C          4.55816        3.54680        0.41086
C          4.34048        3.78156       -0.97134
C          3.79633        2.79392       -1.79217
C          3.96006       -1.66465       -0.72220
C          4.95476       -0.87193        2.12789
C          1.89460       -0.87606        1.53964
C          4.73200        4.26580       -4.29474
C          3.88222        1.25864       -4.41910
C          1.71878        3.52858       -4.06045
C          1.71879        4.80266        1.63270
C          1.64804        5.25277        0.26397
C          0.71473        4.64731       -0.60896
C          0.01432        3.49464       -0.22992
C          0.26187        2.91855        1.04111
C          1.09992        3.55841        1.97820
C          4.23179        7.27570        0.23220
C          2.21482        7.17316       -2.04680
C          1.27300        8.23225        0.72395
C          2.87301        2.41898        4.31232
C         -0.08881        1.55711        3.99191
C          0.45619        4.39781        4.92198
H          4.71070        2.08524        1.98743
H          4.98009        4.33855        1.02165
H          4.62304        4.73623       -1.39534
H          3.19837       -1.52382       -1.48298
H          4.92351       -1.44123       -1.17324
H          3.96104       -2.71413       -0.44599
H          4.97807       -1.92395        2.38920
H          5.94679       -0.59796        1.78242
H          4.75696       -0.31794        3.03974
H          1.77949       -0.35634        2.48598
H          1.11152       -0.53544        0.86910
H          1.73898       -1.93462        1.72303
H          5.75242        4.03600       -4.00435
H          4.70056        4.30254       -5.37786
H          4.50070        5.26218       -3.93186
H          3.17984        0.50672       -4.07274
H          3.81711        1.29865       -5.50149
H          4.88260        0.92138       -4.16088
H          1.56076        4.57003       -3.79775
H          1.52467        3.42809       -5.12392
H          0.98283        2.93076       -3.53155
H          0.51931        5.09479       -1.57474
H         -0.72923        3.05642       -0.89260
H         -0.30529        2.04462        1.34179
H          4.48758        6.98680        1.24488
H          4.90183        6.76296       -0.45141
H          4.42798        8.33953        0.13703
H          2.72520        8.07809       -2.35702
H          2.65186        6.34649       -2.59863
H          1.17880        7.26995       -2.35416
H          1.37484        8.15459        1.80132
H          1.54677        9.24184        0.43527
H          0.22451        8.08713        0.47749
H          2.89737        2.20055        5.37508
H          3.15734        1.51513        3.78090
H          3.61681        3.18395        4.11645
H         -1.11356        1.87458        3.82602
H          0.11451        0.73176        3.31954
H         -0.03100        1.17117        5.00375
H          1.17951        5.19385        5.05454
H         -0.44575        4.83932        4.50641
H          0.21022        3.99834        5.90112
