89
CSD_code = UDODAT | q = 0 | S = 0 | Stoichiometry = C28H51BMoNO4PSi2 | MND = 6
Mo         8.09071        6.27072       12.91992
P          9.52090        4.42192       13.69008
Si         6.80220        9.83467       10.55880
B          6.89214        7.78238       12.29577
N          6.09391        8.74046       11.78826
C          6.71409        5.08209       12.20956
O          5.87130        4.49550       11.69044
Si         4.37443        8.78855       12.27390
C          7.24142        6.36389       14.67763
O          6.66882        6.52269       15.66280
C          9.42148        7.59125       13.47031
O         10.15495        8.44018       13.72195
O          8.99639        6.57138        9.97886
C          8.75251        6.38021       11.09017
C          8.63919       10.07895       10.98193
H          9.19614        9.15584       10.85224
H          8.77527       10.39588       12.01199
H          9.09358       10.82926       10.34203
C          6.58459        8.99319        8.86387
H          5.54009        8.83639        8.61279
H          7.07310        8.02273        8.85746
H          7.02796        9.58900        8.07189
C          5.94538       11.53364       10.61224
H          4.88093       11.47509       10.41619
H          6.38006       12.17859        9.85525
H          6.08284       12.02138       11.57162
C          3.30094        8.78918       10.69943
H          3.47607        7.89422       10.10952
H          3.49167        9.64697       10.06342
H          2.24804        8.80509       10.96306
C          4.09410       10.33274       13.35624
H          4.88752       10.44429       14.08958
H          3.15742       10.24553       13.89815
H          4.04856       11.24737       12.77575
C          3.98774        7.23084       13.28899
H          4.57333        7.19870       14.20241
H          4.20623        6.32646       12.72941
H          2.93932        7.19905       13.56994
C          8.76353        3.03178       14.70393
H          8.86237        3.38765       15.73972
C          9.42409        1.65414       14.60646
H          9.27419        1.23825       13.60857
H         10.49693        1.71549       14.79041
C          8.79744        0.70217       15.62530
H          9.28342       -0.27418       15.55999
H          8.95928        1.08827       16.63493
C          7.30092        0.55766       15.37225
H          7.14152        0.11318       14.38692
H          6.85808       -0.10905       16.11513
C          6.62605        1.92409       15.42630
H          6.72159        2.33653       16.43398
H          5.56102        1.82411       15.20743
C          7.26666        2.88409       14.42659
H          6.77778        3.85911       14.50237
H          7.10971        2.50661       13.41299
C         10.89223        5.00775       14.81992
H         11.39389        5.77772       14.21427
C         11.93983        3.98819       15.26898
H         11.48687        3.26944       15.95461
H         12.35073        3.44247       14.41782
C         13.07541        4.70690       15.99831
H         13.83072        3.98113       16.30912
H         13.55328        5.41504       15.31692
C         12.54283        5.45629       17.21544
H         13.35678        5.99067       17.70961
H         12.13285        4.73852       17.93051
C         11.44978        6.43662       16.80077
H         11.87338        7.20385       16.14857
H         11.04346        6.93626       17.68280
C         10.33139        5.70819       16.05925
H          9.55693        6.42533       15.77147
H          9.87912        4.97719       16.73477
C         10.46719        3.53178       12.35386
H         10.99028        2.67267       12.78925
C          9.47302        3.02884       11.30732
H          8.75492        2.34514       11.76662
H          8.90922        3.87980       10.91193
C         10.18765        2.32885       10.15568
H         10.72049        1.45058       10.53115
H          9.45483        1.98720        9.42158
C         11.17956        3.28377        9.50159
H         10.64071        4.14301        9.09688
H         11.69269        2.78711        8.67532
C         12.19349        3.76331       10.53371
H         12.90057        4.45486       10.07050
H         12.76128        2.90621       10.90713
C         11.49536        4.45598       11.70251
H         10.99323        5.35924       11.34338
H         12.24944        4.76051       12.43101
