99
CSD_code = UFAPAV | q = 0 | S = 0 | Stoichiometry = C39H55N3SiZr | MND = 10
Zr         6.79685        3.72845        3.59633
Si         6.28411        3.66429        0.60533
N          5.35447        3.68512        2.05354
N          6.38987        5.11127        5.04771
N          6.52075        2.36377        5.11154
C          5.14238        2.33723        7.24308
H          5.02704        1.28588        6.97180
H          5.66267        2.37728        8.20807
C          3.79171        3.00317        7.40898
C          3.73266        4.33190        7.38033
C          5.01904        5.10655        7.18006
H          5.53498        5.16462        8.14748
H          4.81131        6.12860        6.85668
C          5.87865        4.41051        6.15213
C          5.93842        3.05712        6.18140
C          2.64449        2.05720        7.58927
H          1.71572        2.56854        7.82198
H          2.86454        1.35788        8.39587
H          2.49711        1.47597        6.67834
C          2.50666        5.18009        7.52493
H          1.62860        4.60110        7.79337
H          2.30231        5.69911        6.58789
H          2.66913        5.93581        8.29331
C          8.40269        4.92898        2.18499
C          8.33180        6.33856        1.66417
H          8.23042        7.06083        2.47498
H          7.51122        6.46664        0.96569
H          9.25886        6.57544        1.13352
C          9.19861        4.55773        3.29898
C         10.08770        5.49616        4.06911
H         10.94759        5.77356        3.45288
H         10.46951        5.03054        4.97581
H          9.56840        6.41458        4.34382
C          9.25169        3.13144        3.34009
C         10.15702        2.31254        4.22045
H         11.13623        2.19492        3.74800
H          9.74948        1.31686        4.39525
H         10.31123        2.79217        5.18680
C          8.50054        2.63701        2.24174
C          8.56368        1.20687        1.77748
H          9.52306        1.03155        1.28161
H          7.77921        0.98445        1.06156
H          8.49836        0.50606        2.61049
C          7.96645        3.74588        1.50570
C          6.10637        2.12092       -0.53983
H          5.31778        2.28738       -1.26705
H          5.85091        1.21796        0.00581
H          7.01743        1.93132       -1.09785
C          6.01241        5.10705       -0.64625
H          5.25871        4.82845       -1.37612
H          6.91939        5.33416       -1.19652
H          5.67181        6.02015       -0.16838
C          3.90471        3.64804        2.18290
C          3.29113        2.38862        1.53954
H          3.71794        1.48413        1.95815
H          3.48180        2.39629        0.47069
H          2.21532        2.37404        1.70020
C          3.22750        4.85611        1.50556
H          3.60229        5.79233        1.90400
H          2.15153        4.81621        1.66096
H          3.42466        4.83245        0.43809
C          3.57179        3.66033        3.68937
H          4.02260        2.79386        4.18351
H          2.49403        3.62753        3.84427
H          3.96452        4.56963        4.15376
C          6.88291        6.39827        5.20869
C          6.47217        7.39621        4.29772
C          5.48499        7.03375        3.22336
H          5.71627        6.04064        2.80362
H          5.48905        7.78192        2.43235
H          4.48160        7.00563        3.65734
C          6.93440        8.69349        4.42992
H          6.60426        9.44720        3.72825
C          7.79919        9.03904        5.45539
H          8.14625       10.05598        5.55684
C          8.22655        8.06299        6.33792
H          8.92645        8.31996        7.12117
C          7.79561        6.75061        6.22769
C          8.37205        5.69633        7.12637
H          9.33351        6.02207        7.51916
H          8.51055        4.77323        6.55833
H          7.71921        5.48102        7.97113
C          7.05086        1.09312        5.28519
C          7.92476        0.73550        6.33595
C          8.38244        1.73216        7.36137
H          9.44091        1.58819        7.57483
H          7.83722        1.60597        8.29698
H          8.22346        2.74781        7.00745
C          8.41967       -0.55834        6.40616
H          9.09296       -0.81220        7.21339
C          8.08700       -1.51678        5.46738
H          8.48717       -2.51649        5.53985
C          7.23215       -1.17571        4.43223
H          6.95524       -1.91819        3.69630
C          6.71163        0.10169        4.33422
C          5.71736        0.43903        3.25754
H          5.75028       -0.30435        2.46256
H          5.90819        1.44360        2.84235
H          4.71339        0.42554        3.69206
