138
CSD_code = UJACAK | q = 0 | S = 0 | Stoichiometry = C45H86N2P2RuSi2 | MND = 7
Ru         7.60536       16.23841        2.74003
Si         8.78669       16.23810        4.80307
P          7.37273       13.89227        2.39280
Si         7.83658       16.23782        7.78486
H          9.29297       16.23743        7.91117
C          7.23766       14.65058        8.65261
H          6.16306       14.50286        8.62197
H          7.53443       14.67185        9.69661
H          7.70001       13.77851        8.20016
N          7.45806       16.23805        6.07320
C          8.85743       12.72934        2.47560
H          8.94356       12.52683        3.55099
C          6.11492       13.03326        3.51446
H          5.28121       13.75196        3.50200
C          4.72079       16.23823        3.82542
H          4.57491       16.23817        2.75505
C          9.97613       10.52056        2.13567
H          9.95879       10.33500        3.21266
H          9.90931        9.55399        1.62997
N          5.99414       16.23811        4.25167
C          4.35702       11.34436        4.05042
H          3.58367       12.10647        3.92390
H          3.92562       10.38095        3.76765
C          6.19881       16.23817        5.59367
C          8.77643       11.38604        1.74760
H          7.86009       10.85132        1.99398
H          8.79775       11.54222        0.66805
C          6.95603       13.41502       -1.77438
H          7.58539       13.77286       -2.59239
H          6.97801       12.32173       -1.79040
C          7.50901       13.91767       -0.44259
H          7.52665       15.00881       -0.44195
H          8.53677       13.57477       -0.32309
C          6.64335       13.43188        0.71828
H          6.62145       12.33651        0.69137
C          5.09495       16.23839        6.47351
H          5.28092       16.23851        7.53155
C          3.80588       16.23847        6.01040
H          2.97191       16.23862        6.69714
C          3.60895       16.23838        4.63397
H          2.62250       16.23842        4.19901
C         10.14918       13.43099        2.05239
H         10.15158       13.59755        0.97369
H         10.21068       14.40719        2.53439
C         11.36141       12.58333        2.42846
H         12.27747       13.09336        2.12284
H         11.39459       12.45925        3.51330
C          5.21948       13.94883        0.51305
H          5.23991       15.03915        0.49054
H          4.56674       13.64311        1.33249
C          6.61403       12.94840        4.95709
H          7.08001       13.88803        5.25408
H          7.36378       12.15726        5.04254
C          5.54190       11.66447        3.13766
H          5.20583       11.63267        2.10211
H          6.29913       10.89171        3.27839
C          4.65083       13.43794       -0.80894
H          4.60792       12.34533       -0.79236
H          3.63097       13.80833       -0.93886
C         11.28271       11.21283        1.76331
H         11.33030       11.33381        0.67837
H         12.13163       10.59670        2.06793
C          4.79824       11.30649        5.50946
H          5.51302       10.49148        5.64865
H          3.93968       11.11025        6.15561
C          5.52216       13.89273       -1.97443
H          5.12376       13.50650       -2.91542
H          5.51061       14.98372       -2.02858
C          5.45590       12.62655        5.89910
H          5.82001       12.56858        6.92676
H          4.71720       13.43099        5.85236
C          9.91766       14.78005        5.38805
H          9.44819       13.80578        5.31156
H         10.22496       14.91466        6.41864
H         10.81780       14.75914        4.78297
H          9.12713       16.23802        2.54562
H          6.37884       16.23909        1.85251
H          8.11440       16.23743        1.29761
P          7.37241       18.58427        2.39302
C          7.23842       17.82521        8.65288
H          6.16386       17.97330        8.62250
H          7.53542       17.80376        9.69680
H          7.70094       18.69717        8.20040
C          8.85703       19.74743        2.47513
H          8.94308       19.95078        3.55037
C          6.11505       19.44337        3.51504
H          5.28118       18.72485        3.50268
C          9.97573       21.95600        2.13368
H          9.95843       22.14229        3.21055
H          9.90886       22.92224        1.62733
C          4.35769       21.13275        4.05143
H          3.58413       20.37083        3.92500
H          3.92650       22.09629        3.76878
C          8.77603       21.09025        1.74623
H          7.85969       21.62514        1.99229
H          8.79733       20.93338        0.66678
C          6.95453       19.06128       -1.77402
H          7.58355       18.70332       -2.59224
H          6.97679       20.15456       -1.79001
C          7.50777       18.55844       -0.44241
H          7.52496       17.46730       -0.44183
H          8.53571       18.90091       -0.32317
C          6.64254       19.04448        0.71868
H          6.62079       20.13984        0.69158
C         10.14883       19.04552        2.05249
H         10.15117       18.87803        0.97393
H         10.21041       18.06976        2.53535
C         11.36105       19.89351        2.42784
H         12.27710       19.38328        2.12252
H         11.39434       20.01835        3.51259
C          5.21851       18.52780        0.51394
H          5.23872       17.43748        0.49144
H          4.56607       18.83367        1.33358
C          6.61444       19.52799        4.95758
H          7.08025       18.58824        5.25443
H          7.36441       20.31892        5.04295
C          5.54231       20.81232        3.13844
H          5.20603       20.84422        2.10297
H          6.29982       21.58483        3.27903
C          4.64961       19.03880       -0.80791
H          4.60688       20.13141       -0.79127
H          3.62965       18.66858       -0.93756
C         11.28230       21.26353        1.76172
H         11.32981       21.14177        0.67686
H         12.13123       21.87990        2.06584
C          4.79925       21.17035        5.51037
H          5.51428       21.98515        5.64947
H          3.94087       21.36679        6.15669
C          5.52048       18.58393       -1.97371
H          5.12188       18.97031       -2.91456
H          5.50866       17.49294       -2.02793
C          5.45661       19.85009        5.89985
H          5.82093       19.90788        6.92745
H          4.71767       19.04586        5.85320
C          9.91751       17.69638        5.38779
H          9.44914       18.67090        5.30797
H         10.22216       17.56377        6.41944
H         10.81912       17.71511        4.78479
