120
CSD_code = UJAXEJ | q = 0 | S = 0 | Stoichiometry = C47H66N2O2PSiY | MND = 6
Y          6.44785       12.78883        5.06758
P          8.20166        9.94760        5.65670
O          4.88444       11.76607        2.93616
N          6.73190       10.37809        5.23187
N          8.02027       12.98848        6.94548
O          4.88864       14.97463        6.19299
C          9.30287       11.30209        5.85823
H         10.32328       10.93962        5.72909
C         10.43064       12.81249        7.45820
H         10.21489       13.54061        8.23674
H         11.09339       13.26498        6.72067
H         10.95300       11.96484        7.89899
C          9.16159       12.35125        6.77146
C          4.65339       11.85990        6.29635
H          5.19402       11.72820        7.24552
H          3.70543       12.36389        6.51228
C          8.22613        8.91971        7.17931
C          5.48196        9.73798        5.25699
C          7.04344        8.59564        7.83322
H          6.09688        8.88831        7.40179
C          9.16026        8.98645        4.41498
C          5.89237       11.56580       10.10223
H          5.85996       11.89136       11.13930
H          5.73249       10.48962       10.08041
H          5.07688       12.04729        9.56613
C          7.23928       11.89850        9.45807
H          7.27592       11.41115        8.47574
C          7.42690       13.38612        9.25639
C          7.67359       16.94922        6.03212
H          6.66393       16.56470        5.91973
H          8.02717       17.29173        5.06140
H          7.65213       17.80349        6.70537
C          8.07710       15.27123        7.86196
C          8.59579       15.85000        6.56412
H          8.63028       15.04724        5.81702
C          8.38140       11.33413       10.30666
H          8.40047       11.80941       11.28550
H          9.33845       11.50830        9.82188
H          8.25547       10.26172       10.44083
C          5.24255        8.45689        4.75740
C          7.07882        7.88967        9.02303
H          6.15544        7.63106        9.52161
C          4.39387       10.53559        5.70470
C          8.29278        7.51387        9.57363
H          8.31909        6.96207       10.50216
C          3.93805        7.97773        4.68852
H          3.76516        6.97843        4.31259
C          7.86080       13.89091        8.01592
C          7.20495       14.26257       10.30710
H          6.88285       13.87961       11.26386
C          9.71174        7.72269        4.56362
H          9.61105        7.19048        5.49966
C          9.47649        7.85553        8.93728
H         10.42465        7.57337        9.37257
Si         8.31762       14.23710        2.29183
C         10.39477        7.14154        3.50851
H         10.82797        6.15869        3.62765
C         10.00979       16.41111        6.74498
H         10.00762       17.23633        7.45409
H         10.38995       16.77886        5.79368
H         10.68935       15.64855        7.11519
C          9.44411        8.56215        7.75051
H         10.36399        8.84235        7.25546
C          4.56684       15.15836        7.56656
H          5.07115       14.37766        8.13456
H          4.94154       16.13573        7.90072
C          6.76852       14.41293        3.34766
H          5.90444       14.41100        2.67125
H          6.77690       15.41123        3.79730
C          8.75877       15.80429        1.27152
H          7.95441       16.07239        0.59343
H          9.65507       15.66123        0.67554
H          8.93240       16.65676        1.92127
C          9.28983        9.65405        3.20239
H          8.85058       10.64213        3.11161
C          2.86869        8.76277        5.07803
H          1.85975        8.38090        5.00379
C         10.52293        7.81182        2.30338
H         11.05568        7.35095        1.48439
C          9.96750        9.07254        2.14832
H         10.06482        9.59816        1.20940
C          3.10135       10.02979        5.57839
H          2.26726       10.64113        5.90069
C          6.37064        7.59205        4.28690
H          6.89987        8.05877        3.45433
H          6.00077        6.62277        3.95838
H          7.08855        7.43019        5.09281
C          3.03095       15.10766        7.66447
H          2.65922       15.89772        8.31377
H          2.69692       14.15283        8.06468
C          3.86371       15.64914        5.47891
H          3.89629       15.31232        4.44227
H          4.03707       16.73529        5.51875
C          9.86731       13.83860        3.34606
H         10.70966       13.55824        2.71959
H          9.68102       13.01430        4.03403
H         10.17671       14.69799        3.93340
C          8.10594       12.81918        1.01956
H          7.78592       11.90148        1.50345
H          9.03407       12.61245        0.49580
H          7.36099       13.07448        0.27244
C          7.84173       16.11308        8.93943
H          8.01796       17.17363        8.83484
C          7.40519       15.62133       10.15437
H          7.23475       16.29236       10.98366
C          2.56537       15.29298        6.21053
H          2.15993       14.36231        5.81523
H          1.81404       16.07227        6.10543
C          3.57729       12.24447        2.66213
H          3.20353       12.72154        3.56956
H          3.61994       12.98479        1.84811
C          5.13793       10.77214        1.95548
H          5.44713       11.25389        1.01659
H          5.94538       10.13956        2.32392
C          2.75345       11.02225        2.23153
H          2.20524       10.61861        3.08007
H          2.04626       11.27957        1.44533
C          3.81627       10.01713        1.76037
H          3.67936        9.72353        0.72155
H          3.79615        9.12560        2.38426
