51
CSD_code = UJIZOC | q = 0 | S = 0 | Stoichiometry = C21H26Cl2SiTi | MND = 12
Ti         6.56353        0.66243        4.10054
Cl         8.41025        1.06804        5.22628
Cl         6.16834       -1.23902        5.17547
Si         5.06496        1.75924        1.52004
C          6.56820        0.66065        1.86683
C          6.55314       -0.74113        2.19485
C          7.83666       -1.14647        2.56917
H          8.12391       -2.15296        2.84024
C         10.09753        0.07440        2.64940
H         10.67045       -0.78108        2.97894
C         10.70206        1.28843        2.41861
H         11.76545        1.39958        2.57050
C          9.95878        2.38504        1.96854
H         10.46794        3.31677        1.76726
C          8.59928        2.29752        1.76217
H          8.06199        3.14703        1.36888
C          7.94069        1.08969        2.02378
C          8.71971       -0.04214        2.44614
C          5.31800        3.30337        0.42037
H          6.25960        3.81817        0.56088
H          4.51987        4.01904        0.59293
H          5.26966        3.00873       -0.62285
C          3.58756        0.91536        0.64466
H          3.80870        0.82609       -0.41420
H          2.70091        1.53509        0.73521
H          3.34263       -0.07499        1.00512
C          4.89587        2.08005        3.39314
C          5.85599        2.84762        4.13262
C          5.80967        2.44839        5.49221
C          4.86642        1.39842        5.60748
C          4.31346        1.16065        4.31950
C          6.60905        4.06356        3.68331
H          7.68756        3.90677        3.75711
H          6.35070        4.90614        4.32778
H          6.35264        4.32918        2.66338
C          6.50113        3.13205        6.62976
H          5.86013        3.92404        7.02548
H          7.44108        3.57426        6.30575
H          6.71210        2.42925        7.43413
C          4.41585        0.77305        6.89008
H          3.68818        1.42240        7.38277
H          5.25907        0.63111        7.56592
H          3.95410       -0.19526        6.71048
C          3.13056        0.26424        4.10548
H          2.78324        0.30594        3.07817
H          2.31217        0.58971        4.75107
H          3.36866       -0.76732        4.37412
C          5.41507       -1.69700        1.99135
H          5.22490       -1.82004        0.92332
H          4.50044       -1.35397        2.47030
H          5.67378       -2.66866        2.40974
