89
CSD_code = UPABUK | q = 0 | S = 0 | Stoichiometry = C28H51N6OSi2Y | MND = 6
Y         -0.49139       12.69036       16.54325
Si         2.01246       11.04187       18.76970
Si        -3.78878       13.13888       18.24153
O          1.10565       14.86851       17.10883
N         -1.81455       11.41478       14.85457
N         -1.50567       14.56720       15.18998
N          0.84599       12.88853       14.33178
N         -2.13397       12.09942       13.73163
N         -1.52208       14.39271       13.84700
N          0.06583       12.76907       13.23141
C         -1.32560       13.14493       13.14592
C         -3.82850       12.14853       11.91890
H         -3.03733       12.40276       11.21682
H         -4.38517       13.05717       12.14787
H         -4.50644       11.42941       11.46762
C         -3.23570       11.58422       13.15657
C         -3.64614       10.52048       13.93934
H         -4.49376        9.88612       13.77643
C         -2.72216       10.44845       14.98539
C         -2.66636        9.46308       16.10089
H         -1.91262        8.70250       15.89273
H         -3.63031        8.97214       16.21282
H         -2.40066        9.96475       17.03314
C         -1.83016       15.66848       11.73746
H         -0.82304       15.63709       11.32192
H         -2.29687       16.60742       11.45278
H         -2.39156       14.83621       11.31999
C         -1.78001       15.55332       13.21653
C         -1.95011       16.51780       14.18970
H         -2.17629       17.55481       14.04376
C         -1.78007       15.85060       15.40764
C         -1.92748       16.42613       16.77367
H         -1.63129       15.69373       17.52139
H         -2.96851       16.69846       16.94832
H         -1.32631       17.32946       16.87578
C          0.16515       12.07926       10.85208
H         -0.38160       11.13653       10.85377
H          0.93499       12.03439       10.08675
H         -0.53985       12.87610       10.62502
C          0.77817       12.32065       12.18176
C          2.07825       12.14911       12.61543
H          2.91463       11.80508       12.04137
C          2.07303       12.52438       13.96244
C          3.23361       12.57419       14.89346
H          2.89386       12.83727       15.89201
H          3.96325       13.30753       14.54715
H          3.72799       11.60473       14.93200
C          0.91620       10.89524       17.25013
H          0.25074       10.03705       17.42072
H          1.54001       10.61073       16.39250
C          3.46138       12.28120       18.53791
H          4.22108       11.87935       17.87519
H          3.94234       12.49836       19.48730
H          3.11859       13.22138       18.12036
C          2.84968        9.39702       19.30542
H          2.10686        8.64573       19.55545
H          3.48659        9.52868       20.17513
H          3.46524        8.99145       18.50807
C          1.02474       11.64008       20.30006
H          0.56991       12.61259       20.13402
H          1.66191       11.71840       21.17635
H          0.22709       10.94468       20.54155
C         -1.91895       12.96548       18.42669
H         -1.74013       12.10632       19.08541
H         -1.55302       13.83484       18.99095
C         -4.49068       14.58826       19.29219
H         -4.30938       14.42366       20.34975
H         -5.56207       14.70085       19.15765
H         -4.02744       15.53368       19.02704
C         -4.41191       13.43940       16.45284
H         -3.99123       14.34141       16.02101
H         -5.49356       13.54237       16.43115
H         -4.15505       12.60901       15.80225
C         -4.70126       11.56461       18.84829
H         -4.45435       10.70293       18.23728
H         -5.77857       11.69284       18.81065
H         -4.43577       11.32717       19.87351
C          1.39902       15.48103       18.36114
H          1.38752       14.69956       19.12231
H          0.62601       16.22545       18.59615
C          2.77199       16.16439       18.21102
H          2.73440       17.18741       18.58111
H          3.54120       15.63031       18.76483
C          3.04087       16.11834       16.69876
H          3.78121       15.35411       16.46574
H          3.38682       17.07068       16.30423
C          1.67969       15.72004       16.12482
H          1.73605       15.16258       15.19022
H          1.04591       16.60699       15.98437
