112
CSD_code = UPOLOC | q = 0 | S = 0 | Stoichiometry = C40H64N3P3RuSi | MND = 5
Ru         2.44665        3.07910        3.40965
P          2.81355        3.65010        5.58627
P          0.85475        1.53916        3.86126
P          2.88262        2.75966        1.15141
Si         3.72630        1.18309        3.93008
N          2.99777        4.95818        2.79394
N          3.61199        5.94947        2.86090
N          4.18161        6.93535        2.85753
C          5.54889        0.74334        3.45122
H          5.62456        0.42815        2.41773
H          5.90419       -0.06659        4.07556
H          6.21462        1.58378        3.60065
C          4.64178        3.19923        0.84651
H          4.78726        4.26425        1.02388
H          4.91059        2.96473       -0.18423
H          5.27679        2.63818        1.52906
C          2.87234        1.13465        0.28791
H          1.89338        0.66471        0.34314
H          3.58853        0.48197        0.78362
H          3.15585        1.26672       -0.75630
C          2.12017        3.83587       -0.13823
H          2.06321        4.85490        0.24644
H          1.11842        3.49441       -0.39416
H          2.74161        3.82353       -1.03440
C          3.76829        1.09907        5.85451
C          3.34573        2.21362        6.58607
C          3.42771        2.20174        7.97534
H          3.13855        3.06462        8.55354
C          3.89007        1.07770        8.63817
H          3.94235        1.07633        9.71792
C          4.28823       -0.03683        7.92029
H          4.64522       -0.91552        8.43809
C          4.23638       -0.01323        6.53775
H          4.55672       -0.87816        5.97477
C          2.69806       -0.34866        3.36327
C          1.31964       -0.12636        3.30269
C          0.44890       -1.13750        2.92182
H         -0.62089       -0.97338        2.92399
C          0.95732       -2.36911        2.54323
H          0.28646       -3.15639        2.22892
C          2.32369       -2.59305        2.57447
H          2.71635       -3.55535        2.27752
C          3.18502       -1.59156        2.99456
H          4.24796       -1.77991        3.03134
C          4.26798        4.79102        5.82744
H          3.99239        5.72447        5.31927
C          5.45695        4.17876        5.08507
H          5.15560        3.91387        4.06434
H          5.76194        3.25739        5.59041
C          6.62106        5.16314        5.04945
H          7.46824        4.71731        4.52342
H          6.31875        6.05840        4.50092
C          7.03045        5.54630        6.46832
H          7.84312        6.27496        6.43897
H          7.39334        4.65829        6.99250
C          5.84017        6.12763        7.22455
H          5.51430        7.04653        6.73095
H          6.13408        6.38116        8.24610
C          4.68262        5.12982        7.25614
H          3.84843        5.56342        7.81135
H          5.00727        4.22325        7.77103
C          1.33630        4.51132        6.36870
H          0.50288        3.95315        5.91068
C          1.28230        5.93058        5.79732
H          2.06775        6.54532        6.24294
H          1.44972        5.89140        4.71374
C         -0.06983        6.57413        6.08653
H         -0.08660        7.59127        5.68956
H         -0.86181        6.00882        5.58811
C         -0.32924        6.59436        7.58963
H         -1.30631        7.03695        7.79522
H          0.42711        7.21257        8.07937
C         -0.27192        5.17893        8.15550
H         -1.06432        4.57711        7.70197
H         -0.44718        5.20084        9.23378
C          1.08326        4.52670        7.87334
H          1.07143        3.50759        8.26531
H          1.86045        5.09009        8.39286
C          0.28114        1.13710        5.62963
H          0.87255        1.83464        6.24155
C          0.66465       -0.27499        6.07632
H          0.06178       -1.01153        5.54063
H          1.71371       -0.47006        5.85137
C          0.43395       -0.42998        7.57747
H          0.72023       -1.43714        7.88724
H          1.07267        0.27606        8.11355
C         -1.02756       -0.17088        7.92608
H         -1.65410       -0.92538        7.44427
H         -1.17765       -0.25129        9.00475
C         -1.44278        1.21442        7.44506
H         -0.86574        1.97059        7.98228
H         -2.50035        1.38448        7.66175
C         -1.19871        1.36260        5.94340
H         -1.80511        0.62210        5.41618
H         -1.52408        2.35648        5.63070
C         -0.71620        2.00445        2.95740
H         -1.59431        1.50432        3.37927
C         -0.82431        3.52251        3.13393
H         -0.92121        3.77623        4.19322
H          0.11888        3.97596        2.76983
C         -2.00459        4.10132        2.36394
H         -2.93371        3.68495        2.76379
H         -2.03956        5.18505        2.49793
C         -1.89368        3.76230        0.88203
H         -2.76179        4.14786        0.34315
H         -1.00423        4.24446        0.47037
C         -1.79021        2.25208        0.69432
H         -1.68099        2.01376       -0.36656
H         -2.71185        1.78072        1.04636
C         -0.60462        1.68572        1.47109
H         -0.54064        0.60838        1.30915
H          0.32367        2.13515        1.10597
