67
CSD_code = UTIJOX | q = 0 | S = 0 | Stoichiometry = C20H34N3O6PSi2W | MND = 6
C          8.38585        5.45304        3.60524
C          9.12732        3.34870        4.28246
C          7.50555        7.55835        3.03613
H          7.60653        8.24699        3.88501
H          6.51517        7.07057        3.10109
C          7.61631        8.35372        1.73992
H          6.84533        9.11889        1.70445
H          7.50000        7.69853        0.88126
H          8.59314        8.82573        1.68310
C         10.69409        4.77588        3.03854
H         11.38722        4.06496        3.49443
H         10.98856        5.79961        3.28004
C         10.64945        4.58613        1.52810
H         11.63858        4.74393        1.10780
H          9.96127        5.30026        1.08442
H         10.32282        3.57753        1.28465
C          7.34446        2.06437        5.27599
H          7.77382        1.27441        4.65057
H          6.25773        2.07027        5.14582
C          7.71855        1.80110        6.72670
H          7.30591        0.84729        7.04462
H          7.33392        2.58929        7.36493
H          8.80065        1.76182        6.82022
C          6.50858        5.64412        5.79773
H          6.33763        6.62201        5.33250
C          9.76686        5.73112        6.46159
H          9.99704        6.31684        5.57806
H         10.00308        4.69344        6.25248
H         10.43784        6.05979        7.25093
C          7.81716        7.84528        7.42200
H          6.82236        8.12128        7.75273
H          8.05120        8.44722        6.54832
H          8.51252        8.13295        8.20408
C          7.79958        4.96789        8.65676
H          8.52013        4.15685        8.68893
H          6.81261        4.54569        8.80490
H          8.00730        5.60927        9.50754
C          4.47298        3.48281        7.13436
H          5.13236        3.17142        7.93729
H          4.58916        2.77731        6.31943
H          3.45460        3.38498        7.49910
C          3.39734        5.78389        5.35478
H          3.31952        5.09474        4.51836
H          3.56448        6.77782        4.94925
H          2.43245        5.79784        5.85317
C          4.52142        6.42889        8.08712
H          3.59058        6.17782        8.58522
H          4.44933        7.46838        7.78396
H          5.31429        6.35315        8.82086
C          4.43417        3.37804        0.76512
C          4.41481        5.67108        2.30634
C          6.77380        4.80092        1.12778
C          6.54701        2.29798        2.20714
C          4.11844        2.96525        3.47148
N          9.39721        4.53281        3.63596
N          7.85555        3.34670        4.81575
N          8.56590        6.60099        3.10903
O          9.91168        2.43687        4.38939
O          3.86317        3.03647       -0.16429
O          3.86343        6.65329        2.11231
O          7.49476        5.19209        0.33386
O          7.18432        1.37498        1.99487
O          3.36055        2.29232        4.00194
P          6.87101        4.64180        4.29932
Si         7.96919        5.97705        7.04186
Si         4.76826        5.28174        6.58127
W          5.45110        3.96034        2.36335
