95
CSD_code = UVEXUQ | q = 0 | S = 0 | Stoichiometry = C40H49N2PSi2Zr | MND = 5
Zr         9.58339        3.37561        4.66864
P          7.10107        4.78175        4.47033
Si         8.23654        1.61332        1.75587
Si        12.56341        1.51915        4.46530
N         10.30359        5.35129        4.57621
N          8.56879        3.31895        6.53185
C          7.75640        6.51653        4.18585
H          6.91718        7.17909        3.95300
H          8.20147        6.81350        5.14464
C          8.81118        6.60990        3.13094
C         10.08811        6.07823        3.40274
C         11.11126        6.29433        2.46980
H         12.10847        5.93859        2.69090
C         10.86480        6.95880        1.28487
H         11.66707        7.10283        0.57642
C          9.59804        7.44529        1.00718
H          9.40398        7.96819        0.08323
C          8.58682        7.28169        1.93860
H          7.60976        7.70485        1.74739
C         11.33450        5.71847        5.40490
C         11.85312        7.02542        5.44331
H         11.45564        7.76746        4.76435
C         12.84146        7.36735        6.34094
H         13.21983        8.37963        6.35077
C         13.34740        6.43262        7.23082
H         14.12135        6.70726        7.93073
C         12.84494        5.14130        7.20994
H         13.23188        4.40677        7.90322
C         11.85886        4.77888        6.31326
H         11.46972        3.75736        6.29106
C          6.38943        5.16352        6.15418
H          5.72553        6.03072        6.07627
H          5.80694        4.29794        6.48538
C          7.50361        5.43743        7.12116
C          8.53724        4.49171        7.29149
C          9.55421        4.76405        8.21100
H         10.30410        4.00656        8.39395
C          9.58482        5.95880        8.90416
H         10.38496        6.15309        9.60236
C          8.58671        6.89825        8.71109
H          8.60583        7.83383        9.24883
C          7.55208        6.62764        7.83106
H          6.76451        7.35644        7.69238
C          7.54035        2.42548        6.64016
C          7.32692        1.50440        5.59539
H          7.98772        1.55729        4.72432
C          6.32879        0.55385        5.68423
H          6.18464       -0.14362        4.87144
C          5.50422        0.49486        6.79756
H          4.72170       -0.24527        6.85955
C          5.70143        1.39499        7.83448
H          5.06931        1.35318        8.71029
C          6.69791        2.34519        7.76640
H          6.85505        3.03308        8.58660
C          5.59413        4.88665        3.43249
C          5.75978        5.18713        2.08192
H          6.75324        5.37389        1.69854
C          4.67010        5.24229        1.23448
H          4.81085        5.48574        0.19138
C          3.40011        4.97313        1.71948
H          2.54725        5.01283        1.05844
C          3.23146        4.63814        3.05188
H          2.24560        4.41090        3.43050
C          4.32098        4.58791        3.90410
H          4.17267        4.30933        4.93667
C          9.23514        3.03308        2.46934
H          8.79761        3.97379        2.09270
H         10.25329        2.98517        2.04986
C          8.86501       -0.08727        2.39391
H          9.95013       -0.11541        2.42749
H          8.54168       -0.88445        1.73120
H          8.49549       -0.32765        3.38668
C          6.36986        1.77364        2.18254
H          6.20308        2.14727        3.19034
H          5.86634        0.81561        2.09956
H          5.87457        2.45617        1.49941
C          8.30470        1.48837       -0.16207
H          8.00650        2.42328       -0.62725
H          7.64642        0.71211       -0.54046
H          9.30925        1.26064       -0.50596
C         10.80648        1.54164        5.13166
H         10.81018        1.42179        6.22816
H         10.25939        0.67541        4.73738
C         13.90306        1.62835        5.83707
H         13.88911        2.59610        6.32797
H         14.89848        1.48610        5.42785
H         13.75343        0.86793        6.59714
C         12.83099        3.04578        3.32120
H         12.58518        2.81715        2.28699
H         13.86476        3.37986        3.33562
H         12.20572        3.88139        3.64257
C         12.98737       -0.02187        3.40369
H         12.88344       -0.93719        3.97716
H         14.00666        0.01856        3.03270
H         12.33048       -0.09821        2.54237
