83
CSD_code = VADREX | q = 0 | S = 0 | Stoichiometry = C26H46Cl2N4Si4Ti | MND = 6
Ti        10.10965        2.06561        4.50480
Cl         8.83732        0.56792        5.55266
N          8.80641        2.30953        3.02147
N          8.76108        3.49417        4.88249
C          8.10966        3.09538        3.81235
C          6.69773        3.46124        3.56867
C          6.35670        4.51959        2.73727
C          5.02458        4.84458        2.54904
C          4.03355        4.11432        3.18372
C          4.37386        3.05555        4.01017
C          5.70373        2.72777        4.20658
Si         8.30767        1.30451        1.68893
C          8.07943       -0.47154        2.35997
C          9.72848        1.40377        0.41304
C          6.69185        1.85746        0.82516
Si         8.20951        4.44956        6.21794
C          9.82821        5.10636        6.99154
C          7.22998        3.34978        7.44106
C          7.14252        5.94641        5.68120
H          7.13506        5.08452        2.24578
H          4.75838        5.66905        1.90410
H          2.99504        4.36928        3.03262
H          3.60086        2.48345        4.50162
H          5.98669        1.90154        4.84376
H          9.01522       -0.84105        2.77694
H          7.77052       -1.15781        1.57764
H          7.33479       -0.50927        3.15290
H          9.50351        0.78389       -0.44906
H         10.65662        1.04294        0.84718
H          9.89760        2.41642        0.05603
H          6.73968        2.88796        0.48936
H          5.82293        1.76052        1.46726
H          6.52581        1.23656       -0.04848
H          9.63653        5.68354        7.89033
H         10.36342        5.74437        6.29207
H         10.48257        4.27793        7.25101
H          7.36731        3.67066        8.46884
H          7.55916        2.31525        7.36698
H          6.16406        3.37316        7.23085
H          6.14347        5.64686        5.38186
H          7.58770        6.48431        4.84958
H          7.04231        6.64334        6.50655
Cl        11.38318        0.56965        3.45685
N         11.41322        2.30936        5.98784
N         11.45850        3.49384        4.12674
C         12.10995        3.09509        5.19689
Si        11.91197        1.30450        7.32049
Si        12.01012        4.44937        2.79139
C         13.52186        3.46111        5.44060
C         12.14038       -0.47154        6.64943
C         10.49121        1.40360        8.59641
C         13.52788        1.85742        8.18412
C         10.39148        5.10624        2.01773
C         12.98972        3.34969        1.56827
C         13.07714        5.94623        3.32816
C         13.86286        4.51954        6.27193
C         14.51590        2.72765        4.80274
H         11.20451       -0.84113        6.23283
H         12.44961       -1.15777        7.43166
H         12.88470       -0.50926        5.85627
H         10.71620        0.78379        9.45859
H          9.56314        1.04274        8.16219
H         10.32207        2.41631        8.95326
H         13.47998        2.88796        8.51978
H         14.39684        1.76045        7.54205
H         13.69393        1.23665        9.05786
H         10.58318        5.68342        1.11894
H          9.85623        5.74425        2.71717
H          9.73714        4.27780        1.75825
H         12.85242        3.67070        0.54053
H         12.66049        2.31515        1.64224
H         14.05564        3.37304        1.77854
H         14.07619        5.64668        3.62747
H         12.63203        6.48409        4.15983
H         13.17738        6.64327        2.50291
C         15.19499        4.84454        6.46019
H         13.08451        5.08439        6.76352
C         15.84575        3.05550        4.99909
H         14.23295        1.90144        4.16552
C         16.18603        4.11429        5.82553
H         15.46119        5.66898        7.10515
H         16.61875        2.48343        4.50762
H         17.22454        4.36926        5.97662
