105
CSD_code = VAQDID | q = 0 | S = 0 | Stoichiometry = C39H60N2PSi2Y | MND = 5
Y          0.76852        2.65072       15.94542
P          0.98502        4.90221       13.84319
Si         3.17619        4.35434       18.23395
Si         2.26920        0.73970       13.18249
N         -0.84728        1.67400       17.45603
N         -1.32012        3.90465       15.54165
C         -2.75741        0.11941       17.50498
H         -2.20995       -0.34646       18.32012
H         -2.96173       -0.62683       16.73949
H         -3.71227        0.47475       17.89004
C         -1.97518        1.26902       16.90335
C         -2.57436        1.87286       15.79205
H         -3.44917        1.35369       15.42432
C         -2.37108        3.15506       15.26113
C         -3.50344        3.67684       14.39880
H         -3.99510        4.51769       14.88779
H         -4.24397        2.90107       14.22884
H         -3.13224        4.01396       13.43053
C         -1.37652        5.31713       15.20746
H         -1.92722        5.85044       15.99987
H         -1.90453        5.50204       14.26240
C          0.02242        5.91653       15.07884
H          0.54795        5.85877       16.03799
H         -0.04322        6.96220       14.76118
C         -0.13171        5.13077       12.40340
C         -0.77293        4.00472       11.89965
H         -0.56987        3.04045       12.34843
C         -1.66067        4.11863       10.84345
H         -2.15693        3.23992       10.45775
C         -1.91194        5.36012       10.28361
H         -2.60424        5.45217        9.45977
C         -1.27315        6.48603       10.77992
H         -1.46893        7.45408       10.34190
C         -0.38680        6.37508       11.83534
H          0.11469        7.25436       12.21590
C          2.30187        6.08838       13.39959
C          2.80281        6.09496       12.10007
H          2.35751        5.45083       11.35479
C          3.85436        6.92382       11.75866
H          4.22809        6.92792       10.74512
C          4.43226        7.74397       12.71426
H          5.25432        8.39146       12.44750
C          3.95803        7.72302       14.01508
H          4.41345        8.35147       14.76671
C          2.90418        6.89584       14.35962
H          2.55335        6.87473       15.38102
C         -0.53380        1.28428       18.77681
C         -1.07322        2.03702       19.83796
C         -0.68159        1.74712       21.13453
H         -1.07014        2.32759       21.95621
C          0.20649        0.71993       21.39874
H          0.50398        0.51042       22.41554
C          0.70388       -0.03952       20.35927
H          1.38544       -0.84897       20.57395
C          0.33881        0.21920       19.04543
C         -2.02004        3.17881       19.53716
H         -2.60106        2.91497       18.64738
C         -3.00595        3.46621       20.66869
H         -3.48931        2.54998       21.00091
H         -3.77474        4.15262       20.31883
H         -2.50949        3.92857       21.51854
C         -1.20515        4.43300       19.20542
H         -0.55115        4.69109       20.03633
H         -1.86846        5.27343       19.00763
H         -0.59393        4.25214       18.31757
C          0.88447       -0.64237       17.92893
H          0.39440       -0.34907       16.99223
C          0.58441       -2.12499       18.16463
H          1.10702       -2.49832       19.04171
H          0.90447       -2.70930       17.30435
H         -0.48223       -2.28337       18.30971
C          2.39089       -0.41717       17.77179
H          2.59511        0.63656       17.56335
H          2.77714       -1.01674       16.95048
H          2.91622       -0.69802       18.68243
C          0.75787        0.94058       14.28489
H          0.53535       -0.03110       14.74527
H         -0.11823        1.17409       13.66256
C          3.72723        0.00719       14.18542
H          3.92403        0.59267       15.07906
H          4.63837       -0.01131       13.59609
H          3.52028       -1.01268       14.49353
C          2.85677        2.42309       12.48005
H          2.04708        2.94500       11.97622
H          3.65701        2.29289       11.75764
H          3.23032        3.06932       13.27091
C          2.00502       -0.40933       11.66457
H          1.68714       -1.40022       11.97411
H          2.91454       -0.52512       11.08289
H          1.24087       -0.01535       11.00109
C          2.89455        3.58467       16.53844
H          3.66098        2.80963       16.39658
H          3.12724        4.34529       15.77779
C          2.58526        3.16071       19.60740
H          1.56301        2.83042       19.44281
H          2.62372        3.62999       20.58565
H          3.21161        2.27512       19.65203
C          2.22242        6.00866       18.43074
H          2.62005        6.77431       17.77117
H          2.31316        6.38357       19.44547
H          1.16215        5.90102       18.22162
C          5.01062        4.77721       18.60653
H          5.62904        3.88551       18.57473
H          5.13253        5.22455       19.58844
H          5.40958        5.47459       17.87596
