56
CSD_code = VASJII | q = 0 | S = 0 | Stoichiometry = C16H34I2P2SiZr | MND = 10
I          1.82949        2.99170        6.51996
I          1.49291        6.45495        9.50566
Zr         2.35635        3.67925        9.30460
P         -0.39939        3.39920        9.29193
P          4.39251        5.03078        7.94987
Si         5.43424        1.80665       11.81792
C          3.91722        2.06472        9.38398
C          2.78396        1.27874        9.70296
C          1.85086        1.51544       10.71672
C          1.76584        2.59565       11.63559
C          2.58984        3.71561       11.77204
C          3.75890        4.01091       11.03129
C          4.63131        2.89928       10.44746
C         -1.30586        4.45249        8.08104
C         -1.14823        1.77290        8.84609
C         -1.39227        3.81173       10.79122
C          5.66067        4.07265        7.00919
C          3.86483        6.16407        6.59665
C          5.48176        6.21079        8.86224
C          4.23125        0.74484       12.84281
C          6.37001        2.98786       12.99235
C          6.67865        0.65302       10.93935
H          4.56798        1.66021        8.60606
H          2.58999        0.41123        9.06902
H          1.08694        0.75026       10.84362
H          0.94757        2.52375       12.34948
H          2.26837        4.45780       12.50521
H          4.30522        4.90099       11.34958
H          5.47817        3.39519        9.94281
H         -1.20618        5.50261        8.35194
H         -2.36203        4.18115        8.08513
H         -0.90673        4.30996        7.07752
H         -0.86814        1.01455        9.57561
H         -2.23487        1.85613        8.81689
H         -0.78645        1.46708        7.86405
H         -1.10561        4.80073       11.15131
H         -1.20676        3.08191       11.57765
H         -2.45518        3.81428       10.54904
H          6.24320        3.44361        7.68086
H          6.33135        4.75297        6.48485
H          5.15498        3.43815        6.28139
H          3.30640        5.61416        5.84093
H          3.23160        6.95433        6.99667
H          4.74570        6.61075        6.13499
H          6.07217        5.68748        9.61296
H          4.85787        6.95437        9.35827
H          6.15285        6.71473        8.16711
H          3.67632        0.04679       12.22420
H          4.78964        0.16586       13.57277
H          3.51238        1.35160       13.38399
H          5.69225        3.64965       13.52288
H          6.91888        2.42033       13.73665
H          7.08774        3.60691       12.46193
H          7.41143        1.20821       10.36105
H          7.22206        0.06185       11.66903
H          6.18234       -0.03873       10.26561
