77
CSD_code = VAWYOI | q = 0 | S = 0 | Stoichiometry = C29H45NSiTi | MND = 6
Ti        -4.81404       -0.05111       -2.26850
Si        -3.27122       -0.95188       -4.43176
N         -4.31868       -1.60575       -3.20207
C         -6.74936        0.02356       -1.55232
C         -3.82943       -0.18495       -0.46042
C         -5.11777        1.28520       -4.17944
C         -3.76289        0.83073       -4.02238
C         -3.19354        1.66282       -3.00131
C         -4.17202        2.60837       -2.53798
C         -5.37757        2.37891       -3.28361
C         -6.14861        0.82186       -5.01698
C         -7.38907        1.42926       -5.00292
C         -7.60282        2.53007       -4.14838
C         -6.62453        3.00363       -3.30339
C         -1.89972        1.69272       -2.45450
C         -1.57566        2.59972       -1.46564
C         -2.55316        3.51682       -1.03024
C         -3.82505        3.53583       -1.55586
C         -8.54427        0.94540       -5.86886
C         -8.99771        2.08122       -6.79621
C         -9.70491        0.52164       -4.95675
C         -8.16739       -0.25746       -6.73875
C         -0.20062        2.63979       -0.81368
C          0.43076        4.02133       -1.03393
C         -0.36005        2.37249        0.69032
C          0.75500        1.58563       -1.38041
C         -1.42219       -1.37731       -4.12967
C         -3.62098       -1.42093       -6.26682
C         -4.82411       -2.95187       -3.05458
C         -3.91040       -3.98308       -3.73059
C         -4.91952       -3.29950       -1.55720
C         -6.22892       -3.02362       -3.68400
H         -6.83018        0.92784       -0.92635
H         -7.11134       -0.81188       -0.93667
H         -7.46500        0.14855       -2.37786
H         -4.31985       -0.78547        0.31693
H         -3.71083        0.83262       -0.05814
H         -2.82245       -0.59885       -0.61038
H         -5.93125        0.00832       -5.69222
H         -8.56339        3.02286       -4.14832
H         -6.82257        3.85248       -2.66148
H         -1.16613        1.00434       -2.84229
H         -2.30223        4.23790       -0.26700
H         -4.54632        4.26712       -1.21407
H         -9.34686        2.94048       -6.23074
H         -9.81020        1.74251       -7.43599
H         -8.17137        2.40203       -7.42692
H        -10.05214        1.34976       -4.34518
H         -9.38689       -0.28218       -4.29471
H        -10.54208        0.16483       -5.55342
H         -9.03065       -0.56300       -7.32707
H         -7.86275       -1.10219       -6.12450
H         -7.36415       -0.00645       -7.42746
H          1.42106        4.05843       -0.58404
H         -0.17255        4.80935       -0.59212
H          0.52664        4.22303       -2.09881
H         -0.82975        1.40379        0.85067
H         -0.97560        3.13140        1.16526
H          0.61283        2.36978        1.17802
H          0.36670        0.58144       -1.22529
H          1.71544        1.65671       -0.87305
H          0.92439        1.74196       -2.44309
H         -1.18811       -2.36247       -4.52002
H         -1.18342       -1.37731       -3.06978
H         -0.76638       -0.67097       -4.62748
H         -4.62029       -1.82046       -6.40693
H         -2.91892       -2.17319       -6.61092
H         -3.51814       -0.55968       -6.91909
H         -4.29855       -4.98726       -3.57715
H         -2.91291       -3.92234       -3.30446
H         -3.84621       -3.79316       -4.79736
H         -5.26581       -4.32295       -1.42619
H         -5.61445       -2.61844       -1.06030
H         -3.93570       -3.19827       -1.09908
H         -6.85426       -2.23547       -3.25810
H         -6.68908       -3.99161       -3.49829
H         -6.15750       -2.87109       -4.75893
