91
CSD_code = VEKRAE | q = 0 | S = 0 | Stoichiometry = C40H40MoO6P2Si2 | MND = 6
Mo         0.77669        7.89309       17.43382
P          0.65866        7.98382       14.99738
P          3.11779        7.16499       17.40839
C          2.01517        7.82002       14.00184
C          3.30430        8.32792       14.57409
C          4.31405        7.20660       14.84646
C          4.30308        6.74968       16.27674
C          3.96775        9.42092       13.68765
C          5.02990        9.99406       14.58566
C          5.95957        9.04324       15.00526
C          6.96573        9.39232       15.88369
C          7.04195       10.70065       16.33852
C          6.12055       11.64458       15.91891
C          5.10355       11.29420       15.04286
C          4.66481        8.76503       12.53511
C          4.43484        9.00908       11.19550
C          5.19560        8.34407       10.24563
C          6.17787        7.44863       10.63390
C          6.40524        7.19540       11.97932
C          5.64658        7.85495       12.92598
C          5.73371        7.68212       14.41459
O          2.04011        7.32629       12.75614
Si         1.81291        5.80302       12.15877
C          0.91366        6.08505       10.51189
C          3.51229        4.99850       11.83653
C          0.83590        4.74970       13.41124
O          5.29836        5.90408       16.61902
Si         5.40860        4.27612       16.36619
C          6.24302        3.62556       17.94056
C          3.64842        3.58973       16.11295
C          6.49276        3.96479       14.82711
C         -1.82000        6.81198       14.59461
C         -2.96802        6.53794       13.87479
C         -3.11016        7.02051       12.58351
C         -2.10376        7.78518       12.01446
C         -0.95124        8.05785       12.72671
C         -0.79350        7.55634       14.01723
C          4.96758        6.74149       19.43609
C          5.42938        6.15884       20.60079
C          4.66708        5.19838       21.24675
C          3.43799        4.82407       20.72855
C          2.96854        5.40827       19.56611
C          3.73628        6.36313       18.90808
C         -1.09426        8.39957       17.56401
O         -2.19344        8.68588       17.69913
C          0.22573        6.01290       17.36962
O         -0.13683        4.92706       17.40066
C          0.82004        7.76772       19.37174
O          0.79391        7.70872       20.51375
C          1.27230        9.79225       17.59724
O          1.51433       10.89537       17.75862
H          3.06066        8.82149       15.52739
H          4.07338        6.33436       14.22439
H          3.22989       10.16148       13.37400
H          7.68105        8.65287       16.21399
H          7.82535       10.98397       17.02590
H          6.18909       12.65989       16.28000
H          4.37734       12.02766       14.72421
H          3.67181        9.71101       10.89272
H          5.02410        8.52934        9.19558
H          6.76886        6.94074        9.88598
H          7.16780        6.49248       12.28295
H          6.49140        6.96006       14.71823
H          0.95827        5.19057        9.90046
H          1.37862        6.88994        9.95117
H         -0.13229        6.33726       10.65258
H          3.40719        4.18710       11.12358
H          3.96096        4.57804       12.73297
H          4.21454        5.71260       11.41706
H          1.11659        3.70174       13.37862
H         -0.23462        4.80539       13.23743
H          1.01588        5.10789       14.42604
H          6.55856        2.59626       17.80973
H          5.57233        3.66422       18.79345
H          7.12144        4.21188       18.19089
H          3.53493        2.58580       16.50705
H          3.36108        3.56250       15.06526
H          2.93125        4.22785       16.62938
H          6.60554        2.90026       14.64997
H          7.48927        4.37493       14.96522
H          6.07982        4.40453       13.92302
H         -1.71204        6.44715       15.60865
H         -3.75757        5.95344       14.32355
H         -4.01057        6.81132       12.02516
H         -2.22493        8.17811       11.01514
H         -0.16936        8.66286       12.29168
H          5.55292        7.49418       18.92600
H          6.38382        6.45565       21.01053
H          5.02846        4.74525       22.15813
H          2.84187        4.07838       21.23384
H          2.00438        5.12021       19.16558
