44
CSD_code = VEPYOE | q = 0 | S = 0 | Stoichiometry = C14H26S2SiW | MND = 8
W          6.46153        7.10095       15.51615
S          5.95035        4.96862       15.71329
S          6.53117        7.51064       13.35397
Si         9.44727        5.54392       15.17073
C          8.58849        7.08790       15.91695
C          8.75301        5.02179       13.46961
C         11.30354        5.95448       14.93546
C          9.33463        4.11215       16.43514
C          4.60303        8.43324       15.83523
C          5.71701        9.31920       15.92006
C          6.50314        8.93585       17.04599
C          5.83924        7.84018       17.69061
C          4.65987        7.54175       16.95733
C          3.46287        8.56325       14.86516
C          5.93609       10.50871       15.03237
C          7.62650        9.74800       17.62848
C          6.20944        7.19502       18.99481
C          3.58473        6.59825       17.41198
H          3.81367        8.96725       13.91594
H          6.90515       10.96515       15.22010
H          8.28455       10.13645       16.85218
H          5.59129        7.59549       19.80102
H          2.81391        6.48787       16.65269
H          2.70018        9.23508       15.26507
H          3.00163        7.59454       14.67159
H          5.16243       11.25725       15.21116
H          5.89241       10.21852       13.98079
H          8.22651        9.16099       18.32088
H          7.21410       10.59680       18.17805
H          7.25279        7.37379       19.24789
H          6.04629        6.11769       18.94760
H          3.12093        6.97874       18.32384
H          3.99532        5.60973       17.62444
H          7.69228        4.77929       13.53429
H          8.86112        5.81779       12.73723
H          9.27325        4.14859       13.08682
H         11.44999        6.75525       14.21822
H         11.76802        6.25718       15.86820
H         11.84055        5.08637       14.57056
H          9.89183        4.33430       17.34036
H          8.30487        3.91154       16.71547
H          9.74241        3.19877       16.01539
H          8.81959        7.10020       16.99191
H          9.04894        7.98587       15.47669
