50
CSD_code = VIDXEO | q = 0 | S = 0 | Stoichiometry = C14H29Cl3HfSi3 | MND = 8
Hf        11.48195        8.74336        8.95077
Cl         9.68749        7.32214        8.74652
Cl        10.52366        9.84083       10.71869
Cl        10.85791       10.31413        7.40060
C         13.80659        9.02273        9.14042
C         13.39223        7.97559       10.03811
C         12.93775        6.89382        9.22900
H         12.64873        5.91820        9.59568
C         13.05012        7.23815        7.85902
C         13.58865        8.54744        7.81919
H         13.88309        9.06622        6.91785
Si        14.49800       10.74503        9.47754
C         13.06215       11.86441       10.04487
H         12.21534       11.76947        9.36253
H         12.71041       11.62157       11.04234
H         13.35581       12.91024       10.05022
C         15.94462       10.65081       10.72068
H         16.89158       10.59170       10.19387
H         15.97783       11.53700       11.34585
H         15.87876        9.78389       11.36939
C         15.15211       11.44295        7.82417
H         14.34637       11.60097        7.11306
H         15.63605       12.40151        7.98292
H         15.88225       10.78378        7.36457
Si        13.27251        7.82412       11.92143
C         14.75490        6.76827       12.50158
H         15.69391        7.29876       12.38358
H         14.65340        6.51399       13.55089
H         14.83326        5.84110       11.94328
C         11.64100        6.85079       12.17395
H         11.79287        5.77759       12.10055
H         11.21246        7.04505       13.15203
H         10.89204        7.13292       11.42914
C         13.21065        9.43491       12.93581
H         14.02310       10.11329       12.70429
H         12.27438        9.95949       12.77879
H         13.27802        9.19494       13.99271
Si        12.41754        6.27666        6.36516
C         11.17767        7.44126        5.49979
H         11.65288        8.36705        5.18319
H         10.74312        6.98329        4.61631
H         10.35626        7.70304        6.16659
C         13.88235        5.89494        5.20518
H         14.38763        6.79918        4.88211
H         14.61850        5.26316        5.69099
H         13.53866        5.37564        4.31735
C         11.58180        4.67074        6.95619
H         10.75148        4.88509        7.62253
H         11.19090        4.10913        6.11403
H         12.27900        4.02524        7.48180
