39
CSD_code = VINROB | q = 0 | S = 0 | Stoichiometry = C11H19CrO5PSi2 | MND = 6
Cr         0.41530       10.15619        0.91970
P         -0.43560       12.09775        2.15050
Si         0.34552       12.47456        4.25359
Si        -2.65072       12.58884        1.98457
C          1.07109        8.71389       -0.02058
C         -1.23433        9.29601        0.86322
C          2.14384       10.85951        0.88132
C          0.78302        9.18779        2.46716
C          0.08101       10.97631       -0.72262
C          2.21370       12.10348        4.15802
H          2.71338       12.28919        5.10417
H          2.69683       12.71826        3.40285
H          2.38606       11.06385        3.89115
C          0.05339       14.29361        4.76053
H          0.61744       14.53397        5.65606
H         -0.99246       14.48986        4.97008
H          0.36937       14.97749        3.97897
C         -0.56485       11.25978        5.40804
H         -0.04494       11.15285        6.35477
H         -0.62734       10.27477        4.95350
H         -1.57575       11.59042        5.62578
C         -3.59305       11.29391        3.01940
H         -4.65167       11.29443        2.77949
H         -3.49870       11.48116        4.08450
H         -3.21176       10.29561        2.82357
C         -2.99394       14.36600        2.59837
H         -3.96351       14.70777        2.25057
H         -2.24760       15.06427        2.23298
H         -2.99885       14.42034        3.68183
C         -3.03658       12.43387        0.12315
H         -4.06919       12.68466       -0.10086
H         -2.86059       11.41767       -0.22089
H         -2.40127       13.09159       -0.46465
H          0.00522       13.31353        1.62567
O          1.47690        7.80693       -0.60621
O         -2.17128        8.63222        0.76200
O          3.24505       11.17079        0.76311
O          1.03138        8.46272        3.32799
O         -0.06390       11.35934       -1.79769
