131
CSD_code = VIPCED | q = 0 | S = 0 | Stoichiometry = C45H72ClHfN9Si3 | MND = 7
Hf         8.44204        3.75160        7.53315
Cl         7.32482        5.57760        6.44640
N          8.88416        3.45590        9.68098
N          6.84435        3.98091        8.99664
N          7.17814        3.61227       11.33092
N          7.89615        1.59410        7.60078
N          7.95626        2.71746        5.69017
N          7.35222        0.41610        5.60499
N         10.50738        3.00286        7.19917
N         10.10487        5.15051        7.56527
N         12.37392        4.47868        7.28301
Si         5.15046        4.11303        8.68600
Si         8.28393        3.22334        4.07065
Si        10.09100        6.77907        8.14106
C          7.62221        3.71561       10.03444
C          9.99911        3.67104       10.47193
C         10.11274        4.75572       11.35096
H          9.28403        5.44077       11.45290
C         11.28080        4.97131       12.05560
H         11.34959        5.81597       12.72683
C         12.36412        4.12210       11.90374
H         13.27558        4.29600       12.45623
C         12.26820        3.05029       11.02996
H         13.10863        2.38153       10.90470
C         11.10439        2.82523       10.32394
H         11.02731        1.99208        9.64112
C          7.92900        2.86044       12.31565
H          8.59571        3.51609       12.89641
H          8.53729        2.11886       11.79972
C          6.95958        2.16767       13.27119
H          7.52986        1.58032       13.99261
H          6.31917        1.49129       12.70267
C          6.10628        3.21151       13.98149
H          5.40385        2.73152       14.66511
H          6.75086        3.87105       14.56793
C          5.35147        4.02023       12.93229
H          4.78570        4.82710       13.40132
H          4.65249        3.36489       12.41666
C          6.32525        4.62216       11.92193
H          5.78599        5.13026       11.12627
H          6.95825        5.36050       12.44368
C          4.57054        5.93832        8.77976
H          5.16344        6.54192        8.09907
H          4.64424        6.37914        9.76968
H          3.53290        6.01277        8.47038
C          4.04151        3.02097        9.80545
H          4.62270        2.28046       10.34425
H          3.30490        2.48882        9.21362
H          3.49616        3.62274       10.52383
C          4.86570        3.54796        6.88004
H          4.58766        4.39524        6.26258
H          4.07587        2.80695        6.79561
H          5.77630        3.13175        6.45506
C          7.69846        1.56139        6.28285
C          7.25382        0.78673        8.52421
C          7.93992        0.40007        9.68094
H          8.97404        0.69118        9.79054
C          7.31079       -0.33388       10.66561
H          7.86099       -0.62675       11.54916
C          5.98173       -0.70214       10.52721
H          5.49115       -1.27623       11.29933
C          5.28779       -0.32002        9.39121
H          4.24763       -0.59236        9.27882
C          5.90937        0.41456        8.40054
H          5.35252        0.73409        7.53238
C          7.58440       -0.89207        6.18013
H          6.68626       -1.27115        6.69177
H          8.39086       -0.81720        6.90853
C          7.97113       -1.86272        5.06538
H          8.17357       -2.84351        5.49872
H          8.88060       -1.50464        4.57982
C          6.84165       -1.95046        4.04500
H          7.11043       -2.63236        3.23633
H          5.94403       -2.34110        4.53105
C          6.56354       -0.55742        3.48891
H          7.42957       -0.21682        2.92519
H          5.70231       -0.57750        2.81884
C          6.28373        0.41925        4.62800
H          6.16283        1.43132        4.24968
H          5.34618        0.11698        5.12580
C          9.45942        4.72796        4.19559
H          8.91703        5.64516        3.99295
H         10.28137        4.66824        3.48806
H          9.87234        4.81902        5.19819
C          6.70835        3.86347        3.18434
H          6.01974        3.08154        2.87947
H          6.99130        4.40702        2.28876
H          6.17557        4.55334        3.83161
C          9.13860        1.88078        3.00184
H         10.07398        2.24721        2.59383
H          8.51474        1.59515        2.16189
H          9.36465        0.99296        3.58270
C         11.02257        4.22920        7.31837
C         11.05696        1.97405        6.45370
C         10.84366        0.65422        6.86794
H         10.31177        0.48448        7.79210
C         11.29541       -0.40796        6.11219
H         11.12022       -1.41965        6.45149
C         11.97832       -0.18685        4.92648
H         12.33302       -1.01932        4.33721
C         12.19437        1.11344        4.50225
H         12.71797        1.29610        3.57417
C         11.73904        2.18281        5.24815
H         11.88228        3.19166        4.89051
C         13.33525        3.42303        7.52465
H         12.85694        2.64175        8.11381
H         13.69040        2.98003        6.58159
C         14.52976        3.99745        8.28417
H         15.24040        3.19567        8.49119
H         14.18510        4.40889        9.23436
C         15.18557        5.09505        7.45429
H         16.03728        5.52045        7.98786
H         15.55279        4.67092        6.51639
C         14.15167        6.17795        7.16420
H         13.86362        6.65439        8.09889
H         14.56853        6.93985        6.50324
C         12.91795        5.56967        6.50200
H         13.20850        5.18527        5.50903
H         12.14274        6.32010        6.36817
C         11.52892        7.20168        9.33650
H         12.09128        6.31631        9.61295
H         11.15260        7.64574       10.25150
H         12.20902        7.91938        8.89084
C         10.04754        8.03914        6.69625
H         10.97963        8.11852        6.14462
H          9.81796        9.02780        7.08049
H          9.26219        7.76732        5.99730
C          8.44943        7.01203        9.09600
H          7.76397        7.62324        8.51891
H          8.59503        7.49839       10.05633
H          7.95692        6.05651        9.26394
