49
CSD_code = VORCIR | q = 0 | S = 0 | Stoichiometry = C15H24BrO5PSi2W | MND = 6
C         -1.47381        4.22790       15.00324
H         -1.86213        3.40354       14.39846
H         -0.46890        4.48485       14.66765
C         -1.46645        3.88768       16.45642
H         -2.33878        3.36444       16.82808
C         -0.49000        4.22065       17.28258
H          0.40025        4.72548       16.94233
H         -0.52873        3.98038       18.33082
C         -2.60822        5.95220       12.93537
H         -3.07972        6.94110       12.85062
C         -0.05000        4.59728       11.65130
H         -0.70113        4.08272       10.95400
H          0.18208        3.90533       12.45484
H          0.87930        4.80730       11.13139
C         -0.91134        7.51906       10.86753
H         -1.37075        8.44274       11.20671
H         -1.47956        7.16098       10.01782
H          0.08486        7.76430       10.51372
C          0.41075        6.97280       13.54788
H          0.43315        6.43247       14.48885
H          0.17757        8.00885       13.77486
H          1.41925        6.95528       13.14310
C         -5.59329        5.30023       12.18738
H         -5.67648        6.22551       12.75087
H         -6.13435        4.54209       12.74441
H         -6.10956        5.44833       11.24342
C         -3.47923        2.94269       12.21563
H         -3.84163        2.63473       13.19130
H         -2.43277        2.66441       12.13224
H         -4.02474        2.36217       11.47791
C         -3.44729        5.12993       10.03979
H         -3.65521        6.16159        9.77789
H         -4.11002        4.50794        9.44770
H         -2.43264        4.90574        9.73436
C         -2.48245        9.29342       17.38675
C         -0.51161        7.52312       16.68722
C         -2.88284        6.53430       17.77106
C         -4.37378        7.97586       15.76780
C         -2.09712        8.89436       14.64535
Br        -4.45336        4.69990       15.26229
O         -2.51741       10.21025       18.06720
O          0.57232        7.50489       17.04958
O         -3.15116        5.91257       18.68818
O         -5.45920        8.19275       15.48814
O         -2.00866        9.60873       13.75428
P         -2.55107        5.71843       14.74696
Si        -0.80570        6.23831       12.27250
Si        -3.77423        4.79867       11.88674
W         -2.44249        7.70005       16.20266
