77
CSD_code = VOSLUK | q = 0 | S = 0 | Stoichiometry = C31H44SiTi | MND = 12
Ti         3.92398        2.25471        4.08577
Si         5.84276       -1.07450        4.29473
C          5.25869        0.63611        3.82611
C          5.54345        1.59328        3.01286
C          6.38104        2.02152        1.93065
C          7.30034        1.14416        1.34527
C          8.09281        1.56059        0.29392
C          7.98843        2.85433       -0.19393
C          7.08391        3.73462        0.37977
C          6.28760        3.32413        1.43073
C          5.21621        2.48374        5.95410
C          6.13204        1.55569        6.69094
C          5.64421        3.48328        5.02809
C          7.08044        3.69544        4.64539
C          4.55757        4.37386        4.82292
C          4.61979        5.69083        4.10114
C          3.48028        3.95885        5.65700
C          2.35972        4.85119        6.10394
C          3.87446        2.76856        6.32193
C          3.15033        2.08589        7.44639
C          1.92084        3.01624        3.19720
C          1.09197        4.26765        3.21537
C          1.70527        1.84472        3.97522
C          0.67196        1.64999        5.04679
C          2.36804        0.76288        3.32481
C          2.15078       -0.68383        3.65485
C          2.95828        1.26246        2.13079
C          3.55744        0.42298        1.04398
C          2.73249        2.65724        2.08163
C          2.97721        3.55308        0.90166
C          7.71107       -1.06989        4.74654
C          5.68203       -2.34013        2.85637
C          4.82529       -1.74534        5.77801
H          7.37885        0.13798        1.73012
H          8.79925        0.87426       -0.15155
H          8.60994        3.17500       -1.01716
H          7.00215        4.74409        0.00059
H          5.57593        4.00245        1.88771
H          5.61328        0.66012        7.02373
H          6.52688        2.06677        7.57476
H          6.97215        1.26364        6.06710
H          7.18591        4.39283        3.81726
H          7.55776        2.75744        4.36130
H          7.62322        4.10306        5.50305
H          3.77279        5.83149        3.42754
H          5.53651        5.77693        3.52013
H          4.60650        6.50994        4.82516
H          2.15527        5.63588        5.38138
H          2.65965        5.33312        7.03990
H          1.43948        4.30650        6.30368
H          2.12347        2.43426        7.52885
H          3.65535        2.30151        8.39203
H          3.14439        1.00128        7.31648
H          0.49236        4.34414        4.11753
H          0.40613        4.23958        2.36320
H          1.69126        5.17203        3.11403
H          0.39943        2.58619        5.52871
H          1.01249        0.95137        5.81088
H         -0.23518        1.23261        4.59905
H          2.95543       -1.29949        3.26283
H          1.21176       -1.02568        3.20841
H          2.08592       -0.84182        4.73048
H          4.19886        1.01374        0.39242
H          2.75719       -0.00638        0.43510
H          4.14814       -0.39246        1.45593
H          3.80368        3.19352        0.29125
H          3.19189        4.57590        1.21171
H          2.08184        3.58027        0.27300
H          8.24875       -0.29409        4.20920
H          8.17215       -2.02006        4.49313
H          7.87134       -0.90498        5.80727
H          4.64855       -2.57142        2.61631
H          6.16444       -3.27576        3.12603
H          6.15479       -1.98102        1.94712
H          4.10057       -1.00847        6.11710
H          5.46306       -1.99446        6.62100
H          4.27701       -2.64401        5.51190
