71
CSD_code = VUMHIU | q = 0 | S = 0 | Stoichiometry = C30H36BrNbOSi2 | MND = 13
Nb        -0.41340        8.68966        0.44606
Br        -2.50563       10.11399        1.06628
Si        -0.23197       12.22967       -1.04734
Si        -1.01596        7.58846        4.09103
O          0.38629        9.98147        1.80627
C          1.32691        9.16086        1.53351
C          2.56002        8.99523        2.04433
C         -0.09361       10.34633       -1.24554
C          1.12207        9.61318       -1.23907
C          0.87741        8.31663       -1.73942
C         -0.48275        8.23178       -2.07941
C         -1.08934        9.45637       -1.75335
C         -0.91477        7.15013        2.24850
C          0.22352        6.65009        1.55185
C         -0.17511        6.24471        0.26384
C         -1.56182        6.47465        0.14127
C         -2.01369        7.01180        1.35834
C          3.13089        9.90764        3.04839
C          2.33024       10.75975        3.80959
C          2.89177       11.60896        4.74325
C          4.26303       11.63222        4.93565
C          5.07005       10.80100        4.17659
C          4.51389        9.94985        3.24189
C          3.36699        7.82242        1.64541
C          3.85584        6.95948        2.62792
C          4.56377        5.82420        2.28322
C          4.80431        5.52817        0.95105
C          4.34279        6.38648       -0.03158
C          3.63227        7.52286        0.31288
C          0.18882       12.79162        0.72452
C         -1.97955       12.77712       -1.57848
C          1.06488       12.93947       -2.26215
C          0.72888        7.36572        4.83196
C         -1.64086        9.36351        4.39264
C         -2.22775        6.32793        4.86130
H          2.09291       10.04586       -1.03284
H          1.62149        7.55905       -1.93659
H         -0.95483        7.40401       -2.59289
H         -2.10381        9.74399       -2.00316
H          1.19001        6.45073        1.99108
H          0.44734        5.71857       -0.44675
H         -2.19419        6.15666       -0.67877
H         -3.04796        7.20727        1.61255
H          1.26034       10.75419        3.66853
H          2.25273       12.25606        5.32642
H          4.70030       12.29525        5.66755
H          6.14229       10.81781        4.31103
H          5.15663        9.31553        2.64851
H          3.67184        7.18530        3.66851
H          4.92889        5.16446        3.05714
H          5.35578        4.63936        0.68213
H          4.54450        6.17341       -1.07234
H          3.30842        8.20614       -0.45602
H         -0.58848       12.49613        1.42406
H          0.28825       13.87164        0.77496
H          1.12364       12.35517        1.07181
H         -2.74349       12.37465       -0.92042
H         -2.20781       12.46689       -2.59431
H         -2.05472       13.85893       -1.54542
H          0.98013       14.01952       -2.30204
H          0.92540       12.56209       -3.27030
H          2.07982       12.70330       -1.95832
H          1.12076        6.36766        4.65755
H          0.70261        7.52218        5.90541
H          1.43011        8.08244        4.41465
H         -2.68439        9.47951        4.11246
H         -1.07162       10.08543        3.81101
H         -1.54713        9.63315        5.44060
H         -2.28336        6.47367        5.93427
H         -1.91257        5.30430        4.68411
H         -3.23160        6.43824        4.46381
