78
CSD_code = WAMTUB | q = 0 | S = 0 | Stoichiometry = C26H44Cl2N4SiTi | MND = 9
Ti         8.56368        3.48816       12.07032
Cl         7.41439        3.43564       14.02551
Cl         8.48647        5.69781       11.95617
N         10.40729        3.28988       11.97119
N         10.09089        3.32277       13.31183
N         12.99423        4.75920       11.81153
N         13.50546        3.33447       13.43059
Si        11.96634        3.42477       11.26855
C         10.58511        4.44883       14.09724
C         10.30612        2.06197       14.01385
C         12.99824        1.84159       11.15083
C         14.30146        1.89981       10.66941
C         15.06643        0.75810       10.51890
C         14.53429       -0.48022       10.83943
C         13.23600       -0.56153       11.31219
C         12.48287        0.58952       11.46363
C         13.80669        4.43625       12.84790
C         14.93515        5.36446       13.21826
C         14.28643        2.75255       14.49590
C         14.20043        1.22763       14.42112
C         13.80029        3.24794       15.86409
C         13.06874        6.03466       11.12284
C         13.83190        5.90091        9.80241
C         11.68042        6.62530       10.89250
C          8.55986        2.22028       10.11682
C          7.79505        1.54952       11.11601
C          6.64796        2.34275       11.40218
C          6.74525        3.53698       10.64823
C          7.92873        3.46706        9.85584
C          9.63635        1.57094        9.29919
C          8.00713        0.13649       11.58161
C          5.45643        1.89549       12.19356
C          5.70562        4.61885       10.60702
C          8.33828        4.47317        8.82019
H         11.64364        3.76979        9.86327
H         10.48463        5.36157       13.50769
H          9.97848        4.53979       15.00203
H         11.63560        4.29054       14.35415
H         11.38184        1.89203       14.12646
H          9.86065        1.25197       13.42796
H          9.81928        2.10400       14.99044
H         14.72272        2.86115       10.41535
H         16.07962        0.82959       10.14866
H         15.12843       -1.37491       10.72197
H         12.81284       -1.52360       11.56519
H         11.47230        0.51562       11.84041
H         15.49125        5.66686       12.33404
H         15.62082        4.88258       13.90894
H         14.53867        6.25430       13.70693
H         15.35254        3.01525       14.39637
H         14.55112        0.88065       13.45368
H         13.17800        0.88605       14.55757
H         14.81971        0.78774       15.19970
H         14.42859        2.83809       16.65153
H         13.84280        4.33423       15.91629
H         12.77478        2.93144       16.04016
H         13.61242        6.73866       11.76086
H         13.28620        5.26291        9.11446
H         14.81351        5.46245        9.97029
H         13.96429        6.87902        9.34651
H         11.16776        6.78013       11.83812
H         11.77326        7.58741       10.39405
H         11.06401        5.97240       10.28292
H         10.48074        1.24776        9.90415
H          9.22099        0.69521        8.79485
H         10.01037        2.25116        8.54014
H          7.76148        0.02926       12.64042
H          9.03833       -0.17739       11.41991
H          7.35923       -0.54380       11.02219
H          5.74878        1.24961       13.02012
H          4.77837        1.33637       11.54281
H          4.91401        2.74578       12.60206
H          6.10537        5.52582       10.15679
H          5.35991        4.86107       11.61385
H          4.84370        4.29146       10.02028
H          7.72946        4.35847        7.91989
H          8.20666        5.48872        9.19529
H          9.38467        4.34408        8.55013
