107
CSD_code = WAQMOQ | q = 0 | S = 0 | Stoichiometry = C36H63N5Si2Ti | MND = 5
Ti         8.74337        3.03708       18.83689
N          7.99153        1.05298       18.08839
N         10.04886        2.13972       17.39013
N          9.49868        4.83626       18.43578
N          6.79416        3.37411       18.90281
N          9.43191        2.47043       20.27023
Si         9.85578        5.97376       19.67688
Si         5.85696        4.59099       18.15315
C          9.07753        0.09248       18.21900
C         10.39554        0.83897       17.94397
C          7.86633        1.40206       16.68050
C          9.23452        1.91317       16.20261
C         11.22326        2.97381       17.12843
C         10.78710        4.24796       16.46313
C         11.19373        4.56199       15.17854
C         10.75830        5.70834       14.53782
C          9.87282        6.56984       15.17998
C          9.46775        6.25113       16.46600
C          9.89667        5.10249       17.15050
C          9.34449        7.83995       14.52749
C          9.85515        8.02477       13.09545
C          7.81127        7.78974       14.48304
C          9.79701        9.04983       15.35614
C          6.72630        0.57357       18.66105
C          6.37625        1.25119       19.96099
C          5.95106        0.53341       21.06203
C          5.46299        1.16675       22.19520
C          5.36212        2.55341       22.23475
C          5.80182        3.27238       21.13131
C          6.34609        2.66366       19.99610
C          4.77948        3.30836       23.42117
C          4.34652        2.37911       24.55856
C          3.54665        4.09210       22.94847
C          5.83135        4.27963       23.97389
C          8.62007        5.67183       21.09781
C         11.69640        5.74021       20.20852
C          9.80426        7.85270       19.25898
C          4.00555        4.08451       18.23229
C          6.32852        4.66262       16.29264
C          5.94316        6.40413       18.78461
C          9.87106        1.98205       21.52366
C         11.36226        2.32231       21.75767
C          9.71580        0.44051       21.61572
C          9.05402        2.57590       22.69310
H          9.07226       -0.30719       19.23200
H          8.94150       -0.74252       17.50618
H         10.94110        1.00561       18.87744
H         11.03238        0.27062       17.23957
H          7.10871        2.18552       16.59010
H          7.54939        0.52763       16.08112
H          9.72614        1.18037       15.53654
H          9.12483        2.84702       15.64285
H         11.68867        3.19263       18.10082
H         11.94570        2.43753       16.48718
H         11.87960        3.89834       14.66614
H         11.11481        5.90882       13.54190
H          8.77442        6.88848       16.98935
H          9.43731        8.93827       12.67627
H         10.93895        8.11186       13.07447
H          9.55181        7.19467       12.46129
H          7.42022        8.68576       14.00452
H          7.39059        7.72493       15.48216
H          7.47946        6.92252       13.91529
H          9.45422        9.97299       14.89260
H          9.39842        9.00475       16.36511
H         10.88318        9.07731       15.41874
H          6.75265       -0.51679       18.79448
H          5.91783        0.79807       17.95126
H          5.97346       -0.54922       21.03316
H          5.14799        0.55990       23.02712
H          5.73963        4.35038       21.11940
H          3.94502        2.97148       25.37867
H          5.19113        1.80882       24.93747
H          3.57097        1.69171       24.22899
H          3.09655        4.62614       23.78314
H          2.80554        3.41170       22.53360
H          3.81110        4.81516       22.18229
H          5.41539        4.84913       24.80302
H          6.69820        3.72925       24.33154
H          6.16649        4.97568       23.21116
H          9.10589        5.77064       22.06284
H          8.22276        4.66052       20.99794
H          7.79724        6.37870       21.08215
H         11.88323        6.10858       21.21216
H         11.97420        4.69104       20.17724
H         12.36100        6.27707       19.53673
H         10.15156        8.42902       20.11118
H         10.45918        8.08222       18.42458
H          8.81010        8.21398       19.01380
H          3.36318        4.84742       17.80597
H          3.69505        3.92471       19.25970
H          3.81861        3.15957       17.69406
H          5.92914        5.57058       15.85398
H          7.40522        4.68693       16.14547
H          5.91886        3.83419       15.71936
H          5.38347        7.06770       18.13065
H          5.53001        6.51265       19.78372
H          6.97063        6.75232       18.81405
H         11.71916        1.85768       22.67467
H         11.47753        3.39878       21.83843
H         11.96835        1.96582       20.92447
H          9.95826        0.10268       22.62115
H         10.38901       -0.06075       20.92181
H          8.68404        0.17213       21.39885
H          9.33603        2.09821       23.62997
H          9.23967        3.64131       22.77496
H          7.99545        2.41129       22.50962
