67
CSD_code = WATSAN | q = 0 | S = 0 | Stoichiometry = C19H41ClCrP4Si | MND = 6
C          6.49951       -1.43343       14.56570
H          6.25024       -0.70043       13.79050
H          7.18908       -2.17518       14.14801
C          5.23271       -2.07096       15.11195
H          5.48464       -2.81504       15.87635
H          4.64013       -2.55471       14.32782
C          8.28649       -1.81907       16.74076
H          8.87485       -2.37409       16.00883
H          7.60254       -2.48534       17.26582
H          8.94500       -1.36307       17.48068
C          8.62323        0.36145       14.98436
H          9.37667        0.74358       15.67340
H          8.17007        1.19558       14.44945
H          9.08958       -0.32739       14.27913
C          3.26857       -0.10542       14.54812
H          2.77489       -0.91883       14.01542
H          3.93778        0.43575       13.88085
H          2.52518        0.59510       14.92533
C          2.99148       -1.79812       16.79414
H          2.16412       -1.16720       17.12197
H          3.45934       -2.25031       17.66902
H          2.62082       -2.57374       16.12253
C          4.83626        3.38031       18.84214
H          5.02334        4.05800       18.00186
H          4.15794        3.86779       19.55094
C          6.14928        2.97448       19.49095
H          5.95970        2.30982       20.34165
H          6.72521        3.83930       19.83795
C          3.16579        1.20824       19.59373
H          2.56576        1.98387       20.07156
H          3.89883        0.80702       20.29308
H          2.52565        0.38667       19.27080
C          2.66441        2.63972       17.21567
H          1.92907        1.87578       16.96226
H          3.06082        3.07475       16.29864
H          2.19305        3.41248       17.82396
C          8.02042        3.33959       17.39292
H          8.52598        3.98693       18.11019
H          7.30744        3.91122       16.80074
H          8.74882        2.89866       16.71421
C          8.44365        1.34804       19.35108
H          9.26235        0.97287       18.73545
H          8.02844        0.52194       19.92892
H          8.81168        2.12748       20.01976
C          5.63792        1.90535       15.64549
C          5.64936        2.72151       14.72654
C          5.67601        3.62025       13.72082
C          5.71240        4.43610       12.81169
C          6.29416        7.37008       12.13590
H          5.58157        7.72335       12.87549
H          6.35080        8.11806       11.34970
H          7.26722        7.32327       12.61614
C          7.06767        5.10519       10.14765
H          8.05526        5.01007       10.58953
H          7.14091        5.81420        9.32749
H          6.80431        4.13972        9.72573
C          4.06935        5.80713       10.61839
H          3.74788        4.85180       10.21412
H          4.08003        6.52372        9.80162
H          3.31602        6.13083       11.33055
Si         5.78366        5.66345       11.44668
P          7.30978       -0.48991       15.93831
P          4.24425       -0.75177       15.95810
P          4.05205        1.86237       18.12711
P          7.12294        1.99492       18.25544
Cl         5.74705       -0.87082       18.80601
Cr         5.68300        0.62094       17.10718
