45
CSD_code = WAYCOO | q = 0 | S = 0 | Stoichiometry = C15H27OReSi | MND = 7
Re         5.20741        3.03279        8.42578
Si         2.21593        3.02635        6.33462
O          3.49788        2.99962        7.23561
C          6.14659        1.75328        7.02998
C          7.00070        1.96160        7.98107
C          5.29852        5.12745        8.16765
C          6.32801        4.79235        8.87967
C          4.07906        2.21502       10.01374
C          5.28244        2.39254       10.46132
C          2.64555        3.39939        4.50171
C          0.96504        4.36207        6.90625
C          1.29353        1.34608        6.36343
C          5.85087        1.08755        5.74685
C          8.36484        1.61639        8.44070
C          4.54223        6.21390        7.51512
C          7.53317        5.33411        9.54697
C          2.70476        1.75486       10.29498
C          6.12827        2.24596       11.66757
H          5.52258        0.06374        5.93047
H          6.74161        1.06716        5.11705
H          5.05060        1.61309        5.22755
H          9.00714        1.39523        7.58870
H          8.79500        2.43235        9.01532
H          8.31623        0.73497        9.07907
H          3.86950        6.67846        8.23698
H          5.22455        6.97095        7.12595
H          3.93951        5.81461        6.70054
H          8.39491        5.20528        8.89331
H          7.40793        6.39568        9.75794
H          7.72640        4.80166       10.47467
H          2.72444        0.74145       10.69855
H          2.11235        1.76322        9.38112
H          2.23400        2.41618       11.02367
H          5.75133        1.44343       12.30087
H          6.10915        3.17620       12.23412
H          7.15773        2.03492       11.39049
H          1.76991        3.74084        3.95805
H          3.40650        4.17135        4.41487
H          3.01945        2.51622        3.98951
H          0.00357        4.22690        6.42002
H          0.79928        4.31752        7.97954
H          1.30931        5.36625        6.67335
H          0.57362        1.28511        5.55296
H          1.98074        0.51094        6.25631
H          0.74805        1.20124        7.29261
