65
CSD_code = WEDYIO | q = 1 | S = 0 | Stoichiometry = C20H40FeP3Si(1+) | MND = 8
Si         0.66823        7.91414       -3.20843
Fe         1.72365        7.46041        0.31304
P          2.32739        7.21350        2.35767
P          3.60364        6.59668       -0.23592
P          2.68936        9.37574        0.30496
C         -0.30823        7.42261        0.77368
H         -0.81844        7.72744        1.67084
C          0.61484        6.11627       -0.85587
H          0.94408        5.25145       -1.40264
C          0.14780        6.10671        0.46945
H          0.03218        5.23227        1.08485
C         -0.10373        8.21718       -0.36544
H         -0.42150        9.23789       -0.47925
C          0.49536        7.42810       -1.39157
C          4.45704        9.26979       -0.28766
H          4.61669       10.03070       -1.05490
H          5.10829        9.51285        0.55626
C          4.78535        7.88459       -0.84700
H          5.81293        7.59217       -0.61443
H          4.67486        7.88421       -1.93320
C          4.46857        5.88115        1.25588
H          4.86699        4.89449        1.01003
H          5.31149        6.52899        1.51133
C          3.49309        5.78795        2.42573
H          4.00903        5.74223        3.38907
H          2.87390        4.89224        2.32230
C          2.92043        9.87349        2.06902
H          3.62227       10.70591        2.16427
H          1.93769       10.19916        2.42393
C          3.38495        8.65399        2.85541
H          3.32454        8.82702        3.93274
H          4.42331        8.41855        2.60367
C          2.43423        8.58254       -3.48747
H          3.10738        7.80355       -3.83134
H          2.83623        8.99271       -2.56476
H          2.44532        9.36720       -4.23647
C         -0.61568        9.27254       -3.55938
H         -1.61635        8.95538       -3.28247
H         -0.63306        9.51403       -4.61733
H         -0.39973       10.19082       -3.02121
C          0.36811        6.35817       -4.25966
H         -0.59370        5.90704       -4.03647
H          1.13117        5.60121       -4.10320
H          0.37308        6.60748       -5.31578
C          3.75706        5.27059       -1.49523
H          3.25194        4.39648       -1.07150
H          3.17803        5.60514       -2.36036
C          5.17987        4.91352       -1.91195
H          5.65141        5.73230       -2.44818
H          5.15853        4.04949       -2.57237
H          5.79900        4.66368       -1.05354
C          1.31403        7.01445        3.87994
H          2.03132        6.95667        4.70733
H          0.74192        7.94131        3.99366
C          0.38358        5.81087        3.91947
H         -0.42459        5.91052        3.20202
H         -0.05853        5.72621        4.90989
H          0.92405        4.88957        3.71515
C          1.99762       10.90970       -0.43436
H          1.85873       10.71360       -1.50062
H          1.00516       11.02398        0.01154
C          2.80896       12.18357       -0.22159
H          2.34805       12.99955       -0.77369
H          3.83065       12.07568       -0.57688
H          2.83477       12.46469        0.82752
