92
CSD_code = WEFQUT | q = 0 | S = 0 | Stoichiometry = C37H48Cl2N2Si2Zr | MND = 4
Zr         7.55585       -0.13383        3.28159
Cl         7.82621        0.18957        5.62367
Cl         6.36614       -0.21836        1.21825
Si         8.08708       -3.18247        2.95673
Si         8.29707        2.98668        3.02243
N          8.83508       -1.64818        2.82758
N          8.68622        1.37905        2.59617
C         10.10465       -1.47785        2.14624
H          9.99327       -1.68968        1.06915
H         10.83862       -2.20053        2.53461
C         10.71249       -0.06736        2.29772
C          9.76525        1.01162        1.70740
H         10.37689        1.89243        1.47445
H          9.34769        0.63031        0.75523
C         10.98862        0.21884        3.77765
H         11.76732       -0.44800        4.14459
H         10.07934        0.06099        4.36775
H         11.31990        1.24728        3.90880
C         12.02903       -0.02882        1.51303
H         12.69569       -0.82159        1.84481
H         12.52980        0.92449        1.66359
H         11.84596       -0.15920        0.44878
C          8.91390       -4.25180        4.35589
C          7.90077       -5.17311        5.03705
H          7.45861       -5.86516        4.32494
H          7.09516       -4.60029        5.49000
H          8.38549       -5.75678        5.81956
C         10.05389       -5.09967        3.78667
H          9.69316       -5.80972        3.04881
H         10.54555       -5.65681        4.58420
H         10.79803       -4.46937        3.30545
C          9.51553       -3.31159        5.40697
H         10.26947       -2.66782        4.95869
H          9.98761       -3.88946        6.20198
H          8.76346       -2.66881        5.86068
C          7.68463        4.12619        1.56667
C          6.39913        3.54340        0.96735
H          6.53924        2.50399        0.67298
H          6.11086        4.10907        0.08114
H          5.57877        3.60058        1.67989
C          7.37504        5.53844        2.06910
H          8.26227        6.02549        2.46248
H          6.63127        5.50433        2.86261
H          6.98098        6.15066        1.25816
C          8.72300        4.18982        0.44558
H          9.68694        4.53894        0.80516
H          8.39034        4.86695       -0.34135
H          8.86081        3.20413        0.00861
C          7.90416       -4.11815        1.29753
C          7.90590       -3.36747        0.12169
H          7.99765       -2.29204        0.18459
C          7.76091       -3.96660       -1.11639
H          7.76457       -3.36147       -2.01142
C          7.60206       -5.33919       -1.20744
H          7.48974       -5.81169       -2.17249
C          7.57438       -6.10049       -0.05185
H          7.43291       -7.17026       -0.11282
C          7.72186       -5.49354        1.18319
H          7.67909       -6.10351        2.07283
C          6.29634       -2.63468        3.39182
C          5.98684       -2.06380        4.63072
H          6.70460       -2.11245        5.44325
C          4.71950       -1.55307        4.89350
H          4.50123       -1.13954        5.86985
C          3.73044       -1.62416        3.92312
H          2.73841       -1.24681        4.12809
C          4.00813       -2.22058        2.70338
H          3.23556       -2.30188        1.95328
C          5.27696       -2.71186        2.44298
H          5.47690       -3.17961        1.48961
C          9.72205        3.75550        4.05075
C         10.02190        3.17309        5.28426
H          9.42517        2.34456        5.63655
C         11.06705        3.63241        6.06499
H         11.27238        3.16325        7.01626
C         11.84951        4.68857        5.62840
H         12.66549        5.05250        6.23598
C         11.57887        5.27186        4.40347
H         12.18611        6.09291        4.04898
C         10.53039        4.80589        3.62809
H         10.34526        5.27695        2.67535
C          6.80530        2.72349        4.19180
C          6.73013        3.35227        5.42965
H          7.51530        4.03378        5.72087
C          5.67555        3.12118        6.29654
H          5.65166        3.61079        7.25899
C          4.64934        2.26818        5.92940
H          3.82145        2.09056        6.60025
C          4.68032        1.66019        4.68428
H          3.84879        1.04846        4.35946
C          5.75554        1.87243        3.82851
H          5.70414        1.46462        2.81766
