70
CSD_code = WEYKUH | q = 0 | S = 0 | Stoichiometry = C18H43I2O3Si3Y | MND = 6
Y          1.70364        3.39719        3.83984
I          3.46730        5.04773        2.26814
I         -0.39162        5.36350        4.22829
Si         1.94443        0.89272        5.86778
Si         4.59964        1.33503        4.20935
Si         2.00597        0.15452        2.80827
O          0.59943        1.95091        5.73295
O          2.51961        4.93169        5.93260
O          0.16516        3.22370        1.60698
C          2.69573        1.27440        4.18311
C         -0.52572        1.86906        6.57646
H         -1.04753        0.92190        6.42271
H         -1.20395        2.69123        6.33942
H         -0.23360        1.94167        7.62672
C          1.29785       -0.85366        6.27262
H          0.86656       -0.89985        7.26892
H          2.11591       -1.56380        6.23906
H          0.54462       -1.18796        5.56884
C          2.89464        1.43319        7.43952
H          3.54911        2.27798        7.25978
H          3.51069        0.61909        7.80396
H          2.21268        1.70594        8.24179
C          5.23617        2.92596        5.08423
H          5.83896        3.52935        4.41110
H          5.85724        2.67970        5.94036
H          4.42115        3.55315        5.44170
C          5.32455       -0.15986        5.14864
H          6.40817       -0.16288        5.10102
H          4.97381       -1.09210        4.72254
H          5.03957       -0.15087        6.19406
C          5.41171        1.32492        2.47879
H          5.14367        2.18677        1.87721
H          5.14885        0.43414        1.92039
H          6.49241        1.33511        2.58500
C          2.70955       -1.61943        2.79772
H          3.77599       -1.61419        2.60371
H          2.23886       -2.22299        2.02805
H          2.55040       -2.11475        3.74885
C          2.35497        0.88542        1.06212
H          2.76731        1.89082        1.10561
H          1.45694        0.92356        0.45249
H          3.07518        0.27233        0.53055
C          0.09816       -0.04892        2.96163
H         -0.34329        0.71002        3.60388
H         -0.15037       -1.01493        3.38881
H         -0.39418        0.00495        1.99551
C          1.89785        4.91217        7.22455
H          2.57804        4.42804        7.93867
H          0.97474        4.33197        7.15830
C          1.66735        6.36814        7.60729
H          0.77266        6.74921        7.11431
H          1.57344        6.50215        8.68189
C          2.91431        7.02134        7.01986
H          3.77202        6.86246        7.67494
H          2.79506        8.08643        6.84256
C          3.08060        6.24724        5.71590
H          2.52360        6.73427        4.90635
H          4.12580        6.13710        5.41386
C          0.46484        3.92074        0.38957
H          1.49951        3.70486        0.12118
H          0.35731        5.00068        0.55654
C         -0.53672        3.42787       -0.67153
H         -0.03754        2.87402       -1.46400
H         -1.05839        4.27121       -1.12002
C         -1.50257        2.53861        0.12176
H         -2.54092        2.67728       -0.16771
H         -1.24341        1.48559        0.00555
C         -1.24179        2.98715        1.55615
H         -1.78409        3.91892        1.76706
H         -1.49592        2.23961        2.30799
