91
CSD_code = WOFXAR | q = 0 | S = 0 | Stoichiometry = C36H50Si4Zr | MND = 12
Zr         9.19727       -0.11793        4.72290
Si        11.26667        1.42836        2.16877
Si        13.40238        2.31747        2.60619
C         10.03976        1.56383        3.58030
C          9.64007        2.73797        4.12729
C          8.14065       -0.63909        2.47508
H          8.56277       -0.36595        1.51781
C          7.18496        0.11005        3.19089
H          6.76905        1.06155        2.88603
C          6.75807       -0.66300        4.29002
H          5.94135       -0.41208        4.95285
C          7.46394       -1.88534        4.26449
H          7.25969       -2.74879        4.88864
C          8.32048       -1.87010        3.14116
H          8.88012       -2.71928        2.76417
C         10.02742        4.07637        3.61622
C          9.52103        4.53755        2.40627
H          8.84812        3.90535        1.84572
C          9.85285        5.79486        1.93647
H          9.44820        6.14369        0.99694
C         10.69603        6.61108        2.67118
H         10.95491        7.59396        2.30544
C         11.20035        6.16373        3.88105
H         11.85466        6.79843        4.46100
C         10.86465        4.90864        4.35250
H         11.25005        4.57089        5.30330
C         10.68509        2.11741        0.46449
H          9.64807        1.87032        0.25205
H         11.29008        1.70651       -0.33869
H         10.77986        3.19688        0.42780
C         11.42106       -0.47419        1.81765
H         10.90326       -1.07908        2.56531
H         12.46213       -0.78342        1.80649
H         11.01438       -0.73060        0.84343
C         13.73042        2.48740        4.48656
H         14.51696        3.20786        4.69160
H         14.03009        1.54416        4.93351
H         12.83580        2.82280        5.00179
C         13.60258        4.04800        1.81989
H         12.84376        4.73172        2.18672
H         13.50793        4.00408        0.73926
H         14.57276        4.48223        2.04481
C         14.82159        1.22790        1.90929
H         14.70488        1.06350        0.84236
H         14.85544        0.25328        2.38766
H         15.79016        1.69548        2.06216
Si         7.12793        1.42838        7.27704
Si         4.99176        2.31751        6.83934
C          8.35543        1.56376        5.86597
C          8.75485        2.73796        5.31887
C         10.25392       -0.63879        6.97086
H          9.83187       -0.36552        7.92814
C         11.20964        0.11021        6.25494
H         11.62568        1.06166        6.55975
C         11.63655       -0.66305        5.15596
H         12.45335       -0.41232        4.49317
C         10.93062       -1.88535        5.18166
H         11.13488       -2.74892        4.55767
C         10.07412       -1.86992        6.30502
H          9.51455       -2.71907        6.68219
C          8.36734        4.07632        5.82994
C          8.87374        4.53749        7.03989
H          9.54659        3.90527        7.60048
C          8.54195        5.79482        7.50969
H          8.94661        6.14363        8.44921
C          7.69882        6.61108        6.77496
H          7.44002        7.59399        7.14067
C          7.19449        6.16372        5.56510
H          6.54027        6.79848        4.98510
C          7.53012        4.90861        5.09367
H          7.14475        4.57089        4.14285
C          7.70912        2.11746        8.98144
H          8.74615        1.87060        9.19409
H          7.10408        1.70663        9.78462
H          7.61419        3.19690        9.01791
C          6.97347       -0.47412        7.62847
H          7.49158       -1.07898        6.88101
H          5.93240       -0.78335        7.63912
H          7.37971       -0.73058        8.60288
C          4.66453        2.48760        4.95882
H          3.87795        3.20798        4.75368
H          4.36508        1.54434        4.51177
H          5.55925        2.82313        4.44382
C          4.79177        4.04799        7.62588
H          5.55071        4.73174        7.25931
H          4.88615        4.00388        8.70652
H          3.82165        4.48226        7.40076
C          3.57262        1.22757        7.53585
H          3.68914        1.06305        8.60278
H          3.53902        0.25304        7.05725
H          2.60410        1.69517        7.38276
