74
CSD_code = WOFZOH | q = 0 | S = 0 | Stoichiometry = C32H38Si3Zr | MND = 12
Zr        -0.47805        5.01584        5.03414
Si        -2.34562        3.30986        8.54145
Si        -1.47447        1.22771        9.17221
Si        -4.43291        4.23466        9.06707
C          1.95234        4.93094        4.52013
H          2.63324        5.77280        4.59726
C          1.73638        3.95509        5.52130
H          2.20798        3.93041        6.49757
C          0.93787        2.93287        4.96599
H          0.66496        2.00346        5.45143
C          0.64598        3.27962        3.62809
H          0.15335        2.63802        2.90556
C          1.28728        4.50672        3.34822
H          1.37173        4.96354        2.36803
C         -1.38900        6.56076        3.31318
H         -1.56862        6.31098        2.27214
C         -0.24024        7.20633        3.82016
H          0.61703        7.52454        3.23787
C         -0.47098        7.51428        5.17701
H          0.17454        8.11118        5.81289
C         -1.78376        7.09642        5.50049
H         -2.29630        7.28883        6.43509
C         -2.35072        6.50661        4.35116
H         -3.38059        6.18444        4.24623
C         -0.84357        4.66312        7.13232
C         -1.90770        3.71345        6.70942
C         -2.11070        3.59410        5.37135
C         -3.10374        2.77010        4.70922
C         -3.96683        1.89660        5.38326
H         -3.89645        1.82272        6.45892
C         -4.88884        1.14136        4.68801
H         -5.54670        0.47015        5.22236
C         -4.97839        1.23585        3.30714
H         -5.70162        0.64235        2.76763
C         -4.13442        2.09682        2.62172
H         -4.20359        2.17292        1.54546
C         -3.20910        2.85312        3.31210
H         -2.54174        3.53530        2.78204
C         -0.92762        4.61136        8.49495
C         -0.11901        5.33976        9.43362
C          0.87634        6.21586        8.97920
H          1.01086        6.32565        7.90240
C          1.66165        6.91376        9.87181
H          2.42726        7.58652        9.51021
C          1.47469        6.75579       11.23802
H          2.09108        7.30311       11.93604
C          0.49474        5.89208       11.70217
H          0.34936        5.76781       12.76628
C         -0.29406        5.19095       10.81205
H         -1.05940        4.51494       11.16902
C         -2.06202       -0.18584        8.02070
H         -1.85787        0.04572        6.97938
H         -3.13150       -0.34878        8.11456
H         -1.56970       -1.12657        8.25159
C         -1.97961        0.77154       10.95972
H         -1.56606       -0.18615       11.26084
H         -3.05893        0.70461       11.05736
H         -1.63227        1.51382       11.67140
C          0.43722        1.30901        9.07933
H          0.91012        0.34270        9.23228
H          0.83093        1.99229        9.82598
H          0.74958        1.68279        8.10759
C         -4.48463        4.97547       10.83103
H         -5.43078        5.46928       11.03415
H         -3.69536        5.70743       10.97344
H         -4.35432        4.20207       11.58216
C         -5.82129        2.92298        8.94613
H         -6.78085        3.32804        9.25395
H         -5.61087        2.06869        9.58285
H         -5.93333        2.55677        7.93048
C         -4.81364        5.62885        7.80829
H         -4.54693        5.30946        6.80323
H         -4.22859        6.51623        8.03175
H         -5.86089        5.91794        7.79961
