37
CSD_code = WOHMUC | q = 0 | S = 0 | Stoichiometry = C15H18Cl2SiTi | MND = 12
Ti        -0.02311        2.68693        2.07450
Cl         0.30132        2.94484       -0.08356
Cl        -2.08563        1.94710        1.76559
Si         2.84483        3.69960        2.81157
C          1.11020        4.42613        3.05475
C          0.15939        3.84602        3.96327
C         -1.13296        4.19516        3.51496
C         -1.00039        4.96141        2.33557
C          0.37020        5.10051        2.05937
C          2.00744        2.00019        2.90188
C          0.94435        1.71987        3.82763
C          0.16773        0.67184        3.28766
C          0.71727        0.31338        2.03642
C          1.84037        1.12571        1.80622
C          0.49179        2.69628        4.90359
C          1.55258        3.02015        5.95550
C         -0.76180        2.18803        5.62517
C          4.24920        4.14852        4.02916
C          3.48253        4.04253        1.04925
H         -2.07134        4.00213        4.01668
H         -1.81327        5.42171        1.78847
H          0.79313        5.68173        1.25094
H         -0.65174        0.15374        3.76687
H          0.37463       -0.49763        1.40644
H          2.50631        1.05243        0.95691
H          1.76757        2.13075        6.54504
H          1.18348        3.79764        6.62193
H          2.47320        3.36264        5.50164
H         -1.55639        1.94195        4.92084
H         -0.51967        1.29753        6.20234
H         -1.12713        2.95023        6.31095
H          3.96315        4.93108        4.72375
H          4.59076        3.29306        4.60205
H          5.09666        4.51522        3.46077
H          3.75585        5.08732        0.93607
H          2.73507        3.80535        0.29628
H          4.37072        3.45352        0.84114
