89
CSD_code = WOJFIN | q = 0 | S = 0 | Stoichiometry = C27H53BNO3PSi2W | MND = 6
W         13.53068        4.34178        5.09462
H         13.78643        6.16708        5.19343
P         13.53623        4.29655        7.59561
O         16.41613        3.28608        4.68876
C         13.05813        2.45129        4.96485
H         11.81784        5.40895        5.23484
O         12.75061        1.35098        4.82180
C         13.45719        4.39502        3.13491
O         13.41562        4.43062        1.98624
C         15.34140        3.64816        4.88757
B         12.60368        6.27832        4.86372
Si        13.31711        8.67737        3.72338
Si        10.39405        7.53813        3.95521
N         12.14887        7.44154        4.24642
C         12.92199        9.21925        1.94310
H         12.46099        8.42009        1.37172
H         13.83394        9.50474        1.42852
H         12.25852       10.07592        1.91831
C         15.08993        7.97949        3.72773
H         15.48250        7.83800        4.73034
H         15.76467        8.65917        3.21522
H         15.14094        7.02019        3.21873
C         13.20651       10.10974        4.98315
H         13.86376       10.92293        4.69198
H         13.50102        9.79331        5.98017
H         12.20079       10.51165        5.05507
C          9.94618        6.14911        2.73174
H          8.87245        6.06897        2.59168
H         10.30853        5.18518        3.07998
H         10.39188        6.32284        1.75600
C          9.83914        9.22157        3.27591
H         10.03558        9.31279        2.21480
H         10.31177       10.05795        3.77706
H          8.76762        9.32082        3.41392
C          9.53871        7.28841        5.64793
H          8.47101        7.47119        5.57379
H          9.93567        7.96357        6.40199
H          9.66734        6.27416        6.01374
C         14.20294        2.79863        8.50808
H         13.32314        2.15143        8.62745
C         14.82036        3.03340        9.88807
H         15.74373        3.60710        9.78792
H         14.14242        3.58662       10.53967
C         15.15324        1.69150       10.54041
H         15.57972        1.86304       11.53161
H         14.23650        1.11040       10.66808
C         16.13509        0.90558        9.67834
H         17.07423        1.45867        9.60412
H         16.35077       -0.05841       10.14348
C         15.55914        0.69724        8.28155
H         14.66107        0.07843        8.34689
H         16.28042        0.17164        7.65396
C         15.20363        2.03532        7.63910
H         14.77530        1.86387        6.65015
H         16.11200        2.62717        7.50899
C         14.39537        5.74380        8.41447
H         14.49976        5.55144        9.48770
C         13.63763        7.06044        8.23634
H         13.44607        7.24371        7.17485
H         12.67362        7.01502        8.74835
C         14.44102        8.22757        8.80899
H         13.88973        9.15953        8.66066
H         14.56751        8.08581        9.88567
C         15.81354        8.32004        8.15146
H         16.37498        9.15474        8.57639
H         15.69351        8.50831        7.08161
C         16.57727        7.01609        8.35588
H         17.55355        7.07298        7.87044
H         16.74407        6.85919        9.42498
C         15.78642        5.84388        7.78417
H         16.33469        4.91319        7.94774
H         15.68304        5.96795        6.70065
C         11.79021        4.41618        8.25656
H         11.42730        5.38686        7.88585
C         10.92561        3.33100        7.61080
H         11.05294        3.34935        6.52216
H         11.24155        2.34463        7.95910
C          9.45534        3.53613        7.96695
H          9.10981        4.49103        7.56153
H          8.85255        2.74592        7.51503
C          9.26561        3.53607        9.48111
H          9.53995        2.55684        9.88029
H          8.21647        3.71420        9.72582
C         10.13976        4.60702       10.12648
H         10.01472        4.58615       11.21149
H          9.82605        5.59301        9.77361
C         11.60972        4.38175        9.77297
H         12.22063        5.14954       10.25317
H         11.91498        3.40807       10.15985
