84
CSD_code = WUBLOU | q = 0 | S = 0 | Stoichiometry = C26H47O5P3Si2W | MND = 6
W          1.49505        3.52750        3.53142
P          0.50624        5.00449        8.36526
P         -1.13970        6.05997        7.37387
P          0.87060        5.19837        5.30935
Si         0.97627        1.99757        9.01352
Si        -2.00984        3.14089        8.53974
O          2.26474        1.27195        1.51689
O         -0.25901        4.52621        1.13028
O          3.82850        5.22066        2.28112
O          3.52183        2.04614        5.40711
O         -0.78000        1.65177        4.61971
C          1.97768        2.10239        2.24938
C          0.31758        4.24241        2.07528
C          2.97608        4.64427        2.77758
C          2.76420        2.65362        4.80130
C          0.03063        2.36041        4.23435
C          1.73212        5.02919        6.93812
H          2.19210        4.03255        6.94245
C         -0.48500        6.14198        5.67850
C          2.87830        6.06371        7.07178
C          2.32524        7.47751        7.21248
H          1.64537        7.70460        6.39171
H          3.13458        8.20465        7.19883
H          1.79086        7.57625        8.15443
C          3.77348        6.00175        5.83118
H          4.09862        4.98124        5.63204
H          4.65820        6.61884        5.97673
H          3.24147        6.37753        4.95530
C          3.71942        5.73604        8.30547
H          4.26179        4.80488        8.16402
H          3.08328        5.64591        9.18534
H          4.44339        6.52786        8.48647
C         -1.35004        6.69559        4.55961
C         -2.17940        5.56618        3.93698
H         -2.70239        5.92587        3.05306
H         -2.91552        5.20718        4.65184
H         -1.54068        4.73120        3.64906
C         -0.44740        7.33017        3.49628
H          0.14483        8.13376        3.93250
H         -1.04756        7.74604        2.68951
H          0.23436        6.59211        3.07232
C         -2.31523        7.76207        5.07804
H         -1.77624        8.61861        5.47536
H         -2.94863        7.34597        5.85978
H         -2.95427        8.10769        4.26799
C         -0.13523        3.26975        8.08204
H         -0.05342        3.07596        7.00547
C         -3.10244        3.48566        7.00600
H         -2.51644        3.43201        6.09361
H         -3.56576        4.46632        7.04591
H         -3.89521        2.74825        6.92707
C         -2.56517        1.40156        9.08845
H         -2.00457        1.01250        9.92878
H         -2.48720        0.69066        8.27370
H         -3.60895        1.44136        9.38348
C         -2.37322        4.33101        9.98904
H         -2.12491        3.87549       10.94190
H         -3.42276        4.60573       10.01973
H         -1.79119        5.24565        9.90215
C          2.86289        2.24749        8.85839
H          3.21808        2.19718        7.83474
H          3.37106        1.45865        9.40607
H          3.17882        3.19153        9.28654
C          0.62806        2.17270       10.88090
H         -0.36898        1.84653       11.15140
H          0.72754        3.20926       11.18993
H          1.33362        1.58708       11.46128
C          0.64481        0.25353        8.31717
H          0.65430        0.25811        7.23096
H         -0.30940       -0.14783        8.63353
H          1.41482       -0.43735        8.64543
C         -0.95886        7.76553        8.14833
H         -0.27083        7.65872        8.99206
H         -0.52621        8.47026        7.43747
C         -2.29505        8.28469        8.67140
H         -2.99641        8.41780        7.84569
H         -2.72635        7.54828        9.35395
C         -2.12946        9.61564        9.40198
H         -1.43899        9.48551       10.23871
H         -1.68902       10.34809        8.72084
C         -3.46069       10.14406        9.92136
H         -3.32197       11.09152       10.43651
H         -3.90563        9.43630       10.61724
H         -4.15637       10.29871        9.09944
