76
CSD_code = WUBVOE | q = 0 | S = 0 | Stoichiometry = C24H45ClN4SiZr | MND = 5
C          7.46866        8.19235        1.77158
C          8.47343        8.50078        0.82354
H          9.49684        8.29250        1.09940
C          8.17604        9.06741       -0.39082
H          8.97176        9.30076       -1.08343
C          6.85418        9.34266       -0.73875
H          6.62059        9.77225       -1.70053
C          5.85205        9.09766        0.17243
H          4.83824        9.37711       -0.07839
C          6.12268        8.56738        1.44017
C          5.04808        8.45648        2.41863
C          3.67300        8.09144        1.91052
H          3.73244        7.70912        0.89622
H          3.00872        8.95579        1.92447
H          3.23815        7.31637        2.53987
C          4.29132        8.81851        4.67401
H          3.29489        8.54597        4.29791
C          4.26985       10.29285        5.11191
H          5.29990       10.57791        5.36622
H          3.94437       10.91379        4.27274
C          3.34398       10.51391        6.30475
H          2.31319       10.28481        6.02032
H          3.38169       11.56340        6.60113
C          3.75602        9.62238        7.46977
H          4.77688        9.86691        7.76800
H          3.09689        9.79209        8.32317
C          3.69569        8.16186        7.04021
H          3.98022        7.51339        7.87024
H          2.67070        7.90804        6.75541
C          4.63965        7.91987        5.86541
H          5.67111        8.15316        6.16557
H          4.57717        6.87380        5.55762
C          9.42906        5.58226        1.25234
H          9.62641        4.51564        1.23122
H         10.36513        6.08495        1.03212
H          8.73704        5.80748        0.44645
C         10.21156        6.17349        4.16605
H         11.02176        5.55637        3.79120
H          9.95664        5.80330        5.15350
H         10.59102        7.18495        4.27489
C          7.48307        4.72556        3.50244
C          6.34740        4.63099        2.48247
H          6.73204        4.36211        1.50186
H          5.83858        5.59010        2.39764
H          5.61802        3.87634        2.78070
C          8.17281        3.36918        3.61138
H          8.54659        3.04515        2.64408
H          7.47749        2.61176        3.97491
H          9.01245        3.41963        4.29977
C          6.87897        5.08116        4.86011
H          6.50070        6.10439        4.83451
H          7.62688        5.00231        5.64628
H          6.05985        4.40504        5.11121
C          8.44914        8.18758        6.51041
H          8.24472        7.27508        5.94117
H          8.30825        7.97173        7.58546
H          9.51116        8.47053        6.37011
C          7.87497       10.46263        6.79331
H          7.22399       11.28242        6.47181
H          8.93205       10.75970        6.63774
H          7.73956       10.32066        7.88067
C          8.14029       12.23621        3.73073
H          8.72374       12.02345        4.62964
H          7.74574       13.26538        3.81280
H          8.82443       12.21832        2.85850
C          6.33240       11.62802        2.37444
H          5.40751       11.05046        2.28780
H          6.94089       11.46809        1.45711
H          6.05164       12.69710        2.38356
Cl         9.80076        9.60806        3.78413
N          5.31940        8.70242        3.65567
N          7.72371        7.52041        2.92286
N          7.54517        9.24275        6.07926
N          7.04939       11.28759        3.58467
Si         8.72615        6.11829        2.95717
Zr         7.45888        9.32785        4.04565
