140
CSD_code = WUVPIN | q = 0 | S = 0 | Stoichiometry = C72H45BF15FeN2P3Si | MND = 5
Fe        -2.00039        4.33112        5.72499
P         -1.78737        2.16231        5.98582
P         -4.00041        4.77499        6.49002
P         -1.81774        6.18825        4.55267
Si        -3.02467        3.71815        3.85376
N         -1.11007        4.90445        7.50956
H         -1.18703        5.90887        7.72860
H         -1.56665        4.41983        8.28134
N          0.24562        4.45148        7.50387
H          0.71492        4.88080        6.71576
B          1.02631        4.60723        8.82921
C         -3.29002        1.84246        3.73821
C         -2.81159        1.14997        4.85172
C         -3.06927       -0.20498        4.99763
H         -2.72831       -0.74100        5.87137
C         -3.78733       -0.87254        4.01890
H         -3.99149       -1.92727        4.13190
C         -4.24172       -0.19536        2.89923
H         -4.79763       -0.72363        2.13855
C         -3.99837        1.16170        2.76644
H         -4.37133        1.69762        1.90709
C         -4.81493        4.41549        3.91697
C         -5.22369        4.90946        5.15162
C         -6.52342        5.36553        5.34809
H         -6.84438        5.69009        6.32913
C         -7.39982        5.39371        4.27950
H         -8.40788        5.75605        4.41908
C         -6.98647        4.95388        3.03016
H         -7.67217        4.98822        2.19602
C         -5.70736        4.45568        2.85572
H         -5.39416        4.09945        1.88548
C         -2.45441        4.71432        2.34399
C         -2.08289        5.99197        2.75308
C         -1.75616        6.96922        1.82317
H         -1.45297        7.95582        2.14705
C         -1.81707        6.66461        0.47448
H         -1.56808        7.41909       -0.25732
C         -2.17787        5.39131        0.06071
H         -2.20964        5.15984       -0.99406
C         -2.49850        4.41950        0.99433
H         -2.77707        3.42682        0.67225
C         -0.13560        1.75016        5.31188
C          0.05751        1.52580        3.95163
H         -0.77782        1.58394        3.26638
C          1.32002        1.21997        3.47560
H          1.46423        1.04427        2.41936
C          2.39335        1.13185        4.34785
H          3.37469        0.88231        3.97278
C          2.20739        1.37361        5.69919
H          3.03978        1.31581        6.38377
C          0.95252        1.69745        6.17842
H          0.80874        1.91865        7.22495
C         -1.80393        1.15518        7.51053
C         -1.15461       -0.07551        7.60183
H         -0.51204       -0.40994        6.79916
C         -1.32413       -0.86709        8.72283
H         -0.81178       -1.81550        8.79072
C         -2.16329       -0.45889        9.74796
H         -2.31422       -1.09368       10.60792
C         -2.79664        0.77003        9.67155
H         -3.45047        1.09572       10.46648
C         -2.59544        1.58177        8.56976
H         -3.06985        2.55112        8.51660
C         -4.99429        3.62228        7.51354
C         -5.21725        2.37593        6.92849
H         -4.80171        2.17492        5.94939
C         -5.95123        1.41209        7.58819
H         -6.11178        0.44902        7.12668
C         -6.47816        1.68503        8.84175
H         -7.04701        0.93158        9.36546
C         -6.27936        2.92746        9.41779
H         -6.69725        3.14603       10.38935
C         -5.54298        3.89915        8.75951
H         -5.40320        4.86557        9.22062
C         -4.15991        6.34917        7.40808
C         -4.75938        7.47844        6.85937
H         -5.20077        7.43111        5.87527
C         -4.80143        8.66365        7.57196
H         -5.29056        9.52527        7.14293
C         -4.21790        8.75054        8.82459
H         -4.24403        9.68013        9.37249
C         -3.60559        7.63649        9.37442
H         -3.15485        7.68963       10.35461
C         -3.58174        6.44397        8.67526
H         -3.13692        5.57351        9.13385
C         -2.35687        7.89084        4.87537
C         -3.38269        8.47424        4.13797
H         -3.86903        7.90639        3.35536
C         -3.76653        9.77616        4.40339
H         -4.55191       10.23335        3.81904
C         -3.14510       10.49416        5.41268
H         -3.43904       11.51468        5.60811
C         -2.15043        9.90357        6.17621
H         -1.67021       10.45904        6.96732
C         -1.76455        8.60359        5.91408
H         -0.98343        8.13660        6.49520
C         -0.00877        6.32067        4.36677
C          0.73879        7.48038        4.21384
H          0.28389        8.45013        4.35409
C          2.08042        7.38375        3.88694
H          2.66775        8.28410        3.78248
C          2.66683        6.14682        3.67528
H          3.70880        6.08355        3.40100
C          1.92110        4.98725        3.81916
H          2.37435        4.02134        3.66137
C          0.59347        5.07631        4.18474
H         -0.00969        4.17471        4.31323
C          0.59261        3.35729        9.81182
C         -0.58400        3.34177       10.55204
C         -0.92508        2.34478       11.45405
C         -0.09277        1.24521       11.60175
C          1.05770        1.17753       10.82998
C          1.38013        2.22115        9.96869
C          0.71909        6.09561        9.51295
C          0.77212        7.21980        8.69208
C          0.51795        8.51557        9.12305
C          0.20803        8.74201       10.45582
C          0.19284        7.65963       11.32455
C          0.45247        6.37486       10.85189
C          2.65579        4.60905        8.62974
C          3.47445        4.82207        9.73832
C          4.86177        4.86632        9.67894
C          5.50554        4.69044        8.46077
C          4.73011        4.46706        7.33375
C          3.34300        4.42873        7.43735
F         -1.48161        4.34237       10.40300
F         -2.05894        2.43382       12.16175
F         -0.41033        0.25732       12.44461
F          1.85492        0.10462       10.91345
F          2.51005        2.06536        9.25458
F          1.08806        7.07620        7.38483
F          0.56363        9.53984        8.25580
F         -0.06349        9.97726       10.89091
F         -0.08130        7.85405       12.61922
F          0.43901        5.40646       11.77442
F          2.92477        4.98709       10.95190
F          5.57792        5.08141       10.78936
F          6.83917        4.73398        8.37814
F          5.31220        4.28534        6.13865
F          2.68190        4.19050        6.29483
