114
CSD_code = WUVPUZ | q = 0 | S = 0 | Stoichiometry = C60H47FeN2P3Si | MND = 5
Fe         2.93599        1.09908        4.35588
P          2.63876       -1.04175        4.17653
P          2.90223        2.09495        6.27982
P          4.24461        1.94420        2.85363
Si         4.90178        0.37181        5.17893
N          1.47283        1.52757        3.84409
N          0.43786        1.89840        3.37466
C          1.02977       -1.77121        4.65550
C          0.78662       -1.77639        6.02928
H          1.55125       -1.39986        6.69795
C         -0.40680       -2.25546        6.53005
H         -0.57872       -2.25848        7.59676
C         -1.38136       -2.72187        5.66108
H         -2.32026       -3.09116        6.04746
C         -1.14819       -2.71635        4.29702
H         -1.90554       -3.08184        3.61826
C          0.05229       -2.24747        3.79052
H          0.22466       -2.26278        2.72389
C          2.83472       -1.70159        2.49173
C          2.00276       -1.15512        1.51499
H          1.31384       -0.36460        1.79086
C          2.06669       -1.60779        0.21258
H          1.40000       -1.20106       -0.53411
C          2.99604       -2.57609       -0.13535
H          3.05103       -2.92914       -1.15495
C          3.86360       -3.07909        0.81916
H          4.60351       -3.81624        0.54118
C          3.78361       -2.65070        2.13301
H          4.45679       -3.05128        2.87845
C          3.73373       -2.10863        5.16066
C          3.51485       -3.46201        5.38649
H          2.66078       -3.95862        4.94422
C          4.40027       -4.16119        6.18725
H          4.24046       -5.21372        6.37414
C          5.48717       -3.51454        6.75789
H          6.16624       -4.06754        7.39156
C          5.70399       -2.16743        6.51928
H          6.54749       -1.66375        6.96864
C          4.83018       -1.45585        5.71727
C          2.04581        1.19666        7.61785
C          0.66370        1.31930        7.74661
H          0.13010        2.01916        7.11539
C         -0.01811        0.56161        8.67889
H         -1.08911        0.66856        8.77759
C          0.66973       -0.33468        9.48224
H          0.13721       -0.92401       10.21493
C          2.04093       -0.47837        9.34213
H          2.57708       -1.18482        9.95981
C          2.72862        0.27783        8.41021
H          3.79793        0.15738        8.29313
C          2.10866        3.73321        6.42704
C          1.69403        4.27722        7.64149
H          1.77888        3.69811        8.55172
C          1.14894        5.54704        7.67761
H          0.82881        5.96639        8.62104
C          1.00806        6.28191        6.51061
H          0.58185        7.27397        6.54720
C          1.40288        5.73989        5.29924
H          1.28492        6.30571        4.38630
C          1.94866        4.47036        5.25927
H          2.25394        4.03016        4.31702
C          4.52411        2.34440        7.08591
C          4.81292        3.27557        8.07283
H          4.06056        3.97124        8.41557
C          6.09090        3.32314        8.60439
H          6.32546        4.05033        9.36889
C          7.06892        2.44909        8.15765
H          8.06403        2.49641        8.57659
C          6.77638        1.52722        7.16578
H          7.54272        0.86032        6.80001
C          5.50730        1.46887        6.62155
C          3.65341        1.76031        1.14259
C          2.52095        2.49704        0.79518
H          2.08467        3.16523        1.52851
C          1.97350        2.37936       -0.46628
H          1.10038        2.95720       -0.73469
C          2.54895        1.52071       -1.39133
H          2.12860        1.43597       -2.38323
C          3.65387        0.76401       -1.04029
H          4.09203        0.08251       -1.75543
C          4.19929        0.86888        0.22739
H          5.04666        0.25738        0.50548
C          4.68806        3.72351        2.86756
C          4.83678        4.51120        1.73129
H          4.63179        4.10153        0.75176
C          5.23449        5.83072        1.85730
H          5.34116        6.44246        0.97258
C          5.49647        6.36982        3.10590
H          5.80381        7.40165        3.19473
C          5.36300        5.58463        4.24001
H          5.56691        5.99740        5.21750
C          4.96189        4.26943        4.11767
H          4.84197        3.64680        4.99836
C          5.94500        1.29797        2.79284
C          6.29212        0.48864        3.87135
C          7.55873       -0.06714        3.91476
H          7.82758       -0.71723        4.73449
C          8.47181        0.20016        2.90893
H          9.45849       -0.24004        2.94266
C          8.13174        1.04444        1.86168
H          8.85631        1.26601        1.09079
C          6.86745        1.60135        1.79887
H          6.59979        2.26411        0.98664
C         -0.87401        1.70764        3.69524
C         -1.85179        2.32947        2.91434
H         -1.54753        2.94921        2.08415
C         -3.18535        2.14317        3.21301
H         -3.94090        2.62517        2.60940
C         -3.56224        1.34270        4.28160
H         -4.60841        1.20096        4.50832
C         -2.59257        0.72569        5.05711
H         -2.87838        0.09816        5.88920
C         -1.25547        0.90182        4.77435
H         -0.49087        0.42272        5.36876
