77
CSD_code = WUZDIE | q = 0 | S = 0 | Stoichiometry = C32H26Cl2F10N2O2Si2Ti | MND = 6
Ti         1.42977       -0.89880       12.11483
Cl         0.12002       -0.75460       13.92266
Cl         1.20305       -3.10949       11.85455
Si        -2.38685       -1.89373       10.28022
Si         3.52180       -2.21948       15.69132
F          1.28780        2.84621       14.83219
F          3.47433        3.64456       16.19668
F          5.97210        3.00893       15.30608
F          6.25741        1.58800       12.98334
F          4.05167        0.85851       11.56242
F          2.69340       -3.13189        8.26373
F          1.48764       -2.60567        5.90768
F          0.32220       -0.18175        5.45860
F          0.41864        1.74478        7.40163
F          1.70958        1.24006        9.74602
O          0.10293       -0.48449       11.05606
O          2.91209       -1.10485       13.01577
N          1.54153        1.32518       12.44643
N          2.76624       -1.17764       10.32426
C         -0.88494        0.35599       11.09820
C         -2.15541       -0.03159       10.62095
C         -3.16622        0.90326       10.58611
C         -2.97132        2.22394       11.00418
C         -1.76304        2.59738       11.52612
C         -0.69700        1.67560       11.61391
C         -2.31527       -2.78704       11.95856
C         -4.10959       -2.11060        9.48853
C         -1.08520       -2.53633        9.04271
C          0.50823        2.08336       12.22857
C          2.61519        1.81640       13.15753
C          2.49950        2.55154       14.34950
C          3.61998        2.95062       15.06850
C          4.89696        2.62864       14.61502
C          5.04116        1.90336       13.43388
C          3.91373        1.52018       12.72687
C          3.95496       -1.87132       12.92173
C          4.54282       -2.40031       14.09070
C          5.70406       -3.13231       13.97824
C          6.31898       -3.36434       12.74338
C          5.72691       -2.91076       11.59631
C          4.52143       -2.17724       11.64574
C          3.09935       -0.39178       16.03722
C          1.97478       -3.31051       15.50050
C          4.60773       -2.85429       17.12628
C          3.90746       -1.79049       10.43315
C          2.22308       -0.95406        9.07742
C          2.16354       -1.92125        8.05989
C          1.52845       -1.66487        6.85044
C          0.93368       -0.42712        6.61795
C          0.98111        0.55211        7.60834
C          1.62376        0.28121        8.80467
H         -4.13847        0.60496       10.22498
H         -3.78198        2.93318       10.94086
H         -1.61092        3.59905       11.90073
H          0.55345        3.13713       12.51870
H         -1.43682       -2.48004       12.52444
H         -3.18990       -2.57011       12.56656
H         -2.25711       -3.86396       11.82938
H         -4.27701       -3.15336        9.24336
H         -4.21326       -1.54087        8.57081
H         -4.90444       -1.80736       10.16145
H         -0.98257       -1.87496        8.18645
H         -1.36033       -3.51815        8.67035
H         -0.11726       -2.62922        9.52828
H          6.15117       -3.53924       14.87223
H          7.24023       -3.92424       12.69823
H          6.16124       -3.12489       10.63074
H          4.47298       -2.02276        9.52599
H          2.74183       -0.26518       17.05438
H          3.96496        0.25267       15.90840
H          2.31189       -0.05422       15.36834
H          1.48427       -3.12467       14.54591
H          2.22111       -4.36852       15.54275
H          1.24935       -3.10494       16.28235
H          4.85445       -3.90443       17.01263
H          4.07892       -2.74879       18.06690
H          5.53682       -2.30025       17.21251
