51
CSD_code = XADVII | q = 0 | S = 0 | Stoichiometry = C21H22CrO4P2Si | MND = 6
Cr         3.76255        7.35663        1.49953
C          2.79892        6.05613        0.62880
O          2.25610        5.17474        0.11173
C          4.89971        6.01846        2.04193
O          5.55858        5.11520        2.34012
C          4.79015        7.57186       -0.03065
O          5.43272        7.57081       -0.99139
C          2.75449        6.93802        2.99250
O          2.14897        6.51310        3.88237
P          2.60589        9.33363        0.88910
C          1.91897        9.78808       -0.73849
C          1.52725        8.74987       -1.57635
H          1.62888        7.72916       -1.22771
C          1.02356        9.02661       -2.83491
H          0.71812        8.21959       -3.48399
C          0.91901       10.34005       -3.26253
H          0.53046       10.55829       -4.24618
C          1.31777       11.37754       -2.43372
H          1.24121       12.40016       -2.77395
C          1.81671       11.10583       -1.17379
H          2.13338       11.91570       -0.52946
C          4.10780       10.40851        1.06447
H          3.92898       11.44662        1.36039
H          4.71413       10.35724        0.15416
P          4.81875        9.29362        2.36586
C          6.59722        9.69848        2.37882
C          7.07515       11.00386        2.31603
H          6.38162       11.83387        2.27784
C          8.43722       11.23751        2.29403
H          8.80936       12.25052        2.24136
C          9.32617       10.17424        2.33559
H         10.38932       10.36279        2.31716
C          8.85450        8.87307        2.39356
H          9.54811        8.04599        2.41964
C          7.49180        8.63443        2.41028
H          7.10225        7.62401        2.44247
C          1.49269       10.21831        2.04658
H          0.60903        9.58806        2.17267
H          1.17049       11.14967        1.57278
C          4.20406       10.17394        3.85190
H          4.78729       11.09050        3.97676
H          4.41471        9.52794        4.70759
Si         2.32190       10.56091        3.74893
C          1.40210        9.60169        5.10762
H          1.47013        8.52637        4.97928
H          0.34979        9.86697        5.11591
H          1.80634        9.84344        6.08534
C          2.16227       12.44555        4.03503
H          2.67376       13.03804        3.28146
H          2.57335       12.72026        5.00050
H          1.11951       12.74420        4.03252
