116
CSD_code = XAMTOW | q = 0 | S = 0 | Stoichiometry = C45H66IrNP2Si | MND = 5
Ir         5.99682        4.14941        6.28199
H          6.23771        3.59677        7.71783
P          7.38023        2.44383        5.56427
P          4.47613        5.50641        7.37174
Si         4.31667        2.51629        6.36994
N          6.36033        5.20078        4.55422
H          7.38066        5.19655        4.53954
C          2.97570        2.11431        5.02727
H          3.40037        2.01212        4.03585
H          2.20481        2.87583        4.98704
H          2.49449        1.17419        5.27872
C          5.91315        6.37593        4.03328
C          6.70948        7.54929        4.04824
C          6.20895        8.73436        3.54374
H          6.82551        9.62380        3.58197
C          4.94172        8.80528        2.99257
H          4.56201        9.74088        2.60831
C          4.18223        7.64925        2.91167
H          3.21229        7.68149        2.43043
C          4.64374        6.44663        3.40988
C          8.10351        7.50855        4.61344
H          8.76350        6.89647        3.99148
H          8.11355        7.09168        5.62325
H          8.52388        8.51114        4.65874
C          3.84304        5.19127        3.22886
H          2.81528        5.41614        2.95187
H          3.85340        4.60019        4.14167
H          4.28400        4.58553        2.43509
C          5.29978        0.86479        6.49911
C          6.65013        0.86461        6.13274
C          7.39178       -0.30909        6.21036
H          8.44133       -0.31283        5.95354
C          6.80028       -1.48753        6.63205
H          7.38598       -2.39372        6.69216
C          5.46004       -1.49889        6.97562
H          4.99314       -2.41696        7.30224
C          4.72360       -0.32826        6.90630
H          3.67953       -0.34443        7.17975
C          3.24776        3.06204        7.87822
C          3.31957        4.40346        8.26480
C          2.51937        4.87861        9.29697
H          2.56942        5.91948        9.58622
C          1.65554        4.02719        9.96325
H          1.04048        4.40112       10.76936
C          1.58363        2.69601        9.59072
H          0.91152        2.02652       10.10807
C          2.36987        2.22685        8.55170
H          2.29774        1.18965        8.26210
C          7.62595        2.16219        3.73480
H          8.11380        3.07377        3.36389
C          6.23528        2.07931        3.10953
H          5.66659        2.96205        3.40522
H          5.72289        1.19437        3.49852
C          6.32307        1.99672        1.58915
H          5.32029        1.91406        1.16464
H          6.77439        2.91340        1.20199
C          7.16759        0.79815        1.16897
H          7.25179        0.75986        0.08089
H          6.68045       -0.12191        1.50081
C          8.55534        0.88787        1.79480
H          9.15342        0.02125        1.50352
H          9.06221        1.78258        1.42437
C          8.45719        0.95191        3.31905
H          9.46543        1.00339        3.73610
H          7.97757        0.04020        3.68100
C          9.11657        2.40570        6.24259
H          9.67932        1.58010        5.79166
C          9.09173        2.22510        7.75863
H          8.61606        1.27617        8.01546
H          8.48865        3.02097        8.20129
C         10.50598        2.27663        8.33022
H         10.46873        2.15642        9.41479
H         11.09520        1.45048        7.92338
C         11.17847        3.59949        7.97521
H         12.19468        3.62309        8.37424
H         10.62126        4.42123        8.43127
C         11.20933        3.78810        6.46170
H         11.81727        2.99964        6.01007
H         11.67001        4.74703        6.21298
C          9.79676        3.72835        5.88828
H          9.83561        3.85698        4.80248
H          9.20559        4.54974        6.30704
C          5.26396        6.50511        8.73603
H          4.54750        7.24118        9.11531
C          5.73869        5.64711        9.90617
H          4.89262        5.13620       10.36953
H          6.42215        4.87931        9.53969
C          6.45142        6.51758       10.93911
H          5.75205        7.25699       11.33821
H          6.78997        5.89662       11.77112
C          7.64114        7.23746       10.31050
H          8.36638        6.49724        9.96404
H          8.13491        7.86571       11.05504
C          7.18392        8.08909        9.12980
H          8.04328        8.57662        8.66334
H          6.51034        8.87304        9.48579
C          6.45750        7.22351        8.10688
H          6.13293        7.83041        7.25586
H          7.14648        6.45936        7.72724
C          3.32869        6.73124        6.52153
H          3.85001        6.96248        5.58317
C          2.01019        6.04074        6.16950
H          2.21408        5.08220        5.68861
H          1.44429        5.83808        7.08235
C          1.17436        6.92740        5.25142
H          1.72028        7.10337        4.32429
H          0.23589        6.42508        5.00570
C          0.89300        8.26558        5.92545
H          0.29787        8.10231        6.82781
H          0.31710        8.90888        5.25704
C          2.20561        8.94600        6.29689
H          2.00597        9.90087        6.78924
H          2.77883        9.14767        5.38911
C          3.03707        8.05728        7.22238
H          3.96202        8.58341        7.46434
H          2.47852        7.88590        8.14626
