68
CSD_code = XEVMAN | q = 1 | S = 0 | Stoichiometry = C21H42FeP3Si(1+) | MND = 8
Fe         2.56801        4.03679        0.62842
P          3.44559        3.05020        2.31507
P          4.52099        4.76677        0.12573
P          2.29248        5.83005        1.79040
Si        -0.72337        2.36980        1.45104
C          0.71384        3.04350        0.42731
C          0.68521        4.27969       -0.27197
H         -0.06081        5.04059       -0.13567
C          1.70478        4.29984       -1.24351
H          1.85856        5.06227       -1.98723
C          2.35489        3.03594       -1.19922
H          3.10052        2.68816       -1.89265
C          1.74750        2.27621       -0.18710
H          1.94905        1.24174        0.02134
C         -1.34752        3.69885        2.66719
H         -0.81492        3.67541        3.61283
H         -2.39588        3.53201        2.89092
H         -1.26295        4.69984        2.25565
C         -2.06820        1.95499        0.16880
H         -2.39013        2.83815       -0.37516
H         -2.94300        1.53089        0.65194
H         -1.71546        1.23249       -0.56134
C         -0.21775        0.80559        2.41082
H          0.19937        0.04819        1.75458
H         -1.09256        0.36955        2.88232
H          0.50340        1.00482        3.19791
C          5.21826        3.56248        2.53756
H          5.25248        4.39255        3.24609
H          5.78059        2.73557        2.97973
C          5.81453        3.98409        1.19619
H          6.16058        3.10539        0.64455
H          6.66471        4.65841        1.33176
C          4.62634        6.55774        0.56059
H          5.66365        6.89700        0.61811
H          4.12174        7.10179       -0.24443
C          3.88940        6.76480        1.87801
H          3.70972        7.82157        2.08253
H          4.48021        6.36259        2.70344
C          1.77700        5.69447        3.54795
H          1.74867        6.69943        3.98034
H          0.75693        5.30233        3.52532
C          2.65322        4.79842        4.41922
H          2.25544        4.82568        5.43776
H          3.66513        5.20515        4.47065
C          2.69900        3.33963        3.96965
H          1.68143        2.94281        3.90375
H          3.25274        2.74937        4.70726
C          3.59891        1.21982        2.31102
H          4.00386        0.89466        3.27408
H          2.58984        0.81671        2.21528
C          4.48346        0.74305        1.16348
H          4.26054        1.30032        0.25401
H          4.32280       -0.31480        0.97021
H          5.53572        0.87865        1.39951
C          5.25344        4.67785       -1.55327
H          5.35048        3.61290       -1.78670
H          4.51136        5.09900       -2.23791
C          6.59679        5.37779       -1.72905
H          6.50497        6.45063       -1.58381
H          6.96271        5.20788       -2.73923
H          7.33808        4.99084       -1.03460
C          1.10462        7.09036        1.15129
H          1.21498        7.09745        0.06334
H          0.11350        6.68844        1.38077
C          1.21280        8.51271        1.69184
H          1.25123        8.53246        2.77805
H          0.33684        9.07789        1.38080
H          2.08690        9.02529        1.29922
