83
CSD_code = XIJDEA | q = 1 | S = 0 | Stoichiometry = C34H44N2NbSi2(1+) | MND = 12
Nb         8.07877       13.73245        5.02068
Si         5.61825       14.75815        7.80010
Si         9.81199       11.96169        2.07176
N          9.48958       15.27830        7.47451
N         10.09122       15.65115        3.38541
C          8.98894       14.70037        6.57650
C          9.34780       14.96014        3.98736
C          6.22056       16.46590        8.39464
H          7.27287       16.63213        8.18553
H          6.07911       16.56174        9.46589
H          5.65619       17.26531        7.92451
C          6.52061       13.35074        8.72872
H          7.56734       13.27920        8.43798
H          6.05240       12.38862        8.53964
H          6.48327       13.51243        9.80128
C          3.73084       14.58411        7.98052
H          3.37287       13.62050        7.63036
H          3.20368       15.35205        7.42240
H          3.44158       14.67992        9.02179
C         11.58515       12.66078        2.06010
H         11.65436       13.63264        2.53918
H         11.93865       12.77099        1.04046
H         12.27284       11.99040        2.56629
C          8.62506       13.07448        1.06652
H          7.66765       12.58644        0.90573
H          9.03672       13.28821        0.08532
H          8.43949       14.02431        1.56533
C          9.76730       10.17062        1.42744
H         10.40196        9.51757        2.01894
H         10.12120       10.13008        0.40265
H          8.76434        9.75456        1.44255
C          6.03808       14.58644        5.95729
C          5.71847       13.48597        5.13219
H          5.20537       12.59233        5.46450
C          5.96838       13.82139        3.78367
H          5.70177       13.22871        2.91858
C          6.45182       15.13769        3.74731
H          6.61992       15.73242        2.85777
C          6.52533       15.61010        5.08735
H          6.68171       16.64475        5.37254
C          9.18990       11.94377        3.86456
C          9.96072       12.18441        5.04370
H         11.02940       12.36979        5.05900
C          9.18308       11.81293        6.17595
H          9.54231       11.75069        7.19589
C          7.92896       11.38859        5.71283
H          7.15436       10.94393        6.32351
C          7.93359       11.47147        4.30345
H          7.16070       11.07680        3.65596
C         10.20466       16.19863        8.17322
C         10.33941       17.50581        7.67918
C         11.06053       18.41131        8.44413
H         11.17287       19.42299        8.08520
C         11.63448       18.03717        9.64648
H         12.19342       18.75869       10.22127
C         11.49368       16.74100       10.11636
H         11.94273       16.45657       11.05528
C         10.77363       15.80521        9.39500
C          9.71071       17.93876        6.39008
H         10.42122       18.51917        5.80504
H          8.85495       18.58131        6.59852
H          9.37204       17.09055        5.79463
C         10.59799       14.39778        9.86952
H          9.53861       14.16223        9.96658
H         11.07842       14.25444       10.83273
H         11.03237       13.69854        9.15484
C         11.12483       16.49128        3.11346
C         11.03040       17.30424        1.97211
C         12.08427       18.15078        1.67809
H         12.02779       18.78702        0.80850
C         13.21077       18.18002        2.48516
H         14.02855       18.83989        2.24165
C         13.29304       17.36481        3.59982
H         14.17440       17.39018        4.22237
C         12.25646       16.50830        3.94372
C          9.80050       17.24178        1.12348
H          9.89255       17.90009        0.26497
H          8.92521       17.54121        1.70006
H          9.63683       16.22415        0.77064
C         12.37839       15.63538        5.15494
H         12.49181       16.25240        6.04525
H         13.26921       15.01435        5.07178
H         11.50858       14.99102        5.28818
