51
CSD_code = XIPPIX | q = 0 | S = 0 | Stoichiometry = C16H25O6PSi2W | MND = 6
C          8.57930       -1.36801        5.99321
C          7.47286       -1.55402        4.96916
H          6.78117       -0.71730        4.86115
H          6.90017       -2.46585        5.13166
C          8.56128       -1.68921        3.88854
H          8.49025       -2.57901        3.26859
H          8.63528       -0.81385        3.24696
C          9.64628       -1.73435        4.98073
H         10.04927       -2.73150        5.14485
H         10.46695       -1.02902        4.87629
C         10.17909        0.19665        7.99349
H          9.90053        0.83601        8.84148
C          9.66747        2.02189        5.52845
H          8.83499        2.48828        6.05113
H          9.26439        1.19645        4.94836
H         10.06279        2.75238        4.82882
C         11.56408        2.93350        7.81653
H         12.27937        2.63278        8.57575
H         10.73070        3.41212        8.32168
H         12.04278        3.68439        7.19614
C         12.52109        0.74869        5.86289
H         12.28013        0.01964        5.09682
H         13.21348        0.28128        6.55454
H         13.04819        1.56209        5.37457
C         11.76501       -2.57936        7.62821
H         12.22019       -2.16583        6.73456
H         10.94462       -3.22060        7.32556
H         12.50684       -3.20475        8.11556
C         10.01826       -1.97450       10.16324
H          9.07934       -2.29799        9.72242
H          9.78583       -1.24912       10.93852
H         10.46911       -2.83587       10.64710
C         12.66297       -0.42069        9.67886
H         13.21794       -1.15990       10.24571
H         12.35989        0.35882       10.36985
H         13.34661        0.02258        8.96339
C          4.83717        1.68195        8.85621
C          6.85453        0.07857       10.02391
C          7.54629        2.43213        8.64866
C          6.10109        1.55501        6.38750
C          5.47961       -0.86179        7.73196
O          8.49268       -1.95850        7.30309
O          3.88546        2.18603        9.23928
O          7.05452       -0.31064       11.07849
O          8.16615        3.35763        8.91451
O          5.84471        2.01204        5.37068
O          4.92494       -1.81993        7.45801
P          8.52703       -0.31900        7.42836
Si        10.99317        1.44481        6.77149
Si        11.15930       -1.23229        8.83069
W          6.48857        0.80385        8.19650
