49
CSD_code = XISCEH | q = 0 | S = 0 | Stoichiometry = C17H26Cl2N2SiTi | MND = 8
Ti         0.86756        2.30045        9.91730
Cl        -1.11429        2.11575       10.80110
Cl         0.28694        2.91827        7.92027
Si         3.34702        0.94403        9.73622
N          1.63864        0.64045        9.61703
N          3.38005        4.18636        8.70603
C          2.98311        2.60979       10.58513
C          2.69293        3.80699        9.85534
C          1.63215        4.50500       10.47767
C          0.44430        4.13591       12.75110
C          0.34418        3.25708       13.80314
C          1.09526        2.07199       13.83713
C          1.98269        1.75524       12.83412
C          2.12729        2.63536       11.74811
C          1.31550        3.82797       11.69380
C          4.42541       -0.21588       10.81907
C          4.13959        1.09089        8.00108
C          0.92471       -0.59964        9.38988
C          0.41632       -1.11641       10.74859
C         -0.26676       -0.35023        8.44713
C          1.82967       -1.65960        8.74909
C          2.84486        5.29915        7.95200
C          4.82550        4.22128        8.81152
H          1.25484        5.48046       10.19794
H         -0.13469        5.05040       12.73194
H         -0.32347        3.47707       14.62297
H          0.97806        1.40553       14.67929
H          2.59271        0.86349       12.89483
H          4.94818       -0.93619       10.19944
H          3.83652       -0.77001       11.54226
H          5.17452        0.34564       11.36766
H          4.11885        0.13346        7.49054
H          5.17576        1.40416        8.05175
H          3.59135        1.80752        7.39504
H         -0.17693       -0.34151       11.23856
H          1.26167       -1.36419       11.38791
H         -0.19736       -2.00397       10.61529
H         -0.98326        0.33802        8.90395
H          0.09165        0.07907        7.50954
H         -0.77576       -1.28770        8.23143
H          2.68179       -1.87005        9.38802
H          2.18832       -1.30493        7.78672
H          1.27161       -2.58020        8.59710
H          3.36751        5.34787        6.99683
H          2.97283        6.26224        8.46649
H          1.78634        5.12685        7.75743
H          5.16333        3.43977        9.48642
H          5.26494        4.06194        7.82646
H          5.17317        5.19119        9.19426
