82
CSD_code = XIWSIG | q = 0 | S = 0 | Stoichiometry = C40H38Cl2SiZr | MND = 12
Zr         6.77537        3.31102        8.55730
Cl         7.56317        1.41567        7.43671
Cl         8.87892        4.31076        8.72971
Si         3.50082        3.17486        8.91085
C          4.90979        2.74894       10.12525
C          5.77510        3.72083       10.71965
C          7.03433        3.10469       11.02345
C          6.96286        1.75411       10.56690
C          5.65481        1.53071       10.04634
C          4.64158        4.04493        7.68443
C          5.31493        3.40214        6.60567
H          4.97151        2.49763        6.11857
C          6.39711        4.21184        6.18681
C          6.41943        5.34872        7.03649
H          7.06867        6.20895        6.92929
C          5.35619        5.24521        7.95296
H          5.02894        6.03200        8.62056
C          2.09897        4.28796        9.56373
H          2.44481        5.28425        9.81477
H          1.62785        3.86314       10.44346
H          1.33441        4.38574        8.80052
C          2.73931        1.67941        8.00487
H          2.20847        2.02340        7.12240
H          2.02701        1.15031        8.62642
H          3.49146        0.96417        7.68586
C          7.27701        4.03307        4.96517
C          7.03215        5.21576        4.01377
H          5.97892        5.27492        3.74796
H          7.61294        5.08984        3.10274
H          7.32187        6.15498        4.47759
C          6.94553        2.73146        4.22877
H          7.09620        1.87177        4.87756
H          7.59609        2.62317        3.36362
H          5.91530        2.73841        3.87914
C          8.75399        4.01431        5.38472
H          9.02585        4.93318        5.90244
H          9.39027        3.91728        4.50687
H          8.95192        3.16944        6.04699
C          5.47330        5.10911       11.07828
C          4.28819        5.45084       11.72712
H          3.57642        4.67459       11.96397
C          4.04132        6.76210       12.09242
H          3.11834        7.01377       12.59402
C          4.97732        7.74748       11.82877
H          4.78444        8.76946       12.11806
C          6.16849        7.41594       11.19990
H          6.90335        8.18122       10.99926
C          6.41876        6.11041       10.82415
H          7.35113        5.85590       10.32507
C          8.00599        3.64112       11.99372
C          7.51695        4.25042       13.15263
H          6.45077        4.32093       13.30899
C          8.37788        4.74729       14.11102
H          7.97611        5.21761       14.99674
C          9.74784        4.63785       13.94196
H         10.42180        5.02914       14.68952
C         10.24449        4.01672       12.80959
H         11.31115        3.91989       12.67063
C          9.38649        3.52035       11.84509
H          9.80019        3.05694       10.96473
C          7.97480        0.70624       10.79625
C          9.20235        0.74071       10.13697
H          9.41322        1.53504        9.42693
C         10.13723       -0.25517       10.35507
H         11.08375       -0.22362        9.83588
C          9.85988       -1.29339       11.22849
H         10.59134       -2.07032       11.39478
C          8.64047       -1.33617       11.88300
H          8.41885       -2.14594       12.56256
C          7.70195       -0.34414       11.66873
H          6.74965       -0.37542       12.17787
C          5.08008        0.20540        9.79701
C          5.77306       -0.81317        9.14251
H          6.75198       -0.62280        8.73098
C          5.20612       -2.06603        9.00049
H          5.75266       -2.84065        8.48319
C          3.94880       -2.33281        9.51595
H          3.51159       -3.31386        9.40390
C          3.25993       -1.33535       10.18579
H          2.28553       -1.53933       10.60600
C          3.82087       -0.08178       10.33023
H          3.29513        0.68800       10.87690
