68
CSD_code = XIXVOP | q = 0 | S = 0 | Stoichiometry = C15H43Cl3HfN2Si4 | MND = 6
Hf         7.83651        3.12075        9.17132
Cl         9.40956        4.89531        9.17651
Cl         6.13177        4.54996        8.46892
Cl         6.37937        1.26345        8.87810
Si         7.40876        3.36494       11.76666
Si         9.41088        3.35785       13.16423
Si         5.93680        1.66948       12.66526
Si         6.36160        5.50773       12.25478
N          8.36489        2.98619        6.72197
N          9.58011        1.57618        9.09448
C         10.89150        4.37642       12.48149
H         11.05000        5.26848       13.07944
H         10.71252        4.71025       11.46472
H         11.82443        3.81847       12.48586
C         10.09241        1.58360       13.50547
H         10.66301        1.56665       14.42940
H         10.75249        1.21918       12.72334
H          9.28421        0.86784       13.61844
C          9.08130        4.06265       14.91209
H          8.27024        3.53707       15.40410
H          8.81567        5.11374       14.86759
H          9.95903        3.97661       15.54777
C          6.36883       -0.14550       12.21748
H          7.37922       -0.41178       12.51374
H          6.27941       -0.31074       11.14967
H          5.69445       -0.84101       12.71028
C          5.89723        1.70880       14.57788
H          5.14692        1.03234       14.97654
H          5.67031        2.70194       14.94733
H          6.85477        1.41464       14.99449
C          4.16402        1.99377       12.03054
H          4.16338        2.08468       10.94841
H          3.76115        2.91632       12.43698
H          3.47750        1.19236       12.28914
C          7.68017        6.87405       12.01434
H          7.26107        7.86968       12.13095
H          8.11093        6.81739       11.01924
H          8.49425        6.77314       12.72533
C          4.82081        5.98797       11.22663
H          4.29412        6.83069       11.66926
H          4.11807        5.16259       11.15864
H          5.08925        6.26356       10.21302
C          5.73983        5.59908       14.06791
H          5.45609        6.61406       14.33083
H          6.49218        5.27796       14.77743
H          4.86563        4.97191       14.20986
C          7.27841        2.32620        5.99120
H          6.36195        2.90207        6.12541
H          7.10235        1.32256        6.37310
H          7.50686        2.26399        4.91873
C          8.58123        4.30012        6.10746
H          9.37578        4.83439        6.62654
H          7.66628        4.88631        6.19319
H          8.84569        4.20369        5.04654
C          9.59581        2.18869        6.66515
H         10.44532        2.85397        6.84257
H          9.72524        1.73880        5.66828
C          9.59187        1.06977        7.71085
H          8.69629        0.45586        7.57937
H         10.47220        0.42890        7.54949
C         10.89316        2.11653        9.45949
H         11.67822        1.36166        9.32542
H         10.87532        2.42913       10.50199
H         11.13429        2.99330        8.86319
C          9.28534        0.45982       10.00191
H         10.04917       -0.32290        9.91763
H          8.31323        0.03343        9.76011
H          9.25922        0.82100       11.02901
