52
CSD_code = XOMXAZ | q = 0 | S = 0 | Stoichiometry = C20H30SiW | MND = 12
W          5.61225        6.10592        3.64919
H          6.95703        5.32591        4.13083
Si         4.35074        8.59445        2.27977
C          4.74110        6.84329        1.65229
C          4.01340        5.71397        2.15111
C          4.92408        4.58695        2.21891
C          6.19953        5.02582        1.66707
C          6.09185        6.40261        1.35863
C          2.53100        5.54964        2.24093
H          2.16156        5.07748        1.32659
H          2.02224        6.50090        2.34994
H          2.25365        4.90377        3.07327
C          4.89383        3.83710        3.42428
H          5.60743        3.02981        3.55972
H          3.92422        3.62244        3.86093
C          7.34553        4.12203        1.32067
H          7.32186        3.88309        0.25435
H          7.27749        3.19187        1.88125
H          8.29994        4.59279        1.54960
C          7.12874        7.19585        0.62219
H          6.65552        7.88525       -0.07439
H          7.77912        6.52848        0.05894
H          7.75445        7.77129        1.30520
C          4.85662        8.18385        4.06966
C          4.09815        7.28277        4.91067
C          4.98175        6.71519        5.86737
C          6.29093        7.24395        5.63421
C          6.23368        8.13318        4.51742
C          2.60909        7.23054        5.05878
H          2.32532        7.67883        6.01359
H          2.23875        6.20618        5.05676
H          2.11377        7.78602        4.27030
C          4.58052        5.87804        7.04564
H          4.39195        6.51673        7.91157
H          5.36812        5.17297        7.30507
H          3.67358        5.31678        6.83193
C          7.46459        7.09186        6.55597
H          7.40973        7.84912        7.34131
H          8.39887        7.22003        6.01482
H          7.46937        6.11002        7.02397
C          7.33736        9.08988        4.17147
H          7.67399        9.61111        5.06951
H          6.99476        9.83226        3.45890
H          8.19723        8.56750        3.75038
C          5.35379        9.97579        1.42274
H          4.99873       10.09283        0.40399
H          6.42037        9.80238        1.38054
H          5.18374       10.91875        1.93214
C          2.56591        9.23658        2.04086
H          2.44954        9.57631        1.01756
H          2.39690       10.09071        2.68852
H          1.77795        8.51902        2.23085
