72
CSD_code = XUFGIQ | q = 0 | S = 0 | Stoichiometry = C23H44NOScSi2 | MND = 9
Sc         6.16959        0.25386       11.97300
Si         8.12534        1.42370        9.41221
Si         7.24489       -1.79707       14.70377
O          4.18270       -0.78658       11.95291
N          8.31943       -0.18240       10.06892
C          6.72740        2.06792       10.48321
C          6.86609        2.56739       11.81104
C          5.57933        2.67452       12.38977
C          4.62739        2.25001       11.41781
C          5.32997        1.86546       10.25776
C          8.15083        3.05434       12.42186
H          8.00874        3.32948       13.46497
H          8.50902        3.93726       11.89013
H          8.93131        2.29560       12.37049
C          5.23990        3.33410       13.70029
H          6.05808        3.24367       14.41321
H          4.35171        2.89027       14.15162
H          5.04076        4.39850       13.54963
C          3.13613        2.42178       11.53249
H          2.82652        3.35712       11.05885
H          2.82403        2.46425       12.57515
H          2.59234        1.61062       11.04604
C          4.69806        1.54144        8.93040
H          3.61388        1.48743        9.02040
H          5.05866        0.59766        8.51763
H          4.92995        2.32409        8.20679
C          9.81050        2.30036        9.56943
H         10.32133        2.04780       10.49046
H          9.68899        3.37641        9.53940
H         10.46112        2.02510        8.74638
C          7.75490        1.41590        7.52322
H          8.66551        1.20973        6.96784
H          7.37964        2.37510        7.18311
H          7.02837        0.66009        7.24350
C          7.14765       -0.98059       10.44762
H          6.45188       -0.99433        9.57020
C          7.69616       -2.40659       10.60449
H          6.94747       -3.16442       10.36143
H          8.05436       -2.58537       11.62077
C          8.88746       -2.43601        9.64132
H          9.60170       -3.22707        9.86462
H          8.53978       -2.55288        8.61251
C          9.47128       -1.04097        9.83727
H         10.12863       -1.02877       10.71850
H         10.05053       -0.69754        8.97905
C          6.72380       -0.09662       14.09995
H          7.54473        0.59956       14.33638
H          5.86301        0.25404       14.69716
C          9.06987       -2.10856       14.20748
H          9.31766       -1.56740       13.29831
H          9.27683       -3.16099       14.03985
H          9.74503       -1.76469       14.98457
C          7.12741       -2.09085       16.60022
H          7.75622       -1.39259       17.14412
H          7.44120       -3.09418       16.87296
H          6.11039       -1.95869       16.95897
C          6.12857       -3.15625       13.91847
H          5.21531       -3.29575       14.49032
H          6.63318       -4.11675       13.88469
H          5.85399       -2.88854       12.89953
C          3.34161       -0.92042       13.11035
H          2.78352        0.01415       13.24959
H          3.97976       -1.09758       13.97821
C          2.39193       -2.07598       12.81763
H          2.87251       -3.02714       13.04682
H          1.46362       -2.00072       13.37808
C          2.19957       -1.92957       11.31161
H          1.48423       -1.13456       11.09764
H          1.86393       -2.84447       10.83014
C          3.60186       -1.52438       10.86655
H          4.22036       -2.41113       10.67720
H          3.60105       -0.89246        9.97516
