42
CSD_code = XULLUL | q = 0 | S = 0 | Stoichiometry = C10H24NO2ReS3Si | MND = 5
Re        -1.74887        1.26216       14.31339
S         -3.03031        1.25246       16.22635
C         -2.35328       -0.16880       17.15748
C         -1.98564       -1.30507       16.21203
N         -1.04693       -0.85673       15.17775
C         -1.01100       -1.75945       14.01862
C         -2.28429       -1.73900       13.18915
S         -2.82456       -0.03294       12.76305
S         -2.86616        3.12856       13.50803
C         -2.65249        4.38772       14.80226
C         -1.19123        4.82512       14.88724
O         -0.87149        5.35915       16.13592
Si        -0.62096        4.58293       17.55492
C          0.31371        2.93765       17.29780
C          0.41879        5.84084       18.52394
C         -2.24762        4.22407       18.49438
C          0.30427       -0.74945       15.73292
O         -0.15072        1.69507       14.06521
H         -1.49938        0.18904       17.73246
H         -3.13437       -0.48570       17.84901
H         -1.55504       -2.14122       16.78320
H         -2.90298       -1.65396       15.72985
H         -0.18719       -1.42044       13.38401
H         -0.80323       -2.78922       14.34817
H         -3.12372       -2.21791       13.69656
H         -2.11366       -2.25859       12.24654
H         -3.31017        5.21509       14.54117
H         -2.96758        3.96300       15.75412
H         -0.55004        3.95588       14.67296
H         -0.98330        5.59638       14.14004
H          1.35007        3.10836       17.02164
H         -0.14482        2.37407       16.48389
H          0.30832        2.31486       18.18714
H          1.37203        6.03140       18.04299
H          0.61769        5.48413       19.52836
H         -0.10150        6.78847       18.60711
H         -2.78350        3.37080       18.08734
H         -2.91556        5.07992       18.45134
H         -2.05770        4.01501       19.54281
H          0.30167       -0.09912       16.60404
H          0.96357       -0.30511       14.98849
H          0.68548       -1.73562       16.02182
