57
CSD_code = XULTUU | q = 0 | S = 0 | Stoichiometry = C27H27NSiZr | MND = 12
Zr         4.73417        2.96867        0.21182
Si         2.71869        5.26927        1.44124
N          5.84699        1.93971       -1.17094
C          6.89835        1.32726       -0.50795
H          7.76863        1.03259       -1.09404
C          6.86679        1.16847        0.82959
H          7.73466        0.76818        1.34562
C          5.60219        1.42866        1.59217
H          4.93055        0.55207        1.49987
C          5.74183        1.87344       -2.53871
C          5.02559        2.88790       -3.20495
H          4.61706        3.71265       -2.62012
C          4.86200        2.85762       -4.57411
H          4.30947        3.64749       -5.06379
C          5.40867        1.82986       -5.32826
H          5.28075        1.81110       -6.39956
C          6.12000        0.82735       -4.68863
H          6.54477        0.01830       -5.26582
C          6.28558        0.83886       -3.31890
H          6.81675        0.03121       -2.83660
C          5.73400        1.83127        2.99236
C          6.88336        2.46882        3.48993
H          7.72842        2.62527        2.83379
C          6.95794        2.89276        4.80168
H          7.85567        3.38106        5.15435
C          5.89523        2.69705        5.66976
H          5.95372        3.03679        6.69269
C          4.76484        2.03686        5.21261
H          3.94123        1.85032        5.88790
C          4.68943        1.60189        3.90517
H          3.81736        1.04622        3.58076
C          6.28084        4.91267       -0.52044
H          6.92061        4.94915       -1.39471
C          6.68075        4.51485        0.77403
H          7.68364        4.21635        1.05071
C          5.60438        4.75397        1.65655
H          5.64234        4.67325        2.73663
C          4.53518        5.32835        0.91812
C          4.96179        5.39498       -0.43507
H          4.41544        5.88235       -1.23630
C          2.67501        2.04146       -1.07010
H          2.66915        1.56131       -2.04128
C          2.68966        1.37649        0.17387
H          2.68830        0.30118        0.30847
C          2.53169        2.34518        1.18724
H          2.37639        2.14488        2.23993
C          2.38145        3.61857        0.57953
C          2.50217        3.41685       -0.82194
H          2.32186        4.17385       -1.57784
C          1.66786        6.71671        0.78119
H          1.98208        7.65337        1.22861
H          0.62000        6.57007        1.01943
H          1.75030        6.82067       -0.29540
C          2.57789        5.07490        3.33322
H          3.20711        4.26850        3.70231
H          1.55544        4.86233        3.62557
H          2.87826        5.98676        3.83729
