119
CSD_code = XUMJEV | q = 0 | S = 0 | Stoichiometry = C47H67N2Si2Y | MND = 4
Y          2.37895       33.87221        0.60881
Si         3.39085       32.60660        3.76446
Si         4.87946       34.81679       -2.01823
N          0.75707       35.51774        0.12741
N          0.96868       32.60466       -0.86190
C          2.08895       32.37734        2.43003
H          1.09764       32.57017        2.86073
H          2.06646       31.33656        2.08595
C          4.57212       34.34502       -0.21501
H          5.03719       35.12026        0.40838
H          5.17476       33.44327       -0.03395
C         -0.36207       36.91682       -1.55731
H         -1.14821       36.73311       -2.28565
H         -0.77509       37.47132       -0.71756
H          0.40016       37.53648       -2.02931
C          0.26872       35.62007       -1.09764
C          0.26184       34.58891       -2.04617
H         -0.11027       34.88702       -3.01827
C          0.47840       33.20822       -1.92846
C          0.07508       32.40491       -3.14819
H          0.66213       32.72887       -4.00694
H          0.23913       31.34165       -2.99106
H         -0.97451       32.57128       -3.38348
C          0.49566       36.54528        1.07454
C          1.26300       37.71908        1.13565
C          0.93952       38.68770        2.07547
H          1.52889       39.58934        2.13454
C         -0.13069       38.52628        2.93247
H         -0.38502       39.30294        3.63898
C         -0.86551       37.35692        2.89067
H         -1.69225       37.23153        3.57175
C         -0.55632       36.35108        1.98785
C         -1.80727       34.63749        3.35987
H         -2.18083       33.61722        3.33248
H         -0.97312       34.67786        4.05759
H         -2.60589       35.27152        3.73768
C         -1.36552       35.07343        1.96135
H         -0.73116       34.27971        1.53932
C         -2.58285       35.25254        1.04865
H         -3.20612       34.36167        1.06575
H         -3.18144       36.09918        1.38041
H         -2.26820       35.43131        0.02366
C          3.74617       37.78918        1.02403
H          4.60121       37.86403        0.35545
H          3.82423       38.56663        1.78071
H          3.77285       36.82148        1.52874
C          2.44826       37.94139        0.22629
H          2.44879       37.17852       -0.56095
C          2.40198       39.31836       -0.43806
H          3.20944       39.40533       -1.15884
H          1.45734       39.46826       -0.95613
H          2.51799       40.11259        0.29471
C          0.82521       31.20261       -0.70798
C         -0.41895       30.67883       -0.30895
C         -0.55229       29.31274       -0.11116
H         -1.50949       28.90918        0.18238
C          0.51540       28.45487       -0.28240
H          0.39506       27.39377       -0.12275
C          1.73815       28.97017       -0.66143
H          2.57260       28.29868       -0.79626
C          1.91142       30.32859       -0.88769
C          3.61124       30.19087       -2.71144
H          4.58901       30.53249       -3.04485
H          3.63823       29.10603       -2.64429
H          2.87299       30.46745       -3.46095
C          3.26406       30.81583       -1.35653
H          3.22709       31.90610       -1.47841
C          4.35183       30.49734       -0.32697
H          5.30690       30.89956       -0.65985
H          4.09976       30.94116        0.63599
H          4.46382       29.42348       -0.19621
C         -2.77815       31.23258       -0.98018
H         -3.59087       31.94149       -0.83445
H         -2.46413       31.27745       -2.01980
H         -3.15843       30.23302       -0.78357
C         -1.61284       31.56849       -0.04671
H         -1.32462       32.60952       -0.22007
C         -2.04536       31.42827        1.41480
H         -2.87972       32.09342        1.62579
H         -2.36283       30.41141        1.63211
H         -1.21697       31.67519        2.07532
C          2.97047       31.95382        5.51865
H          3.74988       32.19564        6.23531
H          2.04538       32.38985        5.88341
H          2.84644       30.87532        5.51595
C          5.06672       31.83656        3.25768
H          5.79972       31.93504        4.05160
H          4.95652       30.77685        3.05334
H          5.47381       32.30815        2.36800
C          3.61521       34.49622        3.94491
C          2.49198       35.31932        4.00347
H          1.50559       34.88524        3.88665
C          2.60231       36.67212        4.27412
H          1.71419       37.28159        4.34680
C          3.85136       37.23989        4.46077
H          3.94100       38.29448        4.67867
C          4.98289       36.44723        4.37384
H          5.96137       36.88518        4.51405
C          4.85950       35.09101        4.12751
H          5.74807       34.47810        4.08699
C          6.72240       34.58138       -2.50583
H          6.93022       34.95428       -3.50403
H          7.38278       35.09817       -1.81679
H          6.99627       33.53081       -2.48400
C          3.88941       33.78038       -3.29119
H          3.90693       34.26270       -4.26458
H          4.31211       32.79107       -3.41834
H          2.84882       33.66900       -2.99847
C          4.45548       36.60991       -2.51308
C          3.23029       36.91081       -3.10175
H          2.46722       36.14683       -3.14960
C          2.97716       38.15816       -3.64327
H          2.02421       38.36386       -4.11208
C          3.95016       39.14314       -3.60048
H          3.76202       40.11412       -4.03631
C          5.16343       38.87547       -2.98886
H          5.92401       39.64256       -2.94020
C          5.40639       37.62266       -2.45317
H          6.36302       37.42090       -1.99336
