56
CSD_code = XUTHUQ | q = 0 | S = 0 | Stoichiometry = C21H25CrO6PSi2 | MND = 6
Cr         5.36328        2.72098       11.08444
P          3.37477        3.48252       10.09171
Si         2.43726        4.07752        7.13820
Si         3.22959        6.41919        9.40118
O          7.87904        1.52691       12.20706
O          3.82651        0.40648       12.25629
O          4.98276        4.05247       13.75986
O          7.07621        4.92700        9.95534
O          5.93208        1.19136        8.55037
O          2.34263        1.01203        9.09482
C          6.91660        1.98894       11.77929
C          4.37964        1.29375       11.78193
C          5.09871        3.59476       12.71190
C          6.38012        4.11984       10.38968
C          5.66714        1.78263        9.49655
C          2.22914        2.02938        9.72125
C          1.18439        2.57140       10.62559
C          1.79541        3.73540       10.98014
H          1.46562        4.48660       11.68006
C          3.44496        4.63961        8.68568
H          4.49704        4.57733        8.38358
C          3.32737        2.56301        6.40471
H          2.82940        2.21316        5.50518
H          3.35235        1.73421        7.10579
H          4.35478        2.79763        6.13869
C          0.60826        3.71110        7.54186
H          0.22584        4.33644        8.34188
H          0.46646        2.67668        7.83651
H         -0.01025        3.88276        6.66624
C          2.49877        5.48585        5.85353
H          3.51869        5.77985        5.63095
H          1.96262        6.36838        6.18440
H          2.04574        5.15867        4.92375
C          3.94616        6.51041       11.16588
H          5.03021        6.44017       11.15111
H          3.57956        5.70450       11.79665
H          3.68997        7.44923       11.64849
C          4.21702        7.63165        8.31375
H          3.83080        7.68105        7.30250
H          5.26353        7.34927        8.25515
H          4.17276        8.63246        8.72995
C          1.38200        6.89850        9.42416
H          1.25517        7.88718        9.85354
H          0.78308        6.20760       10.00875
H          0.96784        6.92263        8.42184
C         -0.07588        1.97202       11.00850
C         -0.96686        2.64608       11.84932
H         -0.71131        3.62606       12.22359
C         -2.16833        2.06546       12.20150
H         -2.85008        2.59305       12.85235
C         -2.50096        0.80675       11.72358
H         -3.44112        0.35493       12.00300
C         -1.62561        0.13055       10.88915
H         -1.88310       -0.85005       10.51742
C         -0.42167        0.70539       10.53028
H          0.26169        0.17754        9.88362
