77
CSD_code = YACZIN | q = 0 | S = 0 | Stoichiometry = C31H36Cl2FeN2O4Si | MND = 5
Fe        13.59704       11.78516        0.60354
Cl        13.11949       15.25623        1.98426
Cl        15.27354       13.49851        3.61575
Si        14.45686       13.65248        1.64179
O         14.67930        9.83777        2.47494
O         15.00452       10.03334       -1.26558
O         10.87962       11.23341        1.55454
O         12.43407       13.21787       -1.65157
N         16.30617       16.06664        1.45253
N         17.21611       14.21780        0.83378
C         14.24883       10.64041        1.77194
C         14.50011       10.78039       -0.54468
C         11.94517       11.48695        1.20859
C         16.05201       14.77587        1.19120
C         15.24767       17.57684        3.04559
C         15.39610       17.12932        1.73285
C         12.90308       12.67869       -0.74932
C         17.07279       17.86449        4.71719
C         17.45730       12.90358        0.33217
C         17.18821       12.65295       -1.01974
C         16.55546       13.71016       -1.89776
C         17.63924       14.63334       -2.46934
C         15.72993       13.12850       -3.04427
C         17.56629       11.42210       -1.53473
C         18.16065       10.46764       -0.72956
C         18.39797       10.72982        0.60389
C         18.06351       11.95908        1.15968
C         18.39474       12.25637        2.60247
C         19.90786       12.43899        2.76175
C         17.89395       11.15200        3.53365
C         15.97864       16.92825        4.19603
C         18.21043       15.15402        0.88057
C         17.63696       16.31750        1.26802
C         15.55083       18.41046       -1.61222
C         13.62481       16.79889       -1.36913
C         14.94443       17.28591       -0.76807
C         14.74680       17.74243        0.65813
C         15.01165       16.54917        5.31858
C         14.40192       18.65487        3.27092
C         13.90237       18.80854        0.93398
C         13.72885       19.25963        2.22790
H         17.79178       18.09896        3.93420
H         17.60362       17.39323        5.54084
H         16.64173       18.79695        5.07384
H         15.87104       14.30081       -1.27868
H         18.18823       15.14538       -1.68210
H         17.18661       15.38372       -3.11353
H         18.34711       14.05510       -3.05935
H         15.05000       12.36372       -2.68005
H         16.36600       12.69896       -3.81409
H         15.13799       13.91785       -3.50191
H         17.39095       11.19902       -2.57377
H         18.43887        9.51284       -1.14900
H         18.86224        9.97657        1.21978
H         17.89844       13.18349        2.90171
H         20.27414       13.25233        2.13842
H         20.43378       11.53046        2.47821
H         20.14706       12.66656        3.79764
H         16.84146       10.95364        3.35481
H         18.00943       11.46704        4.56769
H         18.45127       10.22969        3.39443
H         16.45068       16.00492        3.84939
H         19.22572       14.91654        0.63855
H         18.05315       17.29205        1.41789
H         16.49715       18.74153       -1.18808
H         14.88148       19.26469       -1.66315
H         15.73174       18.05805       -2.62514
H         13.18442       16.02944       -0.74008
H         13.79541       16.38154       -2.35890
H         12.91377       17.61533       -1.45974
H         15.64679       16.44766       -0.78830
H         14.18225       15.97301        4.91806
H         14.61550       17.42940        5.81779
H         15.52679       15.93930        6.05662
H         14.26414       19.02142        4.27556
H         13.37408       19.29119        0.12704
H         13.06622       20.08919        2.42384
