66
CSD_code = YEHTAG | q = 1 | S = 0 | Stoichiometry = C16H42N4Si3Ta(1+) | MND = 4
Ta         3.11509        1.48075        1.58375
Si         3.88645        1.65994       -1.64802
Si         4.52689       -0.84366        3.49681
Si         0.97441        3.65123        2.91135
N          3.61777        2.43410       -0.08943
N          2.49987        2.77341        2.96598
N          4.64694        0.40962        2.26553
N          5.13538        3.15250        2.13747
C          5.97221        0.86827        1.91050
C          6.21495        2.25574        2.53677
C          4.05099        3.80747        0.04904
C          5.35254        3.84891        0.87376
C          3.48191        3.20923        3.93469
C          4.60076        3.98387        3.21081
C          5.79040       -0.56466        4.90464
C          1.40321        0.06317        1.11921
C          3.85992       -0.22315       -1.32410
C          2.76313       -0.71877        4.22271
C          5.58931        2.13131       -2.38007
C          2.47789        2.18130       -2.82819
C          0.23323        3.33555        1.17819
C          4.81092       -2.53676        2.65886
C         -0.16168        2.96507        4.28526
C          1.24114        5.53223        3.12937
H          6.74974        0.18121        2.25023
H          6.04770        0.94859        0.81718
H          7.20022        2.64040        2.24565
H          6.19429        2.14008        3.62180
H          4.22424        4.28321       -0.91835
H          3.27450        4.38207        0.57277
H          5.67833        4.88560        1.02424
H          6.12267        3.32153        0.30829
H          3.04441        3.84778        4.70472
H          3.91615        2.33084        4.43207
H          5.37774        4.28952        3.92242
H          4.15728        4.88068        2.77477
H          5.74846       -1.39566        5.60099
H          6.81101       -0.50708        4.53973
H          5.58950        0.33962        5.47256
H          0.62253        0.08487        1.88141
H          0.91056        0.29507        0.17347
H          1.72714       -0.97635        1.04604
H          2.84538       -0.60430       -1.27832
H          4.34987       -0.73784       -2.14400
H          4.37385       -0.50829       -0.40707
H          2.41970        0.30759        4.34463
H          2.04281       -1.24731        3.60752
H          2.74042       -1.18690        5.20128
H          6.41749        1.73838       -1.79664
H          5.68107        1.72209       -3.38076
H          5.72183        3.20547       -2.46257
H          2.51254        3.24405       -3.04956
H          2.55627        1.65239       -3.77189
H          1.49741        1.96593       -2.41165
H         -0.49409        4.10762        0.94982
H          0.97823        3.34477        0.38368
H         -0.29444        2.38863        1.13858
H          4.64247       -3.34372        3.36379
H          4.14134       -2.69142        1.81683
H          5.82766       -2.63671        2.29031
H         -1.14986        3.40729        4.21881
H         -0.27917        1.88686        4.21517
H          0.22600        3.18767        5.27508
H          1.77722        5.77173        4.04228
H          1.78457        5.97532        2.29929
H          0.27966        6.03191        3.18511
