107
CSD_code = YETQOD | q = 0 | S = 0 | Stoichiometry = C43H44BF15N2SiTi | MND = 10
Ti         6.07404        7.20354        7.26630
Si         3.91022        9.03602        7.58879
F         11.08045        4.79991        4.58982
F         12.67606        3.75267        2.74847
F         12.58566        1.06367        2.18812
F         10.82955       -0.51736        3.57094
F          9.22106        0.51381        5.40099
F         10.11970        6.08113        7.36635
F         11.82376        6.29964        9.36179
F         12.84969        4.07508       10.59917
F         12.06274        1.59436        9.73166
F         10.31355        1.35882        7.72907
F          7.27870        2.05675        4.38281
F          5.03669        0.74534        5.02327
F          4.22049        0.58999        7.63332
F          5.71477        1.82937        9.57012
F          7.95389        3.11395        8.94054
N          4.60508        8.00133        6.36273
N          8.34053        8.04286        5.18271
B          9.07914        3.43034        6.19914
C          3.78225        4.86851        7.69727
C          5.23439        5.26910        7.78205
C          6.07449        4.99829        6.67841
C          7.42044        5.33598        6.67401
C          8.34991        4.82342        5.62973
C          5.45142        8.77582        8.67108
C          6.73097        9.17876        8.17969
C          7.73290        8.35411        8.77337
C          7.07965        7.39219        9.56849
C          5.67683        7.63325        9.49789
C          7.01387       10.42647        7.39376
C          9.20264        8.64554        8.73006
C          7.72993        6.39425       10.48121
C          4.68367        7.04838       10.45691
C          4.20907        8.00557        4.96770
C          4.73639        6.76102        4.23396
C          4.79164        9.25116        4.27243
C          2.67912        8.02711        4.82827
C          2.23615        8.41269        8.28889
C          3.56474       10.89309        7.23525
C          7.53558        7.67919        5.94097
C          9.29380        8.43456        4.21843
C          9.00742        9.89315        3.84396
C          9.13651        7.52050        2.99947
C         10.69046        8.29402        4.82684
C         10.01889        2.72764        5.05510
C         10.95647        3.47630        4.35033
C         11.81368        2.95054        3.39277
C         11.77309        1.59298        3.10914
C         10.87719        0.79805        3.81057
C         10.03293        1.36478        4.76199
C         10.11270        3.69487        7.44586
C         10.55910        4.92475        7.91101
C         11.46417        5.06826        8.95811
C         11.98180        3.94902        9.58972
C         11.57624        2.69556        9.14818
C         10.66740        2.59563        8.10207
C          7.79967        2.52498        6.64306
C          6.97132        1.94100        5.68711
C          5.79247        1.27514        5.99513
C          5.37082        1.19904        7.31652
C          6.13614        1.81556        8.29503
C          7.31493        2.46225        7.94328
H          3.68159        3.77889        7.72014
H          3.21913        5.25940        8.54268
H          3.32608        5.22923        6.77404
H          5.67681        5.07181        8.76125
H          5.63766        4.60069        5.76181
H          7.87360        5.52700        7.65130
H          7.79848        4.59462        4.71493
H          9.10848        5.55903        5.38798
H          6.45786       10.44168        6.45601
H          8.07660       10.50636        7.17261
H          6.72384       11.30311        7.97567
H          9.76712        7.93192        9.32171
H          9.38672        9.63875        9.14408
H          9.59427        8.62153        7.71396
H          8.79815        6.32082       10.29049
H          7.30432        5.39515       10.37537
H          7.59408        6.69976       11.52060
H          3.66943        7.12625       10.07689
H          4.73076        7.60743       11.39527
H          4.90097        6.00762       10.69350
H          5.81807        6.66622        4.36659
H          4.52416        6.84471        3.16956
H          4.23711        5.86689        4.60387
H          5.87545        9.25627        4.38727
H          4.38500       10.15308        4.71933
H          4.54519        9.24677        3.21331
H          2.24250        7.20773        5.39371
H          2.39380        7.92511        3.78419
H          2.27730        8.96105        5.20831
H          1.41810        8.79996        7.69088
H          2.08302        8.76686        9.30268
H          2.15269        7.33147        8.28861
H          2.69963       11.00330        6.58905
H          4.39143       11.42003        6.77396
H          3.33312       11.40366        8.16471
H          9.05481       10.53253        4.72259
H          8.02107        9.99005        3.39510
H          9.74847       10.23493        3.12698
H          9.38319        6.49432        3.25677
H          9.80987        7.84907        2.21303
H          8.11611        7.55396        2.62258
H         10.86891        7.27349        5.15228
H         10.81057        8.95880        5.67913
H         11.43523        8.55095        4.07920
