94
CSD_code = YETQIX | q = 0 | S = 0 | Stoichiometry = C39H35BF15NOSiTi | MND = 10
Ti         1.88154       10.38152       10.30045
Si         0.92455        8.08172        8.84732
F          0.96623       14.84976        8.40214
F          2.84631       15.87238        6.50108
F          4.69793       11.82613        8.10325
F          9.20144       14.06218       10.73270
F          3.57478       19.15549       10.41597
F          2.96493       14.94179        4.02197
F          5.90953       15.57207        7.73428
F          4.84729       16.82276       10.22878
F          4.72473       12.77030       11.34759
O          2.59642       12.02843        9.53407
F          8.48204       15.47623        8.50463
F         -0.33190       17.19504        8.62561
F          3.94313       12.43926        3.50509
F          4.82724       10.89646        5.59278
F          0.97194       19.39644        9.61174
F          7.27637       12.71154       12.14088
C          1.64269       15.91698        8.87488
C          4.22838       12.61091        7.11192
C          2.34055        8.36565       11.44285
C          3.58610       16.88038        9.77011
C          4.18258        9.55220       10.73431
N          0.69447        9.81273        8.92281
C          2.97726       15.75172        9.23899
C          3.37853       14.16422        5.02652
C          7.92578       14.10817       10.34450
C          3.53104        9.01788        9.58967
C          3.30710       14.62534        6.33915
C          1.61103       18.23128        9.49213
C          6.21984       14.86690        8.82993
C          3.70273       13.85921        7.43099
C          3.87896       12.89727        4.75755
C          3.42929        9.17591       11.87255
C          2.78315       13.20165        9.86255
C          4.32158       12.11706        5.81766
C          6.94875       13.42632       11.05614
C          2.93356       18.10542        9.89439
C          2.40277        8.24509       10.02694
C          0.95416       17.11502        8.98492
C          7.55453       14.83007        9.21477
C          4.10417        8.95395        8.20513
C          1.79743       12.50925       11.98200
C          5.20878       14.21359        9.53130
C          0.66314       11.82428       11.66843
B          3.66487       14.29237        9.00683
C          5.62518       13.48411       10.63432
C          5.59046       10.06815       10.76112
C          2.15959       13.70290       11.17744
C          3.84482        9.38977       13.29867
C         -0.00435       10.58219        7.90606
C          1.54380        7.46445       12.33963
C          0.46398       10.43653       11.95577
C         -0.55802       11.89704        8.47661
C         -0.56494        7.03547        9.45910
C          0.98239       10.93311        6.77706
C         -1.18384        9.79212        7.32231
C          1.40204        7.21794        7.19674
C         -0.95640        9.91497       11.86423
H          4.18411        7.91219        7.89425
H          5.09821        9.39135        8.17546
H          3.47504        9.47369        7.48312
H          2.56000       12.07916       12.62763
H         -0.11674       12.34904       11.11452
H          5.78584       10.76128        9.94679
H          6.27302        9.22167       10.65052
H          5.81910       10.55210       11.70627
H          2.85472       14.38322       11.66766
H          1.26889       14.27407       10.89715
H          4.38602       10.32737       13.41897
H          4.50724        8.58104       13.61575
H          2.98725        9.39490       13.97095
H          0.66336        7.08953       11.82740
H          1.24164        7.94730       13.26737
H          2.16468        6.60666       12.61030
H          0.95447       10.12507       12.88337
H          0.25313       12.51411        8.86162
H         -1.28816       11.69509        9.25951
H         -1.05513       12.45994        7.68962
H         -1.27284        6.89208        8.64989
H         -1.10168        7.49133       10.28253
H         -0.23611        6.05006        9.77133
H          1.30849       10.02923        6.26936
H          1.84802       11.43990        7.20485
H          0.51494       11.59271        6.05006
H         -0.83086        8.91172        6.79602
H         -1.73876       10.41331        6.62372
H         -1.85199        9.47769        8.11984
H          2.00928        7.83041        6.54073
H          0.51236        6.92919        6.64617
H          1.95868        6.30787        7.39814
H         -0.99515        8.85790       12.11672
H         -1.35897       10.04684       10.85940
H         -1.60826       10.44320       12.56750
