111
CSD_code = YIJNIP | q = 0 | S = 0 | Stoichiometry = C50H53N2O2P2SiY | MND = 7
Y         -3.97575        0.83989       14.20236
P         -2.02851        1.95055       12.34601
P         -5.78769       -0.34631       16.17217
Si        -6.46940        3.40369       14.40277
O         -2.87633        0.70581       16.08404
O         -4.73185        0.56606       12.17407
N         -1.84024       -0.42960       13.64315
N         -4.59004       -1.60727       14.03141
C         -2.03782        3.17108       10.98997
C         -3.27914        3.35218       10.38010
H         -4.11900        2.76862       10.73726
C         -3.42319        4.26035        9.34946
H         -4.38370        4.39283        8.87242
C         -2.33346        5.01131        8.93440
H         -2.44326        5.72464        8.13061
C         -1.10701        4.85659        9.55866
H         -0.26252        5.45213        9.24241
C         -0.95531        3.94296       10.58819
H          0.00176        3.83122       11.07754
C         -0.32579        2.02874       13.01177
C          0.78692        1.61672       12.28605
H          0.66657        1.27861       11.26494
C          2.03829        1.62953       12.87514
H          2.90243        1.30888       12.31065
C          2.18486        2.04406       14.18929
H          3.16342        2.04423       14.64735
C          1.07821        2.44990       14.91740
H          1.19327        2.76443       15.94450
C         -0.17400        2.44279       14.33062
H         -1.05317        2.74152       14.89124
C         -1.90885        0.38970       11.42147
C         -1.96851        0.21593       10.04933
H         -2.01418        1.07824        9.39775
C         -1.97335       -1.06403        9.51825
H         -2.01902       -1.20388        8.44829
C         -1.93151       -2.16270       10.36102
H         -1.95027       -3.15976        9.94448
C         -1.85837       -1.99957       11.73250
H         -1.83306       -2.86290       12.38100
C         -1.84105       -0.72025       12.28439
C         -0.92065       -0.87760       14.45947
C          0.27235       -1.65984       13.96039
H          0.13660       -2.71943       14.17495
H          1.17112       -1.32559       14.47402
H          0.40991       -1.53351       12.88895
C         -0.92804       -0.62249       15.84376
H         -0.10210       -1.04186       16.39892
C         -1.85737        0.10955       16.56497
C         -1.63640        0.25473       18.05882
H         -1.39260        1.29252       18.28270
H         -0.83407       -0.38489       18.41216
H         -2.55684        0.01022       18.58483
C         -5.19844       -0.34744       11.42143
C         -5.58091        0.06608       10.01375
H         -6.39894        0.78322       10.06508
H         -5.88587       -0.78286        9.41051
H         -4.73223        0.55899        9.54356
C         -5.39689       -1.67277       11.78421
H         -5.82571       -2.32612       11.03897
C         -5.07571       -2.27501       13.01273
C         -5.38138       -3.75288       13.10263
H         -4.65926       -4.31934       12.51555
H         -6.37040       -3.94447       12.69103
H         -5.35303       -4.10534       14.13064
C         -4.12453       -2.22314       15.18430
C         -3.16721       -3.23816       15.21378
H         -2.78056       -3.63220       14.28533
C         -2.69880       -3.71795       16.42228
H         -1.95221       -4.49945       16.43116
C         -3.17929       -3.21118       17.61914
H         -2.81140       -3.59741       18.55801
C         -4.13067       -2.20429       17.61028
H         -4.50971       -1.80546       18.54143
C         -4.60096       -1.70906       16.40520
C         -6.08984        0.12696       17.91248
C         -5.26488        1.12574       18.42477
H         -4.51933        1.56644       17.77469
C         -5.40464        1.53748       19.73662
H         -4.75993        2.30817       20.13393
C         -6.37931        0.96699       20.54071
H         -6.49349        1.29070       21.56500
C         -7.21280       -0.01365       20.02901
H         -7.97629       -0.45359       20.65448
C         -7.07278       -0.43527       18.71791
H         -7.72580       -1.19995       18.32134
C         -7.40221       -2.67918       15.96946
H         -6.57396       -3.22723       16.39767
C         -7.29941       -1.30524       15.77655
C         -8.37758       -0.61207       15.23371
H         -8.29840        0.45496       15.08386
C         -9.53830       -1.28095       14.89131
H        -10.37059       -0.73499       14.47144
C         -9.63202       -2.65017       15.08026
H        -10.53593       -3.17508       14.80753
C         -8.56325       -3.34575       15.62080
H         -8.63490       -4.41338       15.77359
C         -4.63056        3.04358       14.53739
H         -4.26390        3.38849       15.51346
H         -4.10142        3.64588       13.78364
C         -7.29715        2.30069       13.06748
H         -6.95318        2.58540       12.07759
H         -8.38068        2.38770       13.07225
H         -7.04102        1.25124       13.21203
C         -6.89618        5.21411       13.91788
H         -6.53774        5.91454       14.66545
H         -7.96618        5.36527       13.81373
H         -6.43337        5.48176       12.97296
C         -7.36351        3.08313       16.07035
H         -7.17619        2.07463       16.43250
H         -8.43839        3.21128       15.98315
H         -7.01579        3.76873       16.83626
