134
CSD_code = YIJPIT | q = 0 | S = 0 | Stoichiometry = C43H81FeN5Si4 | MND = 3
C          8.18994        6.85704        8.18285
C          9.38697        5.97762        9.90363
H          9.79693        5.98345       10.89065
C          9.49057        5.10278        8.87379
C          8.34436        8.07988       10.37208
C          7.22165        8.02511       11.20561
C          7.08836        8.99402       12.19096
H          6.23394        8.97679       12.84801
C          8.04890        9.97249       12.36001
H          7.93249       10.71199       13.13842
C          9.16704        9.99337       11.54969
H          9.92815       10.74053       11.71516
C          9.33428        9.04984       10.54498
C          6.23131        6.88727       11.09634
H          6.23803        6.52925       10.06333
C          4.80171        7.29301       11.45368
H          4.11368        6.50676       11.15182
H          4.51946        8.20909       10.94460
H          4.69094        7.43776       12.52600
C          6.67290        5.73937       12.01284
H          6.73503        6.08127       13.04426
H          7.64674        5.35839       11.71855
H          5.95642        4.92251       11.96153
C         10.59122        9.04418        9.70766
H         10.47210        8.31309        8.90371
C         10.82785       10.40504        9.05704
H          9.94427       10.69098        8.49466
H         11.67838       10.35102        8.38013
H         11.03796       11.16894        9.80128
C         11.79545        8.63392       10.56151
H         11.95005        9.34127       11.37294
H         12.69551        8.60801        9.95117
H         11.64758        7.64687       10.99378
C          8.61555        4.93019        6.62593
C          9.68233        4.84790        5.72249
C          9.57466        3.95576        4.66179
H         10.38454        3.86770        3.95519
C          8.45380        3.16591        4.50821
H          8.39799        2.46212        3.69089
C          7.39788        3.27761        5.39457
H          6.53239        2.64908        5.26125
C          7.45140        4.16786        6.45684
C         10.93805        5.67661        5.87805
H         10.74310        6.46194        6.61323
C         12.10381        4.81667        6.37763
H         11.88490        4.40611        7.35799
H         13.00510        5.42211        6.44563
H         12.29282        3.99542        5.68899
C         11.34489        6.34484        4.56193
H         11.75416        5.61754        3.86468
H         12.11179        7.09149        4.75476
H         10.49706        6.83346        4.09425
C          6.31156        4.30197        7.44120
H          6.28084        5.35386        7.74571
C          4.95498        3.96119        6.83164
H          4.80640        4.53276        5.92256
H          4.16589        4.21997        7.53433
H          4.86764        2.89815        6.61622
C          6.55055        3.42087        8.67357
H          6.68314        2.38127        8.37562
H          5.69371        3.47749        9.34131
H          7.42723        3.74031        9.22777
C         10.70843        3.09782        9.77737
C          9.68368        2.75963       10.86951
H          9.29505        3.66411       11.32835
H         10.15027        2.15609       11.64318
H          8.85124        2.19872       10.45024
C         11.90733        3.83449       10.38370
H         12.63055        4.07534        9.60906
H         12.39015        3.20695       11.12776
H         11.59886        4.75835       10.86034
C         11.19537        1.79995        9.12655
H         10.35971        1.24784        8.70046
H         11.68155        1.16853        9.86479
H         11.90709        2.01771        8.33388
C          7.80785       12.39768        9.30065
H          8.24614       11.76176       10.06037
H          7.28573       13.20270        9.80927
H          8.61370       12.84162        8.72762
C          5.29582       10.64695        9.34999
H          4.43473       10.28364        8.80467
H          4.95025       11.37404       10.07739
H          5.73133        9.81784        9.89301
C          5.72737       12.77652        7.14034
H          6.43659       13.26557        6.48055
H          5.29611       13.54137        7.77964
H          4.92803       12.38240        6.52301
C          7.28711       10.70814        4.34337
H          6.58957        9.87677        4.33568
H          7.86299       10.68045        3.42430
H          6.71235       11.62801        4.34244
C          9.41080       12.18467        5.97667
H          8.77878       13.03839        6.19154
H          9.88705       12.36386        5.01772
H         10.19139       12.15478        6.72740
C          9.56780        9.08769        5.71907
H         10.31365        9.06205        6.50304
H         10.08951        9.11858        4.77052
H          8.98919        8.16745        5.77249
C          2.69312        6.83181        5.51646
H          2.60158        6.93525        4.44155
H          1.77561        7.20455        5.96076
H          2.75883        5.77413        5.74266
C          3.82560        9.67182        5.89238
H          4.70893       10.24241        6.16226
H          2.99326       10.02739        6.49067
H          3.59579        9.88062        4.85337
C          4.34828        7.52565        8.05515
H          4.29995        6.47726        8.31892
H          3.55542        8.03090        8.59293
H          5.30339        7.92521        8.39250
C          7.77635        7.07675        3.36628
H          8.19447        8.07260        3.43094
H          7.92902        6.71129        2.35604
H          8.32613        6.43013        4.03880
C          5.28539        5.31054        3.36160
H          5.90037        4.53155        3.79658
H          5.31248        5.18063        2.28370
H          4.26104        5.15427        3.68070
C          4.97303        8.21221        2.62806
H          3.90502        8.15760        2.81265
H          5.13989        7.92155        1.59503
H          5.26636        9.25121        2.72305
N          8.58994        7.02270        9.45894
N          8.76616        5.66650        7.83098
N         10.13514        3.89935        8.70329
N          7.35502       10.18869        7.25125
N          5.75200        7.46328        5.49367
Si         6.59034       11.42130        8.19122
Si         8.38337       10.56980        5.90460
Si         4.19476        7.81750        6.17784
Si         5.93101        7.05519        3.82283
Fe         6.79135        8.50228        6.65635
H          9.72891        3.35066        7.95703
