60
CSD_code = YOBTEP | q = 0 | S = 0 | Stoichiometry = C20H34N4SiZr | MND = 9
Zr         2.65093        3.56945        3.13870
Si         0.32467        1.45156        3.16595
N          1.05158        5.26309        2.93752
C          0.67775        6.52208        3.15595
H          1.47344        7.26189        3.13696
N          0.60143        3.08460        2.66165
C         -0.62767        6.90086        3.39313
H         -0.88086        7.93478        3.56309
N          3.60967        4.42235        1.55144
C         -1.61068        5.90652        3.41027
H         -2.64196        6.17016        3.59886
C         -1.26040        4.60158        3.18252
H         -1.98699        3.80400        3.17646
N          2.92357        4.40100        4.99811
C          0.09639        4.28065        2.93261
C         -0.75049        1.31111        4.75206
H         -1.79118        1.50015        4.50779
H         -0.45854        2.03006        5.51169
H         -0.69897        0.31858        5.18570
C         -0.58535        0.40066        1.84129
H         -1.64061        0.31262        2.07789
H         -0.17690       -0.60251        1.79536
H         -0.50787        0.83440        0.85035
C          2.18130        1.11316        3.33641
C          2.96529        1.40539        4.48968
C          4.26297        1.78276        4.08016
C          4.31219        1.71975        2.65674
C          3.03205        1.33162        2.20385
C          2.65107        1.12582        0.76310
H          2.53524        0.06253        0.53954
H          3.42090        1.52920        0.10642
H          1.70345        1.61848        0.53578
C          5.52880        1.88982        1.78452
H          6.40077        2.15265        2.37974
H          5.36578        2.67515        1.04245
H          5.75280        0.95827        1.26040
C          5.40509        2.05759        5.02027
H          5.80670        1.12548        5.42708
H          5.06578        2.67127        5.85573
H          6.21739        2.58048        4.51609
C          2.57783        1.19602        5.92634
H          1.55947        0.82685        6.00442
H          2.66895        2.12223        6.49654
H          3.23981        0.45918        6.38772
C          1.74788        4.64218        5.80773
H          2.00206        4.62738        6.88594
H          0.99463        3.86577        5.62443
H          1.28153        5.63227        5.61480
C          3.87025        5.47721        5.18567
H          4.07729        5.63515        6.26099
H          3.50489        6.44996        4.78787
H          4.81854        5.22719        4.69792
C          2.73441        4.79938        0.45729
H          3.29648        4.84323       -0.49516
H          2.27433        5.79897        0.60271
H          1.93142        4.05945        0.34777
C          4.59238        5.45905        1.77501
H          5.13001        5.70034        0.83907
H          5.33516        5.11251        2.50306
H          4.14464        6.41031        2.13900
