96
CSD_code = YOLSUP | q = 0 | S = 0 | Stoichiometry = C42H48CoNP2Si2 | MND = 3
Co         3.62081        7.49267        4.08656
N          4.19572        5.70079        4.24950
Si         3.15030        4.56382        3.49108
Si         5.86849        5.56834        4.62665
P          3.35103        9.43914        3.15158
P          2.83780        7.73089        6.11311
C          4.35452        9.20358        1.64122
C          4.84127        7.91783        1.43683
H          4.63694        7.14733        2.18463
C          5.57829        7.62339        0.30447
H          5.95547        6.62343        0.14816
C          5.82782        8.61657       -0.62856
H          6.40327        8.39306       -1.51509
C          5.33899        9.89946       -0.43006
H          5.53459       10.66910       -1.16289
C          4.59913       10.19681        0.69958
H          4.21401       11.19523        0.85510
C          4.05575       10.96516        3.85447
C          5.42126       11.21814        3.74902
H          6.03957       10.56977        3.14355
C          5.98606       12.28962        4.41625
H          7.04496       12.48251        4.32236
C          5.19956       13.10924        5.20938
H          5.64314       13.94351        5.73266
C          3.84398       12.85093        5.33691
H          3.22818       13.48021        5.96290
C          3.27520       11.78188        4.67065
H          2.22094       11.57285        4.78074
C          1.82310       10.01709        2.32804
C          1.50655       11.34191        2.05740
H          2.16891       12.13643        2.36973
C          0.33483       11.64864        1.38731
H          0.09026       12.68135        1.18364
C         -0.52138       10.64156        0.97501
H         -1.43565       10.88892        0.45570
C         -0.20091        9.31658        1.22491
H         -0.86223        8.52775        0.89722
C          0.96579        9.00857        1.89702
H          1.22999        7.97645        2.09700
C          1.70226        9.15402        6.30599
C          0.68395        9.26827        5.36256
H          0.59928        8.51534        4.59116
C         -0.21124       10.31993        5.41142
H         -0.99162       10.40035        4.66847
C         -0.09643       11.27509        6.41016
H         -0.78792       12.10411        6.44846
C          0.90617       11.16268        7.35928
H          0.99179       11.90188        8.14270
C          1.80254       10.10812        7.31143
H          2.58003       10.02827        8.05684
C          4.14638        8.14583        7.31577
C          4.42562        7.40432        8.45693
H          3.82115        6.54451        8.70597
C          5.47724        7.76767        9.28193
H          5.68854        7.18418       10.16644
C          6.25737        8.87026        8.97902
H          7.07855        9.14626        9.62420
C          5.98102        9.61802        7.84465
H          6.58368       10.48112        7.60125
C          4.93684        9.25428        7.01790
H          4.71960        9.83251        6.13066
C          1.91403        6.43013        6.99642
C          0.67946        6.63899        7.59997
H          0.21057        7.61150        7.56052
C          0.04447        5.59773        8.25568
H         -0.91619        5.76549        8.72128
C          0.63518        4.34727        8.31953
H          0.13674        3.53957        8.83555
C          1.86388        4.13398        7.71380
H          2.32456        3.15757        7.76062
C          2.49709        5.16605        7.04775
H          3.43716        5.01104        6.54116
C          3.44389        4.38018        1.59996
H          3.21909        5.29442        1.05718
H          2.82199        3.59277        1.18437
H          4.47743        4.12157        1.39464
C          1.35991        5.20719        3.71754
H          0.90057        4.79640        4.60975
H          0.73095        4.95469        2.87025
H          1.36506        6.29217        3.82647
C          3.30766        2.81504        4.23730
H          4.34172        2.48811        4.22977
H          2.72907        2.09569        3.66686
H          2.95751        2.78242        5.26262
C          6.84312        4.52347        3.35797
H          6.44332        3.51729        3.30144
H          7.88889        4.44890        3.63805
H          6.79731        4.95237        2.36241
C          6.59283        7.34754        4.61843
H          7.28414        7.50140        3.79575
H          7.11708        7.56870        5.54214
H          5.78817        8.08374        4.51907
C          6.19907        4.79944        6.34856
H          5.83094        5.43642        7.14708
H          7.26352        4.65643        6.50848
H          5.72094        3.82987        6.44480
