58
CSD_code = YONHAK | q = 0 | S = 0 | Stoichiometry = C20H29CrNO5Si2 | MND = 9
Cr         1.40993        5.35268        3.78938
Si        -1.14689        4.21898        1.39771
Si        -1.19957        7.91928        2.67119
O         -2.58025        5.66063        7.21049
O         -2.70770        3.48362        6.58181
O          2.52320        3.63722        1.64157
O          4.35068        5.20824        4.16726
O          2.52394        7.61278        2.21185
N         -1.54855        4.98380        5.35553
C         -1.06897        4.06929        4.33985
C          0.28983        3.53004        4.71322
C          1.13329        4.11512        5.61964
C          1.16441        5.49596        6.02900
C          0.33095        6.50786        5.64508
C         -1.04004        6.30262        5.05477
C         -0.86042        6.26470        3.54165
C         -0.87676        4.96755        3.12515
C         -2.30780        4.60987        6.40084
C         -3.40756        5.36924        8.33528
C         -3.94664        6.67619        8.88642
C          1.98610        4.31313        2.40933
C          3.19762        5.25431        4.10065
C          1.98978        6.78487        2.81921
C          0.04158        4.86000        0.05231
C         -2.96633        4.61845        0.95912
C         -0.94780        2.32423        1.53150
C         -0.31510        9.30783        3.63989
C         -0.74262        8.06668        0.83403
C         -3.09275        8.14247        2.87176
H         -1.79248        3.26176        4.19989
H          0.46192        2.48970        4.46322
H          1.93432        3.50111        6.02267
H          1.99947        5.75972        6.67325
H          0.55017        7.51046        5.99018
H         -1.73863        7.06764        5.40337
H         -2.80792        4.84233        9.08682
H         -4.21699        4.70309        8.01769
H         -4.56956        6.47519        9.75294
H         -3.12605        7.32518        9.18077
H         -4.54073        7.18623        8.13251
H          0.64192        4.04487       -0.33783
H         -0.49677        5.29133       -0.78488
H          0.72772        5.60722        0.43800
H         -3.27227        4.07427        0.07133
H         -3.64105        4.33762        1.76224
H         -3.11023        5.67563        0.76195
H         -1.13672        1.85609        0.56997
H          0.06231        2.05665        1.82637
H         -1.63448        1.87906        2.24504
H         -0.49083       10.27104        3.17032
H         -0.66586        9.38247        4.66508
H          0.75885        9.15135        3.66469
H         -1.00865        9.05750        0.47856
H          0.32153        7.94006        0.67323
H         -1.26524        7.34625        0.21720
H         -3.43599        9.01443        2.32405
H         -3.64282        7.28415        2.49987
H         -3.37503        8.28256        3.91082
