95
CSD_code = YUDVUP | q = 0 | S = 0 | Stoichiometry = C26H62CrN2P2Si2 | MND = 4
Cr         3.95973        2.41470        4.55051
P          3.61124        0.66848        3.16683
P          4.44460        6.42303        0.30313
Si         6.19798        4.01340        3.80629
Si         1.13829        3.55027        5.77081
N          5.08837        3.19831        2.65559
C          4.35288       -0.97139        3.70607
H          4.32640       -1.70314        2.89130
C          4.25801        4.03844        1.82220
H          3.86987        4.83993        2.45220
H          3.39896        3.45857        1.46617
N          5.70037        3.09961        5.13767
C          4.59243        0.99300        1.61690
H          5.08059        0.08794        1.24906
H          3.92175        1.35972        0.83797
C          1.95604        0.11120        2.45200
H          1.40275       -0.28136        3.31362
C          2.25584        2.03102        5.74843
H          1.65164        1.13715        5.55259
H          2.66018        1.88075        6.75851
C          5.64098        2.05665        1.95110
H          6.38949        1.61283        2.60644
H          6.15097        2.36890        1.02691
C          3.13636        6.10013       -1.01924
H          3.49526        5.33225       -1.71537
C          2.01124       -0.96085        1.36840
H          1.00395       -1.17373        1.01111
H          2.43251       -1.88742        1.74899
H          2.60611       -0.63207        0.51941
C          3.56391       -1.48957        4.90219
H          4.04607       -2.36614        5.33255
H          2.55111       -1.76680        4.61896
H          3.51203       -0.70998        5.66119
C          5.79728       -0.69765        4.11000
H          6.18604       -1.50525        4.72781
H          5.83341        0.23581        4.67901
H          6.44037       -0.60232        3.23807
C          4.99360        4.66526        0.62479
H          4.88652        4.05589       -0.27603
H          6.05434        4.72431        0.87753
C          1.22015        1.35679        1.96438
H          0.16590        1.14284        1.79427
H          1.64022        1.71620        1.02593
H          1.30136        2.14737        2.71445
C          6.13025        3.21021        6.50911
C          0.95948        4.36658        7.49867
H          0.55808        3.66552        8.22410
H          0.29195        5.22279        7.46764
H          1.91756        4.71249        7.87469
C          5.89019        7.01055       -0.76140
H          5.53559        7.94596       -1.21173
C          1.89497        4.88663        4.61629
H          2.97178        4.94336        4.77303
H          1.48116        5.87382        4.80024
H          1.71825        4.65199        3.56929
C          1.87465        5.58887       -0.32725
H          1.08432        5.41599       -1.05699
H          1.51909        6.32119        0.39533
H          2.06240        4.65636        0.19908
C          5.20205        4.18846        7.25093
H          4.17153        3.84840        7.15617
H          5.28648        5.17864        6.80881
H          5.46368        4.25177        8.30505
C          6.34637        6.07447       -1.87531
H          7.12862        6.55838       -2.45979
H          5.53047        5.82651       -2.55001
H          6.75613        5.15229       -1.46953
C          7.05600        7.36451        0.16110
H          7.85408        7.84513       -0.40322
H          7.46910        6.47598        0.63512
H          6.72898        8.04818        0.94271
C         -0.64164        3.20045        5.14945
H         -1.17805        2.56806        5.84931
H         -0.64160        2.69587        4.18879
H         -1.20799        4.11986        5.03762
C          2.81768        7.37793       -1.78916
H          1.95953        7.21824       -2.44117
H          3.65482        7.69322       -2.40728
H          2.57457        8.18359       -1.09826
C          5.86725        5.90411        3.82576
H          5.84882        6.34410        2.83276
H          6.64700        6.40660        4.39052
H          4.92275        6.14306        4.30441
C          7.57663        3.70647        6.62548
H          8.23716        3.05942        6.05525
H          7.89531        3.71017        7.66524
H          7.65790        4.71476        6.22939
C          8.01330        3.84688        3.17659
H          8.67058        4.52253        3.71421
H          8.10822        4.07833        2.11889
H          8.39602        2.84139        3.32287
C          6.02328        1.82390        7.16591
H          5.02479        1.42222        6.99421
H          6.20620        1.89016        8.23573
H          6.75478        1.14877        6.72820
