43
CSD_code = YUTMAB | q = 0 | S = 0 | Stoichiometry = C19H17FeNO4Si | MND = 5
Fe         4.12816        2.17289        1.79012
Si         2.43483        1.92655        3.26920
O          6.37689        2.58672        0.00283
O          5.74410        0.21252        3.27603
O          4.16478        5.01921        2.53399
O          2.49688        1.35508       -0.51486
N          1.29647        0.19719        3.11942
C          5.48685        2.42655        0.71182
C          5.09763        0.98022        2.70621
C          4.14506        3.90272        2.25106
C          3.11518        1.67859        0.40844
C          2.61879        1.37544        5.09118
C          3.58135        1.79708        5.99403
C          3.62199        1.26324        7.27161
C          2.70440        0.29775        7.65192
C          1.74053       -0.13894        6.75637
C          1.70351        0.40174        5.48418
C          0.69160        0.02367        4.44176
C          0.28536        0.28312        2.07870
C          2.19637       -0.91497        2.84640
C          0.92831        3.12840        3.36377
C          0.46916        3.73494        2.19626
C         -0.58380        4.63111        2.21900
C         -1.19541        4.95019        3.42013
C         -0.74163        4.37247        4.59356
C          0.31064        3.47392        4.56429
H          4.29886        2.54487        5.69024
H          4.37363        1.59540        7.97208
H          2.74100       -0.12125        8.64643
H          1.02485       -0.89421        7.04966
H          0.33172       -1.00285        4.57615
H         -0.16570        0.70022        4.51679
H          0.76764        0.41083        1.11283
H         -0.32749       -0.62178        2.04805
H         -0.35627        1.14292        2.26025
H          2.72406       -0.73776        1.91058
H          2.93000       -0.99312        3.64563
H          1.64464       -1.85615        2.77624
H          0.95294        3.50296        1.25753
H         -0.92394        5.08707        1.30063
H         -2.01549        5.65279        3.44220
H         -1.20537        4.62618        5.53602
H          0.66410        3.04079        5.48949
