75
CSD_code = ZAVDUV | q = 0 | S = 0 | Stoichiometry = C32H39PSi2Zr | MND = 13
Zr         3.94556        6.19264       11.11187
P          6.66411        5.52454        9.71529
Si         8.90467        5.83977        9.61045
Si         6.14913        4.50293        7.75214
C          5.52301        7.44564       12.65382
C          5.92252        6.10477       12.82202
C          4.86742        5.40494       13.43660
C          3.82011        6.31459       13.67159
C          4.21601        7.57781       13.18163
C          1.72532        5.41273       10.04957
C          1.48585        5.46613       11.44023
C          1.51957        6.81722       11.83214
C          1.82113        7.59748       10.70164
C          1.93793        6.72807        9.59294
C          4.91681        7.59171        9.67281
C          6.10838        7.18288        9.21372
C          4.39134        8.88675        9.21877
C          4.10250        9.10245        7.86801
C          3.57145       10.30419        7.43968
C          3.33404       11.32523        8.34484
C          3.63349       11.13418        9.68472
C          4.14807        9.92828       10.12023
C          9.43879        6.43652       11.34941
C          9.74860        4.16747        9.23843
C          9.52365        7.15165        8.35674
C          4.25424        4.70649        7.62914
C          6.61884        2.65629        7.80995
C          6.93995        5.30968        6.20015
C          4.24646        4.03939       10.83891
C          4.42406        2.83469       10.80148
C          4.66664        1.43709       10.73409
C          5.88898        0.92073       11.17234
C          6.13853       -0.43516       11.09674
C          5.17822       -1.29470       10.58635
C          3.96333       -0.79052       10.15013
C          3.70528        0.56456       10.22099
H          6.16515        8.25644       12.32892
H          6.90678        5.70593       12.62438
H          4.90555        4.37932       13.78085
H          2.93278        6.10504       14.25638
H          3.68586        8.51168       13.33781
H          1.63038        4.53089        9.42908
H          1.19259        4.62755       12.06103
H          1.22822        7.20459       12.79959
H          1.79041        8.67869       10.65113
H          2.01067        7.04107        8.55841
H          6.75172        7.77618        8.56037
H          4.29241        8.30696        7.15841
H          3.34682       10.44894        6.39241
H          2.92157       12.26500        8.00924
H          3.45945       11.93146       10.39379
H          4.38369        9.78785       11.16968
H          6.63374        1.59804       11.56805
H          7.08677       -0.82713       11.43701
H          5.37633       -2.35514       10.52931
H          3.21356       -1.45997        9.75231
H          2.75830        0.96076        9.88095
H          8.83015        7.27268       11.68195
H         10.47552        6.75962       11.35624
H          9.34041        5.64367       12.08481
H          9.72060        3.93128        8.18005
H          9.25535        3.36138        9.77126
H         10.78878        4.18178        9.54606
H          9.13566        6.97727        7.35891
H         10.60784        7.13882        8.29565
H          9.22670        8.15126        8.65896
H          3.75796        3.94904        8.23053
H          3.88983        4.61796        6.61001
H          3.96280        5.68615        8.01550
H          6.31489        2.21026        8.75031
H          7.68678        2.50674        7.70035
H          6.12612        2.11162        7.01155
H          8.01220        5.14473        6.17218
H          6.76556        6.38091        6.17870
H          6.52125        4.89057        5.29040
