87
CSD_code = ZAWYOL | q = 0 | S = 0 | Stoichiometry = C24H54Cl2N2Si4Zr | MND = 8
Zr         4.70991        4.21717        0.72593
Cl         3.92356        3.72944        2.92052
Cl         6.18426        5.40301       -0.71956
Si         4.48695        2.68728       -2.68078
Si         3.25788        6.94080        0.75091
Si         1.49814        2.31502        0.42363
Si         6.97918        2.31247        1.58571
N          3.12382        5.36766        0.07660
N          5.57532        2.34727        0.59859
C          3.53933        3.45346       -1.21707
C          3.04259        4.76420       -1.14456
C          2.41674        5.50498       -2.33667
C          3.47775        6.36340       -3.04962
C          1.27148        6.42747       -1.88963
C          1.75236        4.51744       -3.30538
C          5.03448        3.73629       -4.19889
C          6.22495        2.04647       -2.18511
C          3.50190        1.20619       -3.41828
C          4.68791        6.82455        2.05162
C          1.69354        7.44049        1.74235
C          3.83131        8.45868       -0.28296
C          3.33055        2.43384       -0.08192
C          4.39020        1.68619        0.45407
C          4.27486        0.20517        0.84744
C          3.23665       -0.51205       -0.02587
C          5.58512       -0.55258        0.58059
C          3.93731        0.07369        2.34394
C          0.92099        1.24025        1.91242
C          0.42492        1.73240       -1.06519
C          0.78992        3.98775        1.03727
C          8.54880        1.80228        0.60825
C          7.26707        4.15131        2.12025
C          7.01251        1.42477        3.29233
H          3.47576        7.37193       -2.65174
H          4.47166        5.95351       -2.91081
H          3.26681        6.42248       -4.11471
H          0.90648        6.97492       -2.75676
H          0.44508        5.84860       -1.48409
H          1.58630        7.14715       -1.14542
H          1.27582        5.07304       -4.11142
H          2.45152        3.81929       -3.74113
H          0.98604        3.95373       -2.78163
H          5.49452        3.05743       -4.91176
H          4.24767        4.25936       -4.72497
H          5.79068        4.46279       -3.92000
H          6.76936        1.74010       -3.07489
H          6.79754        2.83622       -1.70488
H          6.20023        1.20158       -1.51064
H          4.18255        0.40747       -3.69300
H          2.77175        0.79721       -2.73062
H          2.97362        1.49419       -4.32105
H          4.85523        7.80855        2.48720
H          4.44444        6.16368        2.88550
H          5.63727        6.53051        1.58874
H          1.81664        8.43589        2.15492
H          0.79478        7.44674        1.13625
H          1.52258        6.76186        2.57149
H          4.09507        9.27191        0.38718
H          4.71550        8.22095       -0.86743
H          3.07137        8.84079       -0.95576
H          3.21267       -1.56742        0.24078
H          2.24074       -0.11036        0.08776
H          3.52198       -0.43168       -1.07061
H          5.47088       -1.57844        0.92613
H          5.80690       -0.57775       -0.48366
H          6.42863       -0.11536        1.09851
H          4.84554       -0.02517        2.92771
H          3.40463        0.94650        2.70380
H          3.32716       -0.80883        2.52062
H         -0.16362        1.29445        1.94897
H          1.18260        0.19172        1.87224
H          1.28984        1.64132        2.85078
H         -0.52159        2.26231       -1.07010
H          0.90209        1.89802       -2.02335
H          0.19338        0.67483       -0.99515
H         -0.21225        3.83858        1.43140
H          1.40334        4.38742        1.84107
H          0.72796        4.74209        0.26503
H          9.41304        1.80829        1.26341
H          8.47266        0.81064        0.17704
H          8.74819        2.49545       -0.20222
H          8.09730        4.19671        2.82346
H          7.54475        4.79230        1.28179
H          6.39657        4.56152        2.64661
H          7.88456        1.75090        3.85195
H          6.13581        1.67888        3.88126
H          7.07241        0.34426        3.22048
