79
CSD_code = ZAWYED | q = 0 | S = 0 | Stoichiometry = C29H43ClN2P2SiZr | MND = 12
C          7.30225        6.18754        5.43013
H          8.08496        6.77391        5.89677
C          7.47448        5.17511        4.45427
H          8.42172        4.89043        4.00719
C          6.26276        4.47515        4.28639
H          6.11857        3.58088        3.69492
C          5.33579        4.97801        5.24209
C          4.03771        4.58028        5.60642
H          3.56615        3.74562        5.10573
C          3.38599        5.27273        6.59565
H          2.38872        4.97914        6.88777
C          3.98650        6.36766        7.24012
H          3.43064        6.88990        8.00510
C          5.26295        6.76870        6.93022
H          5.73497        7.59053        7.45417
C          5.97084        6.06563        5.93826
C          7.76937        6.51111        1.64817
H          8.83273        6.34580        1.75327
C          7.14197        7.76042        1.47431
H          7.65014        8.71763        1.45734
C          5.77649        7.56166        1.14613
H          5.08759        8.32515        0.80870
C          5.56581        6.15237        1.04197
C          4.45685        5.38016        0.64619
H          3.52037        5.85997        0.39608
C          4.59616        4.01861        0.54787
H          3.75775        3.41513        0.23375
C          5.82018        3.38506        0.82405
H          5.89104        2.31328        0.70827
C          6.92089        4.10283        1.22016
H          7.86647        3.60991        1.40691
C          6.81429        5.50002        1.34953
C          5.46606       12.31292        4.92428
H          5.38602       11.42261        5.55609
H          4.52457       12.87406        5.00552
C          6.59308       13.19516        5.45862
H          7.54780       12.68494        5.37447
H          6.40655       13.41549        6.50715
H          6.64673       14.13800        4.91930
C          5.77964       12.84763        2.53316
H          5.99613       12.31347        1.60217
H          6.62382       13.51634        2.73927
C          4.51703       13.68676        2.33560
H          3.65762       13.04051        2.17450
H          4.63631       14.33058        1.46766
H          4.32496       14.31416        3.20260
C          3.13278       10.06715        1.94227
H          3.85704       10.24444        1.13759
H          2.58277       11.00686        2.08556
C          2.15192        8.98145        1.51180
H          2.65456        8.01983        1.45838
H          1.73915        9.22800        0.53581
H          1.33299        8.89519        2.22036
C          3.12126        9.61216        4.35846
H          3.83245        9.46593        5.18128
H          2.49539        8.71531        4.30476
C          2.22603       10.81245        4.66946
H          2.77153       11.74467        4.55285
H          1.87675       10.74099        5.69645
H          1.35569       10.83349        4.01744
C          8.81770       11.09411        3.08704
H          8.58497       12.06881        3.49721
H          8.21477       10.97479        2.19131
H          9.86379       11.09759        2.79508
C          9.14524       10.22640        6.07711
H         10.10016       10.73392        5.98582
H          9.29359        9.35805        6.71211
H          8.45697       10.88801        6.59246
C          9.65231        8.27500        3.78378
H         10.58538        8.34661        4.33306
H          9.89697        8.35759        2.72957
H          9.24240        7.28507        3.96102
Si         8.47917        9.69633        4.35793
P          6.32735        9.11982        4.72591
P          5.55124       10.21327        3.04255
Cl         3.63499        6.60307        3.43648
Zr         5.94716        6.90805        3.47627
N          5.67300       11.84341        3.57115
N          3.89972        9.71587        3.13154
