130
CSD_code = ZAYWOO | q = 0 | S = 0 | Stoichiometry = C56H67O5SiY | MND = 6
Y         10.82166        1.19394        5.30833
Si        12.97803        3.95107        5.69665
O          9.61031        2.73687        4.89358
O         10.31620        0.58329        2.94119
O          8.59636       -0.06744        5.12302
O         11.31366       -0.72908        5.62129
O         10.51259        1.04488        7.88890
C          8.69268        3.06093        4.02124
C          8.93576        3.09887        2.62346
C          7.92684        3.43294        1.73365
H          8.17959        3.44283        0.68219
C          6.63167        3.72891        2.14151
C          6.39327        3.72611        3.50792
H          5.42225        3.99375        3.89368
C          7.38126        3.42284        4.43478
C         10.27652        2.83643        2.06274
C         10.92942        1.61057        2.21463
C         12.18043        1.39801        1.64645
H         12.66786        0.44366        1.78634
C         12.79223        2.40070        0.91698
H         13.76722        2.23019        0.48638
C         12.14938        3.61562        0.74363
H         12.61912        4.40001        0.16903
C         10.90755        3.82643        1.31059
H         10.40642        4.77481        1.18343
C          9.93396       -0.55437        2.15849
H         10.46882       -0.52771        1.20241
H         10.23802       -1.45074        2.70884
C          8.33489       -0.73919        6.31780
C          8.94179       -1.97233        6.57846
C          8.62124       -2.62221        7.76934
H          9.08575       -3.57538        7.97827
C          7.72778       -2.07466        8.67068
H          7.49219       -2.60131        9.58423
C          7.13632       -0.85108        8.40057
H          6.43364       -0.41545        9.09592
C          7.44003       -0.18713        7.22587
H          6.98309        0.76621        6.99935
C          9.85795       -2.60563        5.61394
C         11.00623       -1.91145        5.16032
C         11.82447       -2.59151        4.21482
C         11.49158       -3.87022        3.79494
H         12.15601       -4.35168        3.09201
C         10.37337       -4.55392        4.26093
C          9.57180       -3.89296        5.17907
H          8.68130       -4.35918        5.57231
C          5.56626        4.04213        1.10295
C          7.05032        3.47973        5.86618
C          7.89682        4.12250        6.76692
H          8.80862        4.57040        6.40239
C          7.56272        4.20950        8.10607
H          8.22228        4.72281        8.79160
C          6.38330        3.65105        8.57278
H          6.12541        3.71988        9.61976
C          5.53473        3.00805        7.68707
H          4.61279        2.56899        8.04264
C          5.86445        2.92396        6.34612
H          5.20024        2.41449        5.66084
C         10.08007       -5.95657        3.75169
C          9.89371       -5.90828        2.22822
H         10.79261       -5.55172        1.73295
H          9.07390       -5.24020        1.97042
H          9.66455       -6.90047        1.84442
C         13.01173       -1.93290        3.64843
C         13.88037       -1.18885        4.44536
H         13.69371       -1.11711        5.50616
C         14.99297       -0.57676        3.89616
H         15.65645       -0.00436        4.52824
C         15.26567       -0.70059        2.54432
H         16.13543       -0.22297        2.11726
C         14.41555       -1.44451        1.74212
H         14.62007       -1.54709        0.68515
C         13.29785       -2.04974        2.28710
H         12.62932       -2.60950        1.64703
C         11.49611        0.28341        8.58373
H         12.31054        0.94608        8.91237
H         11.88250       -0.46640        7.89267
C         10.76088       -0.31023        9.78615
H         10.27332       -1.24056        9.49758
H         11.43450       -0.50739       10.61686
C          9.71239        0.76269       10.11305
H          9.95164        1.29552       11.03156
H          8.72400        0.32090       10.21752
C          9.76806        1.71243        8.90360
H          8.78556        1.94995        8.49461
H         10.27879        2.64560        9.17606
C         12.91961        2.11849        5.26189
H         13.56376        1.56708        5.95692
H         13.35294        1.97395        4.26414
C         12.18700        5.02835        4.33156
H         12.70178        4.90315        3.38414
H         12.21023        6.08403        4.58442
H         11.15113        4.74292        4.18238
C         12.01729        4.24911        7.32971
H         11.00601        3.86075        7.22961
H         11.94921        5.30462        7.57613
H         12.49337        3.74854        8.16867
C         14.75781        4.61734        5.97680
H         15.26226        4.07411        6.76945
H         14.75640        5.66767        6.24961
H         15.35691        4.51344        5.07820
C         11.25758       -6.87751        4.09982
H         11.06151       -7.88931        3.75005
H         11.40485       -6.90636        5.17741
H         12.17921       -6.53073        3.64095
C          8.81139       -6.55233        4.36805
H          7.93794       -5.95130        4.12505
H          8.90140       -6.62807        5.44915
H          8.65096       -7.55375        3.97304
C          5.99860        5.26744        0.28604
H          6.93171        5.08229       -0.23883
H          6.14064        6.12333        0.94243
H          5.23721        5.51823       -0.45006
C          4.20399        4.34465        1.73244
H          3.47913        4.55453        0.94807
H          4.25903        5.21553        2.38121
H          3.84153        3.49527        2.30705
C          5.40517        2.83039        0.17317
H          5.11253        1.95267        0.74665
H          6.33357        2.60497       -0.34475
H          4.63795        3.02683       -0.57315
C          7.47956       -0.03513        4.22724
H          6.56217       -0.22349        4.79683
H          7.42539        0.97159        3.80285
C          8.42536       -0.59373        1.90134
H          8.25112       -1.28103        1.07053
H          8.08919        0.40033        1.59593
C          7.60024       -1.06788        3.10041
H          6.59118       -1.29568        2.74992
H          8.03385       -1.98599        3.50474
