115
CSD_code = ZEJLEH | q = 0 | S = 0 | Stoichiometry = C46H62Cl2O2Si2Zr | MND = 12
Zr         0.48891        1.96507        2.28662
Cl         1.54255       -3.63589        6.52099
Cl         4.38201        1.51458        9.55937
Si        -0.59976        5.50222        6.32859
Si        -4.21923        1.03033        4.48231
O         -0.92638        0.68669        2.14666
O          1.30878        2.66320        3.86704
C          2.40031        1.48631        0.57388
H          2.64230        2.07718       -0.30067
C          3.01282        1.60391        1.83604
H          3.77132        2.32554        2.11297
C          2.58368        0.51951        2.62990
H          2.96515        0.27038        3.61251
C          1.70077       -0.26322        1.85652
H          1.29027       -1.22548        2.13730
C          1.57909        0.34098        0.58869
H          1.04811       -0.07484       -0.25861
C         -0.04148        3.15857        0.09789
H          0.17622        2.74782       -0.88045
C          0.79419        4.02611        0.84267
H          1.76544        4.39813        0.53708
C          0.05938        4.48254        1.95372
H          0.37116        5.26057        2.63795
C         -1.22322        3.89454        1.90318
H         -2.05748        4.14753        2.54373
C         -1.28573        3.08781        0.75007
H         -2.16739        2.58540        0.37502
C         -1.73329        0.07104        3.08425
H         -2.51694       -0.51204        2.57012
C         -0.92532       -0.88329        3.95224
C          0.17658       -0.39686        4.65079
H          0.44193        0.65591        4.55486
C          0.93768       -1.23932        5.44174
H          1.78834       -0.85905        5.98625
C          0.60082       -2.58260        5.52714
C         -0.47287       -3.08961        4.81414
H         -0.71240       -4.13977        4.87128
C         -1.22810       -2.23710        4.02594
H         -2.04889       -2.63852        3.44913
C         -2.39462        1.12280        3.97489
C         -1.61856        2.12205        4.34895
C         -1.05637        3.13098        4.87287
C         -0.14347        3.99124        5.27828
C          1.28062        3.63271        4.84938
H          1.78311        4.54875        4.48719
C          2.04053        3.14301        6.07348
C          1.55554        2.06860        6.81066
H          0.60100        1.63375        6.55408
C          2.27255        1.55871        7.87789
H          1.89106        0.72499        8.44660
C          3.48341        2.13927        8.22145
C          3.97791        3.21752        7.50614
H          4.92069        3.66219        7.78361
C          3.25584        3.70936        6.43294
H          3.64828        4.54176        5.86758
C         -0.92339        4.93463        8.14877
H         -1.45924        5.74093        8.65906
C         -1.81716        3.69683        8.18592
H         -1.32846        2.86094        7.69184
H         -2.76255        3.88366        7.68285
H         -2.02952        3.40839        9.21458
C          0.35141        4.67000        8.94734
H          0.10188        4.37516        9.96599
H          0.97741        5.55623        8.99932
H          0.93015        3.86937        8.49717
C          0.81472        6.81391        6.36509
H          1.68619        6.31519        6.80487
C          1.24762        7.35545        5.00327
H          0.45431        7.93770        4.54494
H          1.51789        6.55551        4.31975
H          2.11498        8.00516        5.11824
C          0.45400        7.99442        7.26843
H          1.30394        8.66785        7.37235
H          0.16116        7.66170        8.25996
H         -0.36995        8.56109        6.84180
C         -2.29377        6.08874        5.59715
H         -2.83666        5.17235        5.34305
C         -3.15624        6.86701        6.59006
H         -2.65323        7.77309        6.91787
H         -3.38625        6.26812        7.46628
H         -4.09727        7.15658        6.12339
C         -2.16344        6.89481        4.30513
H         -3.14092        7.03064        3.84367
H         -1.52060        6.39133        3.58948
H         -1.75611        7.88182        4.50916
C         -4.36009       -0.14806        6.00866
H         -5.31189        0.05582        6.50782
C         -4.35364       -1.63149        5.64911
H         -3.41040       -1.90409        5.18483
H         -5.16492       -1.87633        4.96904
H         -4.47287       -2.23626        6.54728
C         -3.24108        0.13772        7.00975
H         -3.35499       -0.48215        7.89784
H         -3.24853        1.17990        7.31644
H         -2.27166       -0.08011        6.56554
C         -4.70243        2.80657        5.06454
H         -3.82798        3.19326        5.60037
C         -4.97695        3.76176        3.90398
H         -5.90085        3.49386        3.39777
H         -4.16603        3.73764        3.18107
H         -5.08344        4.78320        4.26742
C         -5.87932        2.83823        6.03835
H         -6.10463        3.86590        6.32118
H         -5.65210        2.28337        6.94390
H         -6.77099        2.41006        5.58783
C         -5.23087        0.32466        3.00071
H         -4.93065       -0.72249        2.88190
C         -6.73554        0.33203        3.26809
H         -7.10615        1.35057        3.34827
H         -6.96982       -0.19003        4.19252
H         -7.27064       -0.15585        2.45438
C         -4.92942        1.02695        1.67614
H         -5.40575        0.49716        0.85174
H         -3.85920        1.06281        1.48728
H         -5.30682        2.04492        1.68144
