58
CSD_code = ZERBUT | q = 0 | S = 0 | Stoichiometry = C22H31ClNNbSi2 | MND = 12
Nb         0.02189        3.17965        4.73302
Cl        -2.26760        3.06585        4.50385
Si        -0.93009        0.70462        7.25387
Si        -0.03102        4.78043        1.53784
N          0.56466        1.99770        3.52313
C          0.98885        1.01661        2.71496
C          2.36184        0.72388        2.60815
C          2.80026       -0.28894        1.78214
C          1.89326       -1.03471        1.04355
C          0.53670       -0.76187        1.14145
C          0.08197        0.24674        1.96374
C         -0.00401        2.32868        7.00296
C         -0.51900        3.64059        7.12049
C          0.49486        4.56109        6.83810
C          1.66209        3.84106        6.50960
C          1.35784        2.46213        6.60543
C         -0.88123       -0.26664        5.60536
C         -0.05520       -0.29297        8.62625
C         -2.73573        1.07314        7.74970
C          0.33359        4.96660        3.41669
C         -0.48001        6.00317        4.05060
C          0.32993        6.95378        4.59656
C          1.68605        6.58600        4.36514
C          1.70696        5.41265        3.67340
C         -0.21181        6.53945        0.80379
C          1.44371        3.90768        0.69025
C         -1.64416        3.79678        1.25319
H          3.05320        1.31938        3.19163
H          3.85694       -0.50198        1.70914
H          2.24198       -1.82493        0.39633
H         -0.17015       -1.34498        0.56947
H         -0.97296        0.46757        2.05388
H         -1.51658        3.88777        7.46225
H          0.42786        5.63506        6.93907
H          2.64965        4.26280        6.36823
H          2.08247        1.65506        6.57635
H          0.13773       -0.35746        5.23028
H         -1.46604        0.24107        4.83771
H         -1.28090       -1.27032        5.71715
H         -0.02429        0.25686        9.56151
H          0.96579       -0.54216        8.35584
H         -0.58319       -1.22229        8.80880
H         -3.24528        1.65628        6.98711
H         -2.79047        1.62227        8.68542
H         -3.29123        0.15005        7.88100
H         -1.56167        6.02164        4.01680
H          0.01531        7.83955        5.12424
H          2.53959        7.15341        4.69773
H          2.57900        4.89313        3.30192
H         -0.23897        6.50623       -0.28007
H          0.62113        7.17108        1.09595
H         -1.12209        7.02340        1.14241
H          1.16799        3.56525       -0.30131
H          1.76687        3.04285        1.26148
H          2.28985        4.57814        0.58067
H         -1.87055        3.71615        0.19501
H         -2.49439        4.27013        1.73640
H         -1.54820        2.79201        1.65939
