88
CSD_code = ZEWHEO | q = 0 | S = 0 | Stoichiometry = C40H40Cl2N2P2RuSi | MND = 5
Ru        -0.90310        3.03206        9.93855
Cl         1.09510        3.63371        8.78864
Cl        -2.61930        2.64158       11.52723
P         -1.98609        3.99066        8.24636
P         -0.98236        0.82650        9.30138
Si         0.13622        4.96409       12.10803
N         -1.51959        5.61740        8.53855
N         -0.76626        4.98481       10.59845
C         -1.43040        3.69727        6.54591
C         -2.03770        2.66240        5.83870
C         -1.59647        2.33627        4.57129
C         -0.53649        3.03010        4.00924
C          0.07968        4.04907        4.71603
C         -0.36175        4.38388        5.98351
C         -3.78124        4.28116        8.02294
C         -4.28707        4.78874        6.83038
C         -5.63537        5.07814        6.72308
C         -6.48067        4.86954        7.80150
C         -5.97572        4.37712        8.99388
C         -4.62790        4.08622        9.10870
C         -1.00585        5.92434        9.76481
C         -0.74795        7.35408       10.02401
C          0.08404        8.07573        9.17411
C          0.34641        9.40841        9.43461
C         -0.23378       10.03093       10.52780
C         -1.07702        9.31824       11.36491
C         -1.33196        7.98165       11.11861
C          1.56195        6.22418       12.09274
C         -1.04382        5.20237       13.58359
C          0.83204        3.17646       12.06836
C         -0.56217        0.28926        7.60873
C          0.57012        0.83491        7.00869
C          0.93788        0.44697        5.73401
C          0.17959       -0.48548        5.04555
C         -0.94825       -1.02924        5.63730
C         -1.32075       -0.64724        6.91368
C         -2.61258        0.04396        9.52705
C         -3.70029        0.74471        9.01744
C         -4.98048        0.24356        9.13858
C         -5.18351       -0.97211        9.77318
C         -4.10401       -1.67985       10.27415
C         -2.81892       -1.17917       10.15263
C          0.10414       -0.20156       10.34248
C          1.20000       -0.90774        9.86299
C          2.01040       -1.60129       10.74629
C          1.73544       -1.59311       12.10316
C          0.64456       -0.88571       12.58636
C         -0.16514       -0.18708       11.71265
H         -2.85928        2.11994        6.28866
H         -2.07248        1.53598        4.02430
H         -0.18666        2.77044        3.02085
H          0.91297        4.58134        4.28103
H          0.13492        5.15843        6.54832
H         -3.62791        4.94686        5.98719
H         -6.02798        5.46690        5.79448
H         -7.53374        5.09253        7.70981
H         -6.63188        4.21655        9.83635
H         -4.22485        3.69209       10.03252
H          0.54674        7.58071        8.33291
H          1.00535        9.96290        8.78330
H         -0.02911       11.07214       10.72722
H         -1.53541        9.80512       12.21277
H         -1.99341        7.41719       11.75753
H          1.15002        1.57628        7.54007
H          1.81669        0.87705        5.27661
H          0.46525       -0.78770        4.04824
H         -1.54226       -1.75734        5.10302
H         -2.20179       -1.07758        7.36818
H         -3.51985        1.70175        8.53979
H         -5.81855        0.80355        8.74890
H         -6.18372       -1.36561        9.88129
H         -4.26246       -2.62797       10.76790
H         -1.98143       -1.73805       10.54608
H          1.41727       -0.91366        8.80445
H          2.86251       -2.14968       10.37132
H          2.37270       -2.13515       12.78666
H          0.42953       -0.87776       13.64523
H         -1.02114        0.37023       12.07896
H          2.24184        6.02398       12.91348
H          2.12839        6.16811       11.16845
H          1.19940        7.24021       12.20280
H         -0.56056        4.86968       14.49641
H         -1.31729        6.24340       13.72049
H         -1.95287        4.62096       13.45682
H          0.83872        2.70453       13.04778
H          0.19348        2.53308       11.41668
H          1.84111        3.13620       11.66011
H         -1.81167        6.37674        7.93211
