148
CSD_code = ZEWKER | q = 0 | S = 0 | Stoichiometry = C78H64P3ReSSi | MND = 4
Re        15.33999        3.87250        8.38852
S         17.38260        3.30016        9.21964
P         15.44677        5.51056        6.73743
P         13.94981        2.15947        7.65598
P         14.11367        4.96170       10.05402
Si        19.99009        2.57000       10.44749
C         21.74735        2.03585       10.90801
C         22.58042        2.81744       11.69580
C         23.85283        2.39087       12.03318
C         24.31334        1.16436       11.58655
C         23.49049        0.36567       10.80991
C         22.22025        0.80014       10.48022
C         18.89398        1.17543       11.12975
C         18.73397        0.99633       12.49971
C         17.96133       -0.03676       12.99899
C         17.32871       -0.91302       12.13266
C         17.49241       -0.76196       10.76643
C         18.27580        0.26696       10.27787
C         19.64190        4.26105       11.23120
C         18.62190        4.46913       12.15312
C         18.42824        5.70962       12.73400
C         19.25429        6.76971       12.39977
C         20.25943        6.58652       11.46486
C         20.44656        5.34350       10.88710
C         19.85952        2.62439        8.56215
C         20.88058        2.33293        7.67321
C         20.64757        2.29731        6.30750
C         19.37556        2.54000        5.81410
C         18.34308        2.84864        6.67635
C         18.59246        2.90938        8.04089
C         17.22566        5.89895        6.53344
C         17.90239        6.31610        7.67775
C         19.26974        6.50348        7.65870
C         19.98017        6.27124        6.49122
C         19.31336        5.87086        5.34634
C         17.94201        5.67909        5.36301
C         14.73298        7.17998        6.97066
C         13.36104        7.23711        7.19378
C         12.71828        8.45457        7.30162
C         13.44689        9.63043        7.21228
C         14.81609        9.57936        7.01585
C         15.46021        8.36073        6.88479
C         14.98898        5.20399        4.99237
C         14.94913        3.88362        4.56158
C         14.66730        3.58063        3.24406
C         14.41570        4.60415        2.34413
C         14.45036        5.92301        2.76779
C         14.74003        6.22837        4.08637
C         14.87859        0.96930        6.61077
C         16.12876        0.57484        7.08251
C         16.92883       -0.27711        6.34667
C         16.48915       -0.73776        5.11645
C         15.25142       -0.34427        4.63482
C         14.44645        0.50618        5.37312
C         12.39243        2.31454        6.71630
C         11.48131        1.26716        6.63461
C         10.32464        1.41929        5.89100
C         10.07504        2.60814        5.22335
C         10.98294        3.65256        5.30162
C         12.13582        3.50516        6.04993
C         13.39257        1.05283        9.01398
C         12.37744        1.54745        9.83254
C         11.97340        0.84809       10.95205
C         12.58232       -0.35501       11.27531
C         13.58269       -0.85787       10.46219
C         13.98820       -0.16131        9.33579
C         14.62818        6.68862       10.33977
C         13.77165        7.77893       10.25619
C         14.27116        9.06064       10.40461
C         15.62329        9.26482       10.62216
C         16.48173        8.18059       10.71120
C         15.98532        6.89944       10.57345
C         12.30449        5.07418       10.28170
C         11.72324        5.41468       11.49738
C         10.34582        5.49707       11.60117
C          9.54328        5.24295       10.50001
C         10.11971        4.89587        9.28864
C         11.49587        4.80930        9.18413
C         14.64412        4.20560       11.63544
C         14.79502        4.92892       12.81512
C         15.20137        4.28725       13.97129
C         15.46292        2.92638       13.96389
C         15.32265        2.20308       12.79171
C         14.92133        2.84343       11.63535
H         22.22737        3.77465       12.05369
H         24.48719        3.01612       12.64623
H         25.30773        0.82957       11.84577
H         23.84069       -0.59701       10.46388
H         21.57832        0.16802        9.88122
H         19.22892        1.67216       13.18366
H         17.84940       -0.15862       14.06782
H         16.71593       -1.71466       12.52144
H         17.01401       -1.45020       10.08267
H         18.41810        0.36676        9.20947
H         17.95918        3.65391       12.41019
H         17.62849        5.84903       13.44797
H         19.11343        7.73502       12.86616
H         20.90121        7.41338       11.19020
H         21.23152        5.20438       10.15503
H         21.86930        2.12510        8.05918
H         21.45571        2.06655        5.62802
H         19.18119        2.48966        4.75184
H         17.34465        3.04026        6.29416
H         17.33612        6.48615        8.58494
H         19.78141        6.81593        8.55765
H         21.05290        6.39888        6.47591
H         19.86620        5.69132        4.43534
H         17.43288        5.34913        4.46844
H         12.82170        6.30586        7.29329
H         11.65003        8.48956        7.46107
H         12.94949       10.58559        7.29893
H         15.38757       10.49456        6.95428
H         16.52653        8.33366        6.71039
H         15.12402        3.10255        5.29205
H         14.64343        2.55038        2.92003
H         14.19053        4.37518        1.31271
H         14.25236        6.71950        2.06500
H         14.77226        7.25797        4.41257
H         16.47034        0.95054        8.04049
H         17.89761       -0.57417        6.72408
H         17.11362       -1.39765        4.53210
H         14.91101       -0.70060        3.67288
H         13.48674        0.81646        4.98613
H         11.68010        0.33789        7.15087
H          9.61490        0.60680        5.82920
H          9.17064        2.71881        4.64285
H         10.79200        4.57973        4.78116
H         12.86649        4.30016        6.14660
H         11.92085        2.49309        9.57955
H         11.18809        1.24598       11.57856
H         12.27684       -0.89883       12.15736
H         14.05572       -1.79878       10.70546
H         14.76547       -0.57377        8.70885
H         12.71734        7.62104       10.08394
H         13.60091        9.90593       10.34627
H         16.00877       10.26847       10.72755
H         17.53724        8.33213       10.88608
H         16.64437        6.04333       10.66938
H         12.34218        5.61118       12.36037
H          9.89465        5.75979       12.54734
H          8.46887        5.30936       10.59061
H          9.50013        4.68460        8.42898
H         11.98476        4.51261        8.26520
H         14.61655        5.99606       12.82502
H         15.31913        4.85358       14.88489
H         15.78534        2.43334       14.86960
H         15.53664        1.14478       12.77199
H         14.83140        2.28339       10.71234
