81
CSD_code = ZIGLAF | q = 0 | S = 0 | Stoichiometry = C32H42ClN4SiY | MND = 5
Y         10.03614        8.94992       12.42527
Si        12.13939       10.44424        9.96775
Cl        14.82361        3.93033        9.66989
N         11.26072       11.53358       11.10267
N          8.22388        9.45143       14.70236
N         11.91226        8.95736       10.78504
N          8.78295        6.40548       11.66952
C         12.60920        7.81600       10.50435
C          9.22636        9.94552       15.61704
C          7.09436        8.15943       11.42772
C         11.43483       10.48885        8.18945
H         12.06713        9.87531        7.55572
H         11.42119       11.48402        7.76073
H         10.43390       10.07577        8.12638
C          7.39835        6.81459       11.73738
C         10.03135       12.12855       10.95501
C         10.52096        9.38859       15.52617
C         10.49914       12.05999       13.15022
H         10.46764       12.24926       14.20928
C         14.12589        6.49345        9.13429
H         14.76204        6.40968        8.26630
C          5.76632        8.57078       11.58044
H          5.51233        9.59701       11.34833
C         13.91438       11.15762        9.84523
H         13.96281       12.19915       10.14787
H         14.28337       11.09826        8.82615
H         14.60477       10.59774       10.46766
C          8.97727       10.98095       16.50442
H          7.98779       11.40471       16.58415
C         11.55074       11.50707       12.45443
C         13.98652        5.41556        9.99404
C          9.98784       11.50175       17.29661
H          9.77249       12.30818       17.98145
C         10.82510        8.28660       14.58168
H         10.27043        7.38515       14.87634
H         11.89034        8.03687       14.67126
C          8.13797        9.11873       11.00124
H          7.67633       10.10495       10.87170
H          8.53052        8.82366       10.01756
C          9.53561       12.45927       12.18889
H          8.61678       12.98228       12.38158
C         13.45313        7.66828        9.38886
H         13.57354        8.50153        8.71690
C          7.20985       10.43955       14.34113
H          6.50888       10.64457       15.16148
H          6.63436       10.04722       13.50276
H          7.69442       11.36748       14.04349
C         12.51463        6.70538       11.36489
H         11.90765        6.79355       12.26527
C         11.52143        9.94264       16.32845
H         12.52338        9.53979       16.26083
C          9.39888       12.42652        9.64047
H          8.53894       13.07253        9.80302
H          9.05879       11.52312        9.13891
H         10.09829       12.94050        8.98492
C          4.77536        7.71054       12.01064
H          3.76048        8.06490       12.11681
C          6.39314        5.95448       12.15318
H          6.61634        4.92346       12.38118
C          7.55400        8.26475       15.23521
H          8.28661        7.54320       15.58871
H          6.94705        7.80815       14.45213
H          6.90053        8.52384       16.08013
C          5.08571        6.39216       12.29117
H          4.31953        5.70389       12.61451
C         13.18518        5.52523       11.11764
H         13.09346        4.69090       11.79723
C         11.26754       10.98652       17.19666
H         12.06539       11.39278       17.80118
C          9.14377        5.99219       10.31060
H          8.65635        5.04420       10.04327
H         10.22528        5.86435       10.24037
H          8.83167        6.74596        9.59173
C         12.87763       11.10137       13.01108
H         12.82460       11.12080       14.09813
H         13.64624       11.80503       12.69112
H         13.17700       10.10622       12.68317
C          9.12390        5.32932       12.59856
H          8.74890        5.57010       13.59305
H         10.20937        5.22948       12.63791
H          8.71569        4.35804       12.28892
