78
CSD_code = ZIYDAM | q = 0 | S = 0 | Stoichiometry = C26H46Cl2Si3Ti | MND = 12
Ti         0.50396        3.21233        7.60128
Cl         0.64027        4.23249        5.62564
Cl        -1.65540        2.77165        7.27780
Si         2.63105        2.61259        9.99486
Si        -1.19762        3.19528       10.96069
Si         3.98683        2.73329        6.24329
C          1.38911        3.98579        9.59872
C         -0.04526        3.93203        9.65779
C         -0.51444        5.01405        8.85493
C          0.56678        5.72042        8.30227
C          1.73366        5.03515        8.71027
C          2.10215        1.74339        8.39833
C          2.39091        2.11364        7.04182
C          1.42863        1.43905        6.23350
C          0.56014        0.67972        7.03511
C          0.93963        0.93144        8.37336
C          0.46502        7.07276        7.63260
C          1.66321        7.35800        6.72352
C         -0.82557        7.18030        6.81128
C          0.43436        8.11778        8.76305
C         -0.39476       -0.37406        6.51974
C         -1.51441       -0.67490        7.51938
C         -1.01477        0.05515        5.18446
C          0.43919       -1.65026        6.30345
C         -0.47121        3.66851       12.66719
C         -1.55351        1.31874       10.87645
C         -2.90630        4.03588       10.79028
C          4.40326        4.59265        6.40203
C          3.86895        2.40033        4.36444
C          5.41559        1.67454        6.95179
C          4.40490        3.29299       10.14203
C          2.34474        1.50157       11.51667
H         -1.55220        5.30573        8.78147
H          2.74568        5.35288        8.51265
H          1.44421        1.43303        5.15330
H          0.51942        0.44967        9.24255
H          1.70764        6.62404        5.92276
H          1.56107        8.34578        6.27855
H          2.59462        7.33682        7.28446
H         -0.83789        8.11833        6.26035
H         -1.70342        7.15554        7.45286
H         -0.89119        6.36019        6.09836
H         -0.40984        7.93986        9.42588
H          0.34300        9.11773        8.34443
H          1.34790        8.06899        9.35204
H         -2.16744       -1.44822        7.11945
H         -1.11062       -1.03167        8.46413
H         -2.10812        0.21891        7.69507
H         -1.48877        1.03024        5.28212
H         -0.26250        0.10998        4.40100
H         -1.76895       -0.66602        4.87668
H         -0.19152       -2.44690        5.91482
H          1.24344       -1.46639        5.59426
H          0.87957       -1.98131        7.24175
H         -1.07623        3.25101       13.46498
H          0.54450        3.31390       12.79907
H         -0.45931        4.74628       12.79659
H         -2.38694        1.07979       11.53055
H         -0.71873        0.70004       11.18986
H         -1.83615        1.02941        9.86903
H         -3.59609        3.65280       11.53636
H         -2.84880        5.11182       10.92516
H         -3.34128        3.84072        9.81444
H          5.20859        4.84030        5.71679
H          4.73280        4.88334        7.39462
H          3.54629        5.20203        6.13254
H          3.03944        2.94666        3.92484
H          4.77471        2.72247        3.85974
H          3.73304        1.34569        4.14412
H          5.32307        0.63892        6.64008
H          5.44271        1.68637        8.03552
H          6.37108        2.04081        6.59113
H          4.76087        3.74991        9.22742
H          4.44885        4.04020       10.92826
H          5.09635        2.50098       10.40885
H          2.69643        1.99039       12.41889
H          2.90616        0.57865       11.40833
H          1.30354        1.24321       11.66318
