57
CSD_code = ZOLDEJ | q = 0 | S = 0 | Stoichiometry = C24H30OSiTi | MND = 12
Ti         4.24216        0.70152        8.50384
Si         0.70171        0.14642        8.98742
O          4.69263       -0.20783        7.11596
C          2.36027       -0.08341        8.10229
C          2.43748       -0.80625        6.97876
C          3.80922       -0.90807        6.30525
C          4.26146       -2.37605        6.18534
C          3.77563       -0.28107        4.89760
C         -0.43022        1.36090        8.02145
C          0.92802        0.86535       10.75487
C         -0.30745       -1.46352        9.25268
C          1.31520       -1.50361        6.30860
C          0.51190       -0.82412        5.39811
C         -0.53559       -1.46815        4.76437
C         -0.79403       -2.80249        5.02877
C          0.00000       -3.48785        5.93283
C          1.04674       -2.84390        6.56775
C          5.70418        0.74353       10.44903
C          6.14374       -0.32372        9.63819
C          5.11918       -1.28029        9.59135
C          4.01325       -0.77629       10.31211
C          4.39392        0.47177       10.86460
C          5.36082        2.80580        8.25642
C          4.35261        3.05279        9.21173
C          3.11231        2.84282        8.60094
C          3.34572        2.50952        7.24123
C          4.73600        2.51655        7.02788
H          5.29420       -2.40443        5.84255
H          3.63240       -2.90992        5.47841
H          4.19972       -2.86115        7.15721
H          4.77552       -0.31019        4.46805
H          3.45066        0.75532        4.96276
H          3.09362       -0.83249        4.25584
H          0.10880        2.24021        7.68170
H         -1.25496        1.69940        8.64128
H         -0.85501        0.87720        7.14791
H          1.63974        1.68471       10.78678
H          1.26389        0.10747       11.45577
H         -0.02042        1.24320       11.12502
H          0.31685       -2.27516        9.61345
H         -0.77526       -1.79634        8.33287
H         -1.09343       -1.30487        9.98493
H          0.71416        0.21638        5.19062
H         -1.15299       -0.92808        4.06073
H         -1.61155       -3.30565        4.53362
H         -0.19965       -4.52829        6.14569
H          1.65659       -3.37744        7.28133
H          6.32057        1.56525       10.78833
H          7.13936       -0.44285        9.22926
H          5.18786       -2.25918        9.13627
H          3.12579       -1.34065       10.56890
H          3.83122        1.03559       11.59682
H          6.42174        2.97669        8.39303
H          4.50752        3.42944       10.21400
H          2.14467        3.06831        9.02664
H          2.57982        2.42392        6.48069
H          5.24013        2.38506        6.07808
