75
CSD_code = ZOLGOZ | q = 0 | S = 0 | Stoichiometry = C26H42Cl2NOSi2V | MND = 4
V          6.39933        3.72502        4.12723
Cl         4.08421        6.21055        6.74110
Cl         5.70541        1.23567        5.93978
Si         7.81359        5.75229        2.01448
Si         3.51126        3.12119        2.60472
O          7.78427        2.96796        4.44189
N          5.32763        3.95052        5.31962
C          6.86212        5.65232        3.64903
H          5.92293        6.20787        3.57555
H          7.44778        6.11836        4.44717
C          5.35923        2.70348        2.72502
H          5.87284        2.97400        1.79319
H          5.47069        1.62077        2.85052
C          4.77475        3.64989        6.47927
C          4.11247        4.58256        7.30261
C          3.53217        4.21322        8.49800
H          3.03171        4.95547        9.09940
C          3.59939        2.89159        8.91462
H          3.14189        2.60258        9.84687
C          4.25775        1.93912        8.14687
H          4.32304        0.91373        8.47310
C          4.83984        2.31804        6.95793
C          8.71962        2.34274        5.11994
C          9.14235        2.84370        6.37055
C         10.15011        2.17572        7.04647
H         10.49071        2.55602        7.99747
C         10.72410        1.02837        6.52985
H         11.50741        0.52305        7.07445
C         10.28567        0.52445        5.31974
H         10.72571       -0.38051        4.92921
C          9.28918        1.16246        4.60037
C          6.60739        5.77607        0.52595
H          5.89547        4.95510        0.55472
H          6.03782        6.70066        0.50929
H          7.14763        5.71135       -0.41411
C          8.85512        7.35767        1.94587
H          9.61910        7.37386        2.71721
H          9.35473        7.45705        0.98748
H          8.23267        8.23612        2.08273
C          9.02635        4.28256        1.80590
H          9.60159        4.11516        2.71474
H          8.50182        3.35943        1.56827
H          9.73490        4.46735        1.00275
C          2.82343        2.56195        0.90284
H          3.32925        3.06298        0.08289
H          2.94123        1.49285        0.75681
H          1.76570        2.78853        0.81948
C          3.21968        5.00476        2.77130
H          3.75330        5.56533        2.00832
H          2.16538        5.24767        2.67727
H          3.55581        5.35675        3.74393
C          2.53564        2.20571        3.97447
H          2.78976        1.15027        4.00912
H          2.74811        2.62666        4.95296
H          1.46527        2.28001        3.80869
C          7.96513        3.83534        8.35404
H          7.40442        4.70267        8.69578
H          7.29602        2.97704        8.34821
H          8.76831        3.64533        9.06201
C          9.52745        5.24100        6.95560
H          9.06182        6.14685        7.33801
H         10.38187        4.99912        7.58434
H          9.88775        5.43520        5.94634
C          8.51519        4.09151        6.94848
H          7.66800        4.38648        6.31101
C          8.78815        0.60108        3.29010
H          8.04676        1.29916        2.87993
C          8.08886       -0.74076        3.52374
H          7.68040       -1.11914        2.58869
H          8.78770       -1.47558        3.91651
H          7.27536       -0.62567        4.23792
C          9.92122        0.45658        2.27260
H          9.52353        0.12630        1.31496
H         10.42843        1.40807        2.12700
H         10.65331       -0.27422        2.60727
