77
CSD_code = ZOSHIA | q = 0 | S = 0 | Stoichiometry = C25H44ClN2OP2RhSi | MND = 4
Rh         2.43003        4.47074        7.30589
Cl         5.06237        7.12396        8.89906
P          0.98236        6.27602        7.20940
P          4.33155        3.31169        6.67136
Si         3.96747        6.19173        7.36349
N          3.28681        7.52277        6.44235
N          5.11219        5.86309        6.07453
C          1.20107        3.08531        7.44330
O          0.48627        2.25717        7.81235
C          3.80222        7.56429        5.16234
C          3.43768        8.42391        4.14402
H          2.66933        9.16831        4.30274
C          4.06669        8.33139        2.90856
H          3.77329        8.99986        2.11248
C          5.06172        7.39848        2.69754
H          5.54711        7.33220        1.73493
C          5.45646        6.54397        3.72003
H          6.24881        5.82889        3.54591
C          4.83372        6.61845        4.95090
C          1.95908        7.85837        6.82717
H          1.45099        8.47599        6.08587
H          2.02015        8.42134        7.76612
C          5.64592        4.54332        6.07114
H          6.48318        4.50011        6.77911
H          6.01799        4.26641        5.08519
C         -0.22864        6.21787        5.75137
C          0.69190        6.22931        4.52398
H          0.16654        5.84796        3.64989
H          1.56278        5.59073        4.70624
H          1.05226        7.22612        4.28699
C         -1.21574        7.37976        5.69633
H         -1.69494        7.39967        4.71770
H         -0.72318        8.33803        5.84714
H         -1.99576        7.26539        6.44575
C         -0.99183        4.89405        5.74663
H         -1.61689        4.83600        4.85606
H         -1.63418        4.78733        6.61526
H         -0.29340        4.05853        5.72694
C          0.13715        6.67850        8.85114
C         -0.42207        8.09114        9.00035
H         -0.84582        8.19810        9.99876
H         -1.21041        8.28966        8.28056
H          0.34802        8.84944        8.88769
C         -0.97278        5.65928        9.10573
H         -1.27401        5.69202       10.15220
H         -0.62354        4.65113        8.88644
H         -1.85121        5.87184        8.50093
C          1.25643        6.44575        9.87325
H          0.87504        6.54903       10.88793
H          2.07229        7.15493        9.74230
H          1.66418        5.43204        9.75842
C          4.09181        2.24061        5.11991
C          5.36297        1.77365        4.41198
H          5.08013        1.12961        3.57929
H          6.00780        1.20203        5.07256
H          5.93532        2.60028        3.99998
C          3.30211        3.17863        4.19982
H          3.08787        2.69396        3.24835
H          3.85482        4.09624        3.99542
H          2.35236        3.44084        4.67641
C          3.22802        1.02076        5.43774
H          2.77871        0.63867        4.52181
H          2.42550        1.28008        6.12511
H          3.82139        0.22095        5.87311
C          5.19624        2.38543        8.07284
C          5.34483        3.44239        9.17236
H          5.76002        2.99229       10.07284
H          4.36422        3.86109        9.42058
H          5.99503        4.26189        8.87585
C          4.25868        1.30270        8.60851
H          4.62121        0.94566        9.57158
H          4.19558        0.45016        7.93957
H          3.25746        1.71005        8.75336
C          6.55183        1.78029        7.72085
H          7.06752        1.49163        8.63626
H          7.18582        2.48423        7.18678
H          6.43477        0.88550        7.11395
