129
CSD_code = ZOVSOU | q = 0 | S = 0 | Stoichiometry = C55H67N3PSi2Ta | MND = 7
C         -3.21928        4.17118        4.74360
C         -5.66140        9.84769        5.42416
C         -2.75793        4.85759        3.62722
C         -2.19878        7.25786        0.53402
H         -2.53156        7.81146       -0.33988
H         -1.47525        7.87789        1.05293
H         -1.68626        6.36963        0.18492
C         -6.49084        1.78119        5.96200
H         -6.93188        0.99674        5.36307
C         -7.93849        9.08002        5.42344
H         -8.65966        8.27861        5.34326
C         -9.77136        3.39803        6.86201
H         -9.63616        3.14832        7.91128
H        -10.79817        3.73937        6.72308
H         -9.62937        2.50076        6.26501
C         -6.56796        8.76737        5.36941
C         -7.55306        5.58645        4.70077
C         -4.79856        4.85826        8.39825
H         -4.32293        5.67249        7.85809
H         -5.58442        5.26644        9.02903
H         -4.05988        4.39857        9.05608
C         -1.10360        6.49930        5.94618
C         -2.24960        3.21818        1.02350
H         -2.57508        3.98435        0.32935
H         -1.54376        2.57779        0.50255
H         -3.11609        2.61414        1.27462
C          2.79446        4.83331        5.19749
H          3.41139        5.51113        4.61285
H          3.30638        4.61005        6.13205
H          2.68979        3.89952        4.64429
C          1.01151        6.56183        4.79119
H          1.66935        7.04390        4.08178
C         -6.19814        2.85933        8.06145
H         -6.39833        2.92279        9.12188
C         -0.68040        2.54192        3.58429
H         -1.39367        1.74477        3.76803
H          0.15658        2.10620        3.04677
H         -0.31043        2.88830        4.54422
C         -2.96765       11.15374       10.14115
H         -2.72600       10.74939       11.12170
H         -2.32406       12.01706        9.96494
H         -3.99903       11.49956       10.14600
C         -5.47502        2.61114        3.85982
H         -5.26410        3.58034        3.41860
H         -4.64094        1.94751        3.63042
H         -6.36885        2.19571        3.39819
C         -8.81095        4.46849        6.44228
C          0.02102        5.08685        2.04055
H         -0.19354        6.13787        2.18213
H          0.91226        4.85449        2.61318
H          0.25648        4.93187        0.99217
C         -7.96197       12.84193        5.85415
H         -7.13298       13.54556        5.84710
H         -8.65437       13.11220        5.05765
H         -8.49204       12.93991        6.80172
C         -7.03711        6.48016        5.64810
C         -7.45036        6.39552        6.98735
C         -5.08845        3.74418        6.11057
C         -7.47109       11.43720        5.66926
C         -3.73561       11.67980        3.62269
H         -4.61340       11.27374        3.13942
C         -6.99775        7.40752        8.00206
H         -5.94913        7.67853        7.86859
H         -7.58476        8.32275        7.90245
H         -7.13961        7.02826        9.01170
C         -5.67793        2.71718        5.34461
C         -1.78329        9.13578        9.20641
H         -1.16474        9.12299       10.09314
C         -0.70038        8.30172        4.24523
H         -1.58543        8.05168        3.65521
H         -0.96803        9.11247        4.92300
H          0.08475        8.65515        3.58100
C         -8.37073       10.37813        5.56813
H         -9.43224       10.58008        5.60462
C         -1.50313       12.72429        4.87699
H         -0.63046       13.12950        5.36861
C         -2.05789       11.54175        5.33379
H         -1.61733       11.03850        6.18320
C         -6.74859        1.83671        7.31843
H         -7.37848        1.09562        7.78729
C         -2.06038       13.38661        3.79661
H         -1.62486       14.30950        3.44320
C         -0.67527        5.35934        6.63831
C         -5.37497        3.81639        7.48222
C         -8.32658        5.38838        7.35923
H         -8.64184        5.32256        8.39150
C         -6.11988       11.15008        5.58134
H         -5.40341       11.95920        5.63121
C          1.44367        5.42803        5.45947
C         -1.59017        8.16901        8.24301
H         -0.81958        7.42405        8.37657
C         -3.27520        9.21941        6.89399
C         -7.21959        5.75611        3.24928
H         -6.14553        5.67689        3.08147
H         -7.73071        5.00591        2.65169
H         -7.53124        6.74490        2.91078
C         -0.24734        7.09668        5.00992
C         -2.75810       10.12266        9.07303
C          0.58309        4.84062        6.37348
H          0.90830        3.96031        6.91177
C         -3.47386       10.16847        7.88660
H         -4.18196       10.96866        7.71124
C         -4.86763        5.74389        0.53762
H         -4.52233        5.72520       -0.49159
H         -4.90918        4.71755        0.88592
H         -5.88218        6.12913        0.53247
C         -2.39063        8.13125        7.08831
C         -3.18815       11.01469        4.71870
C         -8.42229        4.59125        5.11650
H         -8.81744        3.90093        4.38482
C         -3.17935       12.86047        3.17028
H         -3.61825       13.37275        2.32647
C         -1.53559        4.69515        7.67059
H         -2.36194        4.17439        7.19105
H         -0.95640        3.96875        8.23718
H         -1.94810        5.42652        8.36256
C         -4.58733        8.49386        1.93481
H         -5.00251        8.89543        1.01551
H         -5.39853        8.39919        2.65168
H         -3.88241        9.22515        2.31998
C         -3.43676        6.04895        3.31561
N         -6.10841        7.48066        5.26632
N         -2.36271        7.11347        6.16938
N         -4.25168        4.67395        5.47160
Si        -3.70594        6.82089        1.63538
Si        -1.44243        3.98506        2.58265
P         -3.92074        9.40579        5.20114
Ta        -4.18363        6.71713        5.19880
H         -2.84745        3.18557        4.99839
