68
CSD_code = ZUDWOK | q = 0 | S = 0 | Stoichiometry = C25H37AsClHfNSi2 | MND = 13
Hf        -3.28217        5.22677       15.56983
As        -5.56758        4.67838       18.90015
Si        -7.65197        4.76218       17.73386
Si        -5.59118        6.76194       20.05132
N         -3.24105        5.73155       17.56717
C         -4.42231        5.20995       17.42404
Cl        -1.04011        5.96322       15.58961
C         -1.94326        2.96990       15.87203
C         -2.89818        2.64447       16.84173
C         -4.17088        2.65866       16.25165
C         -4.02842        3.01552       14.89873
C         -2.62951        3.21755       14.64876
C         -0.45568        2.88591       16.04998
C         -3.66677        7.54926       14.69806
C         -4.92144        7.08948       15.14636
C         -5.30918        5.99093       14.34344
C         -4.29250        5.77534       13.38732
C         -3.27745        6.73274       13.60988
C         -2.93978        8.76842       15.18840
C         -2.40127        5.86316       18.67901
C         -1.58325        6.99202       18.76170
C         -0.67057        7.11023       19.79010
C         -0.54473        6.10230       20.73439
C         -1.34277        4.97391       20.64689
C         -2.27342        4.85339       19.63259
C         -7.68933        3.50328       16.28966
C         -8.25428        6.44201       17.02764
C         -8.95555        4.14795       18.99748
C         -5.18626        8.26708       18.94021
C         -4.34742        6.71204       21.50595
C         -7.31221        7.02563       20.84506
H         -2.67821        2.33811       17.85216
H         -5.08573        2.35554       16.73922
H         -4.79302        2.91883       14.13920
H         -2.15756        3.25887       13.67122
H         -0.14720        1.83934       16.09461
H         -0.14275        3.36810       16.97573
H          0.06547        3.36107       15.22208
H         -5.53345        7.57656       15.89220
H         -6.27867        5.51574       14.35326
H         -4.35655        5.11391       12.53338
H         -2.41470        6.90322       12.98033
H         -3.36149        9.11615       16.13066
H         -3.02711        9.57804       14.46136
H         -1.87910        8.55931       15.32693
H         -1.66993        7.76030       18.00741
H         -0.04547        7.98853       19.85118
H          0.17809        6.19375       21.53091
H         -1.24080        4.18091       21.37293
H         -2.88372        3.96149       19.55614
H         -6.85680        3.65559       15.60987
H         -8.60778        3.58549       15.71579
H         -7.62838        2.48506       16.66384
H         -9.30693        6.39593       16.76421
H         -7.70743        6.71479       16.13105
H         -8.13385        7.24659       17.74676
H         -9.90250        3.91195       18.52323
H         -9.14788        4.89044       19.76470
H         -8.59682        3.24931       19.49434
H         -4.32901        8.05418       18.30681
H         -4.94551        9.14482       19.53215
H         -6.02100        8.52453       18.29454
H         -4.29959        5.71371       21.93490
H         -4.64181        7.39691       22.29572
H         -3.34504        6.98453       21.19231
H         -7.57704        6.16657       21.45496
H         -8.09311        7.15996       20.10450
H         -7.31402        7.89992       21.48760
