57
CSD_code = ZUHJUJ | q = 0 | S = 0 | Stoichiometry = C25H28FeO2Si | MND = 8
Fe        -2.23602        2.53403       18.81306
Si        -6.54094        4.55071        9.87517
O         -1.38165        5.28449       19.02260
O         -3.63711        2.90787       21.31786
C         -1.66807        4.17632       18.94184
C         -3.07861        2.72754       20.33192
C         -1.03292        0.69679       19.17028
C         -0.35504        1.49144       18.20548
C         -1.21379        1.63128       17.06872
C         -2.39424        0.85591       17.30770
C         -2.29858        0.30016       18.61031
C         -0.43579        0.15285       20.43098
H         -1.20126       -0.03513       21.17987
H          0.28953        0.84529       20.85080
H          0.07425       -0.78966       20.22180
C          1.06639        1.95144       18.29339
H          1.22513        2.85375       17.70828
H          1.72752        1.17339       17.90670
H          1.35011        2.15657       19.32265
C         -0.84391        2.22911       15.74664
H         -0.07622        2.99012       15.86068
H         -1.71178        2.68663       15.27740
H         -0.46296        1.45341       15.07936
C         -3.45538        0.57956       16.29202
H         -4.34852        0.17494       16.75936
H         -3.08660       -0.14312       15.56204
H         -3.73105        1.48992       15.76525
C         -3.22808       -0.71206       19.20550
H         -3.18756       -0.69039       20.29178
H         -2.94601       -1.71334       18.87374
H         -4.25485       -0.52732       18.89941
C         -3.61556        3.48206       17.94786
C         -4.47273        3.99979       17.26792
C         -5.50021        4.58052       16.48237
C         -6.52506        5.30660       17.09467
H         -6.51970        5.41996       18.16875
C         -7.52905        5.87104       16.33025
H         -8.31778        6.43216       16.81115
C         -7.53278        5.72465       14.95506
H         -8.31532        6.16425       14.35420
C         -6.51351        5.00169       14.33143
C         -5.50058        4.43151       15.09772
H         -4.71132        3.87487       14.61182
C         -6.51164        4.85181       12.92412
C         -6.51700        4.72458       11.72090
C         -4.75269        4.68167        9.22507
H         -4.71589        4.59564        8.14264
H         -4.30637        5.63415        9.49479
H         -4.12538        3.89779        9.63885
C         -7.61494        5.94850        9.14858
H         -7.66918        5.88748        8.06514
H         -8.62993        5.90201        9.53176
H         -7.21347        6.92471        9.40362
C         -7.28201        2.84930        9.43413
H         -7.33458        2.70553        8.35849
H         -6.68454        2.04133        9.84566
H         -8.28807        2.74612        9.82954
