71
CSD_code = ZULVOR | q = 0 | S = 0 | Stoichiometry = C30H36N2Si2Ti | MND = 11
C         19.24154        0.93902       14.24297
C         18.29580       -0.15227       13.81841
C         17.70955       -0.03473       12.59480
C         18.07362        1.03049       11.67108
C         18.76911        2.17227       12.24536
C         18.86157        2.35227       13.75618
C         20.15574        3.08135       14.04406
C         21.16376        2.21408       13.87092
C         20.65976        0.85714       13.63668
C         19.89605       -1.94037       15.78004
C         17.75595       -3.28200       14.05535
C         16.94993       -1.36201       16.38806
C         17.55338        0.51194        8.52623
C         15.15200        1.11350       10.44191
C         17.10274        3.28509        9.71700
C         20.68736       -1.57551       11.70926
C         19.98232       -1.38453       10.50349
C         20.75840       -0.54260        9.68056
C         21.94408       -0.21867       10.37268
C         21.90520       -0.86227       11.62252
C         16.69299       -0.99602       12.13884
C         15.55159       -1.24224       12.90397
C         14.60799       -2.13483       12.43372
C         14.82726       -2.76052       11.21473
C         15.97932       -2.43574       10.51845
C         19.56385        2.99439       11.40029
C         19.78555        4.39034       11.51233
C         20.60518        5.01423       10.61649
C         21.23808        4.25679        9.60855
C         21.02402        2.90198        9.57210
N         20.23514        2.26824       10.44530
N         16.88262       -1.57705       10.95722
Si        17.02425        1.41011       10.13267
Si        18.19080       -1.65028       14.95552
Ti        20.12288        0.64224       11.57755
H         19.30813        0.95135       15.34235
H         17.96014        2.77006       14.21465
H         20.22652        4.13567       14.24635
H         22.21804        2.45268       13.94370
H         20.22400       -1.07211       16.34220
H         20.66750       -2.17019       15.05072
H         19.84697       -2.77427       16.47445
H         16.68873       -3.47484       14.06982
H         18.24481       -4.12554       14.53380
H         18.06885       -3.26555       13.01562
H         15.91803       -1.41702       16.05646
H         17.09526       -0.38971       16.84935
H         17.08095       -2.11276       17.16123
H         17.65464       -0.55703        8.67186
H         18.50023        0.90007        8.16060
H         16.81152        0.67393        7.74991
H         14.86763        1.33743       11.46511
H         14.86516        0.08896       10.23752
H         14.56173        1.74982        9.79073
H         16.93315        3.90688       10.59039
H         16.33733        3.53204        8.98777
H         18.05760        3.57088        9.28812
H         20.40484       -2.25337       12.50588
H         19.06112       -1.87756       10.22962
H         20.53959       -0.28756        8.65254
H         22.79188        0.32842        9.97484
H         22.72352       -0.90643       12.33127
H         15.41597       -0.72119       13.83751
H         13.71239       -2.34099       13.00294
H         14.12046       -3.46997       10.81337
H         16.19131       -2.88534        9.55552
H         19.25057        4.95022       12.26357
H         20.75575        6.08295       10.65533
H         21.87023        4.73496        8.87810
H         21.49013        2.28713        8.80656
H         21.27897        0.07548       14.09185
