83
CSD_code = ZUXFAZ | q = 0 | S = 0 | Stoichiometry = C26H50N2Si4Ti | MND = 4
Ti         3.98284        3.81538        2.11357
Si         1.38453        3.75770        0.13173
Si         1.52158        5.70484        2.42334
Si         6.43033        4.62458        4.12574
Si         5.84462        6.25190        1.64930
N          2.21009        4.39072        1.52604
N          5.47226        4.92700        2.70382
C         -0.28272        5.45407        3.03318
C          1.53398        7.35677        1.43978
C          2.57703        5.96056        4.00200
C          1.19567        1.85273        0.16251
C         -0.40686        4.38846       -0.10421
C          2.22836        4.25390       -1.52927
C          5.43712        4.50925        5.77461
C          7.71687        5.98622        4.51857
C          7.42426        2.99539        3.97955
C          5.42684        7.96657        2.41023
C          7.67306        6.34681        1.06375
C          4.76524        6.06523        0.07481
C          4.75663        2.50780        0.66375
C          6.15844        2.10448        0.83390
C          6.50031        0.89804        1.45851
C          7.81662        0.49533        1.57419
C          8.83671        1.28445        1.06857
C          8.52061        2.47885        0.43954
C          7.20489        2.87887        0.31796
C          3.60708        2.47441        3.67570
C          2.45124        1.59845        3.45187
C          2.59492        0.29488        2.96041
C          1.50142       -0.53164        2.78662
C          0.22885       -0.08465        3.10219
C          0.06503        1.19964        3.59983
C          1.15686        2.02477        3.77724
H         -0.41601        5.85854        4.03226
H         -0.98797        5.95964        2.38368
H         -0.55861        4.40588        3.06084
H          2.54167        7.71534        1.25415
H          1.04798        7.23836        0.47650
H          1.00153        8.13421        1.97926
H          2.30896        5.24693        4.77812
H          3.64065        5.85953        3.78248
H          2.41031        6.95184        4.41363
H          0.40838        1.55553        0.84639
H          0.92424        1.49040       -0.82352
H          2.09634        1.33334        0.46942
H         -0.46327        5.47069       -0.12070
H         -0.80814        4.02593       -1.04532
H         -1.06180        4.03607        0.68311
H          3.23126        3.85396       -1.64251
H          1.64004        3.87677       -2.36025
H          2.28794        5.33226       -1.64200
H          4.60182        5.19989        5.82188
H          5.06179        3.50876        5.96283
H          6.09917        4.75520        6.59938
H          8.33747        5.67992        5.35434
H          8.37272        6.18273        3.68143
H          7.24291        6.92134        4.79469
H          6.78928        2.14697        3.74224
H          8.17841        3.05868        3.20249
H          7.93297        2.77757        4.91319
H          6.05098        8.17179        3.27293
H          5.59952        8.76126        1.69029
H          4.39232        8.03191        2.73302
H          8.21661        5.44148        1.31065
H          7.74110        6.49149       -0.01004
H          8.18794        7.17942        1.53030
H          3.77633        5.67673        0.32255
H          4.63522        7.02671       -0.41362
H          5.22562        5.40349       -0.65507
H          4.11426        1.61720        0.65807
H          4.63576        3.04112       -0.28846
H          5.71227        0.25904        1.83875
H          8.05092       -0.44435        2.05415
H          9.86530        0.96767        1.15455
H          9.30924        3.09482        0.02997
H          6.97018        3.80044       -0.19798
H          4.51827        1.88318        3.84357
H          3.42075        3.11963        4.54268
H          3.58643       -0.07836        2.73352
H          1.64100       -1.53527        2.41050
H         -0.62483       -0.73262        2.97102
H         -0.92351        1.55081        3.86177
H          1.02345        3.01738        4.18784
