83
CSD_code = ZUXGUU | q = 0 | S = 0 | Stoichiometry = C22H54N2P3RhSi | MND = 4
Rh         1.99978        2.12453        3.88964
P          0.08800        0.88297        3.48880
P          3.40823        3.85061        3.26443
P          3.56502        0.44879        3.98212
Si         0.21635        3.80960        6.14043
N          0.25788        4.52182        3.53246
N         -0.11870        5.29453        2.77024
C          0.67680        3.67039        4.33515
C          1.01859        2.32505        7.04529
C          0.77469        5.43680        6.98599
C         -1.68797        3.81454        6.38234
C          0.22596       -0.57836        2.33810
C         -1.03605       -1.36508        2.00850
C         -1.00865        0.22327        4.83890
C         -0.41672       -0.89358        5.68450
C         -1.24623        1.82733        2.60931
C         -0.79042        2.36817        1.26205
C          5.25211        3.65874        3.04129
C          6.01372        4.74616        2.29336
C          3.36116        5.54564        4.01637
C          4.09203        5.62322        5.34975
C          2.90536        4.28381        1.53561
C          2.94038        3.04364        0.65080
C          3.04506       -1.12364        4.84304
C          3.96890       -2.33404        4.79797
C          4.55515       -0.21196        2.54970
C          3.70752       -0.84359        1.45678
C          5.01445        0.85270        5.08060
C          4.58147        1.67282        6.28681
H          1.74330        2.65481        7.78283
H          1.53700        1.68598        6.32268
H          0.27976        1.71974        7.56033
H          1.83875        5.45780        7.19272
H          0.25425        5.57476        7.92908
H          0.54384        6.29240        6.35882
H         -2.18575        2.99197        5.87830
H         -2.10616        4.73428        5.98483
H         -1.95083        3.76364        7.43484
H          0.65599       -0.17546        1.41668
H          0.97204       -1.25470        2.75803
H         -0.78752       -2.17470        1.32274
H         -1.78241       -0.74038        1.52553
H         -1.47548       -1.80609        2.89948
H         -1.22182        1.08132        5.47910
H         -1.95089       -0.10426        4.39224
H         -1.11928       -1.18320        6.46531
H          0.50225       -0.56335        6.16036
H         -0.20160       -1.77481        5.08320
H         -2.12751        1.19231        2.48954
H         -1.52264        2.65810        3.26146
H         -1.52471        3.06631        0.86538
H         -0.65198        1.56732        0.53822
H          0.15153        2.89909        1.37742
H          5.66660        3.55671        4.04719
H          5.39995        2.70370        2.53165
H          7.07893        4.51563        2.30821
H          5.87822        5.72086        2.75408
H          5.70395        4.80710        1.25347
H          3.77906        6.26100        3.30372
H          2.31133        5.80170        4.16281
H          3.91255        6.58707        5.82333
H          5.16609        5.50462        5.22337
H          3.73537        4.84135        6.01759
H          1.88798        4.67855        1.58619
H          3.54285        5.07514        1.13704
H          2.44571        3.22629       -0.30160
H          2.42615        2.22541        1.16646
H          3.96445        2.73246        0.45177
H          2.88718       -0.82404        5.88424
H          2.06921       -1.40470        4.44790
H          3.56719       -3.11586        5.44172
H          4.97007       -2.09827        5.15158
H          4.04585       -2.73799        3.79180
H          5.09524        0.64008        2.12934
H          5.29611       -0.92087        2.92621
H          4.33290       -1.15381        0.62062
H          2.97684       -0.12608        1.09123
H          3.17554       -1.71724        1.82604
H          5.49791       -0.07186        5.40421
H          5.73971        1.41275        4.49008
H          5.44333        2.06847        6.82252
H          3.99966        1.06870        6.97984
H          3.95889        2.50752        5.95488
