81
CSD_code = ZUXHIJ | q = 0 | S = 0 | Stoichiometry = C33H46SiTi | MND = 12
Ti         1.60700        3.56005       -1.97452
Si         1.55689        7.00036       -0.29092
C         -0.18263        4.17222       -2.75323
C         -0.02460        5.47044       -2.08634
C          1.11218        5.51091       -1.35437
C         -1.22267        3.84129       -3.51241
C          0.24142        7.30230        1.08080
C          1.67290        8.73052       -1.11986
C          3.27256        6.72479        0.53182
C         -1.02278        6.55053       -2.26988
C         -0.75017        7.63483       -3.09846
C         -1.68670        8.63383       -3.29236
C         -2.91646        8.56690       -2.66031
C         -3.20398        7.48865       -1.84094
C         -2.26902        6.48685       -1.65291
C          0.22336        2.89239       -0.22239
C          0.23918        1.82793       -1.16471
C          1.55170        1.28544       -1.19532
C          2.35877        2.03669       -0.30269
C          1.54007        3.03537        0.29435
C         -0.99535        3.56209        0.33364
C         -0.95929        1.14167       -1.74946
C          1.84284       -0.07460       -1.76024
C          3.69820        1.64935        0.25673
C          1.89475        3.77844        1.54719
C          2.33559        2.81323       -4.11037
C          3.44610        2.58077       -3.26287
C          3.82814        3.82477       -2.69316
C          3.01114        4.84274       -3.26224
C          2.08508        4.21585       -4.14334
C          1.68090        1.83059       -5.03763
C          4.33182        1.36897       -3.29988
C          5.10571        4.09705       -1.95170
C          3.34714        6.30262       -3.26566
C          1.28985        4.93050       -5.19577
H         -2.05281        4.52205       -3.68820
H         -1.30941        2.88595       -4.01406
H          0.17157        6.49629        1.80507
H          0.47108        8.20994        1.63119
H         -0.74160        7.43020        0.63681
H          2.34094        8.75165       -1.97431
H          0.69747        9.06970       -1.45243
H          2.04415        9.45679       -0.40152
H          3.99696        7.45431        0.18283
H          3.66468        5.73595        0.31241
H          3.21446        6.82226        1.61102
H          0.20700        7.69465       -3.59672
H         -1.45628        9.46889       -3.93884
H         -3.64773        9.34829       -2.80829
H         -4.16385        7.42702       -1.34721
H         -2.50283        5.64737       -1.01505
H         -1.28686        3.07265        1.26707
H         -1.82877        3.48851       -0.36246
H         -0.80381        4.61304        0.54398
H         -1.25809        0.31594       -1.09706
H         -0.73784        0.72659       -2.73188
H         -1.80218        1.82290       -1.84041
H          1.25073       -0.81374       -1.21324
H          1.56447       -0.15160       -2.81052
H          2.88895       -0.34537       -1.65117
H          4.16434        0.85335       -0.31867
H          3.56337        1.27982        1.27707
H          4.38308        2.49549        0.30285
H          1.58609        3.18308        2.41220
H          2.96624        3.94579        1.62403
H          1.38789        4.73676        1.59967
H          0.59442        1.88097       -4.95623
H          1.94951        2.06106       -6.07138
H          1.99868        0.81072       -4.83218
H          5.16113        1.57427       -3.98339
H          4.76376        1.13354       -2.33053
H          3.80993        0.49296       -3.67360
H          4.94497        4.75763       -1.09904
H          5.81530        4.59240       -2.62006
H          5.56741        3.17642       -1.60212
H          3.79139        6.61117       -2.32285
H          4.06716        6.50204       -4.06568
H          2.46193        6.90566       -3.45034
H          0.52346        4.28588       -5.61892
H          1.96243        5.24265       -6.00047
H          0.80439        5.81886       -4.79695
