99
CSD_code = BAFWEL | q = 0 | S = 0 | Stoichiometry = C36H52MoN4O4Si2 | MND = 6
Mo         5.09753        3.53095       -0.00112
Si         5.62449        3.93890        2.37323
O          2.53771        1.97109        0.83388
O          6.74306        0.88658        0.11229
N          4.84118        3.59524        3.88791
N          6.85706        4.81627        3.23207
C          3.48461        2.54830        0.52503
C          6.13663        1.85781        0.06453
C          5.41900        4.25440        4.95866
C          6.58148        4.95765        4.58079
C          7.26563        5.71595        5.51856
H          8.14602        6.27531        5.24735
C          6.80352        5.76855        6.82211
H          7.33710        6.35988        7.55075
C          5.66150        5.07927        7.19268
H          5.30459        5.13368        8.20998
C          4.96292        4.32502        6.26609
H          4.06606        3.81120        6.57139
C          3.69448        2.73924        4.05484
H          3.11937        2.77593        3.12775
H          3.05555        3.13395        4.84923
C          4.01445        1.25528        4.36063
C          2.68860        0.49002        4.32651
H          1.98535        0.90258        5.04694
H          2.85046       -0.55751        4.56886
H          2.23995        0.54785        3.33768
C          4.65690        1.09818        5.73959
H          3.97698        1.42002        6.52481
H          5.57076        1.68243        5.81104
H          4.90432        0.05372        5.91698
C          4.95613        0.67143        3.30802
H          5.92939        1.15558        3.34538
H          4.54662        0.79136        2.30690
H          5.10204       -0.39113        3.48933
C          8.04309        5.37878        2.63811
H          8.29695        6.31430        3.14353
H          7.80621        5.62439        1.60119
C          9.28694        4.45633        2.63858
C          8.96502        3.10499        2.00173
H          9.86888        2.50409        1.92999
H          8.56139        3.23114        0.99893
H          8.24234        2.55489        2.60033
C         10.36919        5.15544        1.81112
H         11.28175        4.56423        1.80576
H         10.59940        6.13520        2.22445
H         10.03914        5.28584        0.78326
C          9.80461        4.22225        4.05845
H         10.65595        3.54516        4.03609
H          9.03366        3.78098        4.68507
H         10.12967        5.15516        4.51291
Si         4.56961        3.12308       -2.37361
N          5.35287        3.46692       -3.88836
C          4.77451        2.80865       -4.95944
C          3.61196        2.10552       -4.58166
N          3.33692        2.24605       -3.23271
C          2.15165        1.68218       -2.63856
H          1.89827        0.74688       -3.14462
H          2.38944        1.43596       -1.60197
C          0.90710        2.60373       -2.63755
C          1.22860        3.95495       -2.00024
H          0.32440        4.55527       -1.92774
H          1.63285        3.82857       -0.99771
H          1.95066        4.50572       -2.59900
C         -0.17369        1.90327       -1.80936
H         -1.08672        2.49374       -1.80284
H         -0.40347        0.92351       -2.22294
H          0.15745        1.77267       -0.78187
C          0.38782        2.83809       -4.05680
H         -0.46407        3.51445       -4.03322
H          1.15778        3.28034       -4.68398
H          0.06306        1.90516       -4.51142
C          2.92727        1.34802       -5.51972
H          2.04683        0.78872       -5.24856
C          3.38881        1.29621       -6.82353
H          2.85471        0.70560       -7.55239
C          4.53090        1.98537       -7.19404
H          4.88734        1.93161       -8.21155
C          5.23011        2.73871       -6.26714
H          6.12701        3.25243       -6.57249
C          6.50056        4.32174       -4.05509
H          7.07567        4.28405       -3.12801
H          7.13899        3.92654       -4.84965
C          6.18254        5.80620       -4.36053
C          7.50929        6.56994       -4.32543
H          8.21247        6.15682       -5.04562
H          7.34879        7.61776       -4.56750
H          7.95735        6.51124       -3.33638
C          5.54097        5.96486       -5.73973
H          6.22092        5.64265       -6.52478
H          4.62643        5.38176       -5.81193
H          5.29491        7.00973       -5.91664
C          5.24091        6.39054       -3.30816
H          4.26715        5.90743       -3.34625
H          5.64976        6.26982       -2.30686
H          5.09624        7.45333       -3.48916
C          6.71092        4.51247       -0.52741
O          7.65853        5.08886       -0.83552
C          4.05836        5.20407       -0.06654
O          3.45123        6.17496       -0.11394
