111
CSD_code = RIJPIM | q = 0 | S = 0 | Stoichiometry = C26H72O4Si8Ti | MND = 4
Ti         2.21407       12.87656        2.62670
Si         3.19963       15.31128        4.48050
Si         3.93014       14.15043        6.42263
Si         0.94633       16.00947        4.71397
Si         4.78673       16.92710        3.80209
Si         1.00462       13.54300       -0.34248
Si         2.31577       15.46711       -0.75805
Si        -1.31649       13.75542       -0.73296
Si         1.91198       11.58252       -1.32574
O          3.14006       14.21445        3.29465
O          1.26560       13.35829        1.23701
O          3.27415       11.62183        2.05787
O          1.14915       12.35457        3.90431
C          3.85279       15.25267        7.98961
H          4.46493       16.14048        7.87704
H          4.21235       14.71976        8.86407
H          2.84160       15.58294        8.20250
C          5.77270       13.58782        6.31751
H          5.99167       13.10200        5.37141
H          6.04247       12.89766        7.11325
H          6.43298       14.44655        6.39928
C          2.86974       12.59130        6.81970
H          2.17785       12.78174        7.63587
H          3.46523       11.72356        7.09356
H          2.27797       12.32779        5.94313
C          0.73965       17.90353        4.96184
H          1.30802       18.23967        5.82247
H         -0.29793       18.16941        5.13586
H          1.08260       18.47192        4.10378
C          0.12092       15.20261        6.25259
H          0.22644       14.12309        6.21598
H         -0.93981       15.43289        6.31896
H          0.58184       15.54631        7.17369
C         -0.14161       15.52480        3.21049
H         -0.18128       16.30765        2.45847
H         -1.16566       15.29386        3.49386
H          0.28808       14.63428        2.74081
C          5.35601       17.88327        5.36179
H          4.50811       18.30561        5.89123
H          6.01871       18.70324        5.10517
H          5.88741       17.24203        6.05713
C          4.14538       18.28253        2.59925
H          3.66346       17.85428        1.72715
H          4.94752       18.92788        2.25007
H          3.41641       18.91583        3.09649
C          6.39303       16.20257        3.02750
H          6.89737       15.54974        3.73454
H          7.09968       16.97701        2.73872
H          6.17376       15.61192        2.14347
C          1.53920       17.10977       -0.12031
H          0.56718       17.28219       -0.57441
H          2.15701       17.97512       -0.34854
H          1.39783       17.07674        0.95679
C          2.74038       15.76671       -2.60434
H          3.21109       14.90130       -3.05879
H          3.41455       16.60811       -2.72658
H          1.84436       15.98404       -3.17534
C          3.96313       15.22673        0.19519
H          3.72733       14.82253        1.18472
H          4.53598       16.14019        0.32990
H          4.60612       14.51077       -0.30986
C         -2.37053       14.87753        0.41893
H         -2.39046       14.49156        1.43357
H         -3.40047       14.95778        0.07922
H         -1.96316       15.88318        0.46348
C         -2.24723       12.07086       -0.78211
H         -1.74079       11.37053       -1.44001
H         -3.26449       12.18067       -1.14851
H         -2.30203       11.61095        0.20017
C         -1.48967       14.49211       -2.49325
H         -1.06268       15.48802       -2.55427
H         -2.52797       14.56325       -2.80082
H         -0.97604       13.87511       -3.22318
C          3.82081       11.72280       -1.49789
H          4.10349       12.49443       -2.20883
H          4.28718       10.79552       -1.82280
H          4.23958       11.99187       -0.53192
C          1.25832       11.24740       -3.09733
H          0.18662       11.08241       -3.11155
H          1.72810       10.37415       -3.53745
H          1.46442       12.08963       -3.74901
C          1.57760       10.00063       -0.28863
H          1.93366       10.18392        0.72447
H          2.09006        9.11987       -0.66940
H          0.51747        9.76521       -0.23605
C          4.52696       11.19136        2.50098
C          5.56525       12.30481        2.26294
H          5.68054       12.48705        1.19542
H          6.53324       12.02730        2.67499
H          5.21152       13.22151        2.74146
C          4.93585        9.91622        1.74133
H          4.19259        9.13730        1.89987
H          5.90090        9.56240        2.09513
H          4.99724       10.11752        0.67559
C          4.45644       10.88875        4.00987
H          3.99293       11.74372        4.50714
H          5.44993       10.71828        4.41944
H          3.85108       10.00102        4.18678
C          0.18408       11.34624        3.93402
C          0.87892        9.97100        3.95715
H          1.57833        9.92005        3.11936
H          0.15051        9.16771        3.87077
H          1.42909        9.84990        4.88953
C         -0.70688       11.44090        2.68068
H         -1.20249       12.41152        2.65817
H         -1.46027       10.65507        2.68582
H         -0.08144       11.34824        1.78943
C         -0.69045       11.50549        5.19132
H         -0.07238       11.45353        6.08500
H         -1.43757       10.71697        5.23314
H         -1.19109       12.47066        5.16895
