99
CSD_code = GIJSIC | q = 0 | S = 0 | Stoichiometry = C22H64Cl2HfN2Si8 | MND = 6
Hf        12.48215        9.13604       12.59602
Cl        10.54977       10.62718       12.95632
Cl        14.41718        7.64405       12.93788
N         13.44714       10.34984       14.71319
N         11.53825        7.92408       14.72464
Si        10.98392        7.45175       11.07211
Si        12.04930        8.01388        8.95484
Si        12.88198       10.24746        8.94385
Si        13.96237       10.81922       11.05104
Si        11.10303        5.04544       11.23292
Si         8.63832        7.89475       10.73260
Si        16.30754       10.38234       10.69253
Si        13.84065       13.22476       11.20947
C         13.56173        6.84639        8.79343
H         14.22123        7.13725        7.98185
H         13.25820        5.82196        8.60723
H         14.14405        6.84991        9.70896
C         11.00342        7.65048        7.38169
H         10.67113        6.61710        7.34835
H         11.57086        7.83903        6.47438
H         10.11926        8.27876        7.35060
C         11.37284       11.41889        8.77999
H         10.70863       11.12356        7.97387
H         11.67904       12.44066        8.58375
H         10.79479       11.42514        9.69815
C         13.91944       10.59398        7.36125
H         14.24915       11.62763        7.31315
H         13.34791       10.39281        6.45922
H         14.80480        9.96727        7.33361
C          8.37644        9.62178        9.96752
H          8.77674       10.38970       10.62075
H          7.32321        9.84299        9.81736
H          8.87141        9.71514        9.00725
C          7.51647        7.88314       12.29067
H          6.46861        7.96998       12.01371
H          7.74703        8.72375       12.93640
H          7.61881        6.97399       12.87527
C          7.82189        6.63533        9.54278
H          6.81389        6.93465        9.26853
H          7.75643        5.65175        9.99642
H          8.39285        6.53764        8.62649
C         10.69117        4.12884        9.60421
H         10.81820        3.05350        9.70370
H         11.33721        4.45845        8.79724
H          9.66777        4.31038        9.29548
C         12.84579        4.43957       11.74513
H         13.45800        4.26509       10.86645
H         12.81358        3.51022       12.30754
H         13.37249        5.16923       12.35152
C          9.86343        4.32823       12.52151
H          8.87094        4.74306       12.37392
H         10.15534        4.53126       13.54786
H          9.77872        3.24926       12.42356
C         17.44544       10.41853       12.23878
H         18.49126       10.34195       11.95131
H         17.23169        9.58038       12.89342
H         17.33865       11.33084       12.81758
C         16.57414        8.64873        9.94406
H         16.18129        7.88540       10.60709
H         17.62779        8.43157        9.79087
H         16.07494        8.54271        8.98731
C         17.10413       11.63398        9.48115
H         16.51845       11.72605        8.57367
H         18.10756       11.33284        9.19251
H         17.17689       12.62042        9.92738
C         14.23648       14.14068        9.57639
H         14.09137       15.21414        9.67137
H         13.59608       13.79686        8.77091
H         15.26274       13.97503        9.26820
C         12.10150       13.82766       11.73675
H         12.13664       14.76189       12.29089
H         11.58496       13.10112       12.35551
H         11.47848       13.99226       10.86374
C         15.09058       13.94618       12.48555
H         15.17200       15.02515       12.38575
H         16.08253       13.53367       12.32871
H         14.80933       13.74362       13.51491
C         14.89583       10.55511       14.59599
H         15.32230       10.90091       15.54652
H         15.10099       11.30063       13.83062
H         15.37724        9.62124       14.31291
C         12.83726       11.65053       15.00887
H         13.04907       12.34072       14.19425
H         13.23460       12.06922       15.94308
H         11.75715       11.56452       15.09460
C         13.21019        9.41602       15.82416
H         13.92388        8.59417       15.72832
H         13.39912        9.91465       16.78831
C         11.78985        8.85682       15.83329
H         11.07502        9.67880       15.74772
H         11.61364        8.35726       16.79936
C         12.15056        6.62260       15.01176
H         11.76258        6.20245       15.94924
H         13.23152        6.70805       15.08674
H         11.93012        5.93395       14.19813
C         10.08807        7.72012       14.62535
H          9.67319        7.37413       15.58094
H          9.87273        6.97517       13.86219
H          9.60393        8.65452       14.34875
