38
CSD_code = CESGIT | q = 0 | S = 0 | Stoichiometry = C12H20ClO2PSiW | MND = 9
W          0.15648        4.60736        6.37761
C          1.56179        4.03678        5.13910
O          2.45485        3.67504        4.49319
C         -1.36846        4.57783        5.14124
O         -2.31496        4.52956        4.47537
C         -0.88837        5.37720        8.35482
H         -1.92939        5.63798        8.49274
C         -0.30641        4.11959        8.60600
H         -0.82154        3.25408        9.00425
C          1.10394        4.23809        8.45566
H          1.83239        3.48325        8.72318
C          1.38737        5.57013        8.10025
H          2.37164        6.01761        8.04877
C          0.15098        6.27703        8.03595
H          0.03964        7.34690        7.92899
P         -0.33341        2.28564        5.88788
C         -0.30112        1.74192        4.14397
H          0.69941        1.88583        3.73970
H         -0.57773        0.68913        4.07595
H         -1.00301        2.34555        3.56979
C         -1.97267        1.64747        6.40735
H         -2.10250        1.78493        7.47918
H         -2.74551        2.21050        5.88610
H         -2.06613        0.58856        6.16549
C          0.78874        1.06294        6.66503
H          0.72939        1.15235        7.74855
H          0.52013        0.04853        6.37009
H          1.80740        1.28006        6.34624
Si         0.49656        6.60075        4.85079
Cl        -1.01589        7.96119        5.27890
C          0.40022        6.39058        2.94315
H         -0.55119        5.96550        2.63907
H          0.51097        7.34628        2.43941
H          1.18562        5.73193        2.58788
C          2.12587        7.57292        5.17138
H          2.17150        7.97707        6.17775
H          2.98930        6.93148        5.02735
H          2.21243        8.40721        4.48169
