75
CSD_code = IDEHOO | q = 0 | S = 0 | Stoichiometry = C33H35ClO2P2RuSi | MND = 6
Ru         7.55441        4.96488        4.23809
Cl         5.17379        5.07043        4.85869
P          8.36443        5.89646        6.18160
P          6.58090        3.98097        2.39585
Si         9.73558        4.53664        3.37936
O          7.43045        2.29144        5.62103
O          8.01573        7.69251        3.05411
C          7.49569        3.29481        5.07685
C          7.75160        6.65272        3.46983
C         10.03904        6.65833        6.13937
C         11.15569        5.78317        5.56657
C         11.12900        5.69892        4.04626
C         10.43035        2.77217        3.76610
C          9.91673        4.71850        1.45216
C          8.59599        4.76052        0.69434
C          7.71611        3.54881        1.00935
C          8.35245        4.77844        7.61529
C          7.08910        4.29673        7.96035
C          6.94008        3.43414        9.02761
C          8.05130        3.04210        9.75867
C          9.30584        3.51958        9.42152
C          9.46216        4.38768        8.35334
C          7.42862        7.29193        6.89619
C          7.72465        7.71930        8.18958
C          7.04700        8.79059        8.73787
C          6.06667        9.44198        8.00505
C          5.75997        9.01289        6.72578
C          6.43754        7.94051        6.17175
C          5.28941        4.88154        1.48018
C          5.00523        6.21415        1.74200
C          4.03762        6.87873        1.00842
C          3.34560        6.21446        0.01116
C          3.61814        4.88023       -0.24995
C          4.58474        4.21527        0.47861
C          5.74486        2.41027        2.77188
C          4.38763        2.39862        3.08351
C          3.77426        1.21960        3.46532
C          4.50569        0.04620        3.54377
C          5.85909        0.05455        3.24832
C          6.47895        1.23124        2.87145
H          3.82114        3.31820        3.04294
H          2.72237        1.21974        3.71068
H          4.02492       -0.87288        3.84513
H          6.43585       -0.85608        3.32148
H          7.54128        1.23506        2.66703
H          5.52470        6.72595        2.54055
H          3.82054        7.91517        1.22083
H          2.58757        6.73132       -0.55872
H          3.07170        4.35694       -1.02123
H          4.78555        3.16929        0.28438
H          8.47706        7.20056        8.76926
H          7.27884        9.11636        9.74157
H          5.53605       10.27716        8.43810
H          4.98604        9.50861        6.15872
H          6.17242        7.58649        5.18494
H          6.22823        4.60690        7.37779
H          5.95987        3.06360        9.28857
H          7.93867        2.36321       10.59112
H         10.17142        3.21505        9.99226
H         10.44683        4.75480        8.10461
H         11.43004        2.65811        3.35845
H         10.48668        2.59582        4.83629
H          9.81020        1.98661        3.34532
H         10.27668        6.96845        7.16344
H          9.93797        7.56851        5.53490
H         12.11049        6.20994        5.89180
H         11.09014        4.77272        5.97551
H         11.03738        6.70423        3.63488
H         12.08745        5.30895        3.70555
H         10.50601        3.88375        1.07309
H         10.47555        5.62476        1.22140
H          8.79207        4.79893       -0.38110
H          8.05098        5.67774        0.95294
H          7.11124        3.25878        0.14518
H          8.34419        2.70222        1.29002
