73
CSD_code = IDEHII | q = 0 | S = 0 | Stoichiometry = C32H35ClOP2RuSi | MND = 5
Ru         2.08595        3.25460        3.09975
Cl         0.50890        2.89152        4.70528
P          3.19177        1.34638        3.64366
P          1.18915        5.29579        2.63296
Si         1.28624        2.31297        1.11445
O          4.62229        4.22024        1.86141
C          3.61107        3.80783        2.24966
C          3.99439        0.43221        2.26818
C          2.95899       -0.10544        1.27712
C          2.43564        0.96184        0.32259
C         -0.45261        1.46258        1.30596
C          1.09911        3.58492       -0.34169
C          0.34127        4.86638       -0.01384
C          1.13183        5.83080        0.87279
C          2.49121       -0.03125        4.60280
C          1.15613       -0.36555        4.40700
C          0.60476       -1.43666        5.08670
C          1.38292       -2.17506        5.96284
C          2.71446       -1.84408        6.15931
C          3.27187       -0.77603        5.48109
C          4.54672        1.91838        4.71317
C          5.89563        1.91650        4.38082
C          6.81477        2.50364        5.23452
C          6.39762        3.09799        6.41322
C          5.05186        3.10662        6.74862
C          4.13095        2.52502        5.90025
C          2.32852        6.48054        3.41776
C          2.63445        7.75307        2.94812
C          3.56373        8.53027        3.61806
C          4.19436        8.04762        4.75307
C          3.89521        6.78047        5.22793
C          2.96728        6.00362        4.56236
C         -0.45431        5.82214        3.21223
C         -1.50200        4.91828        3.06283
C         -2.77991        5.26668        3.45782
C         -3.01670        6.51483        4.01079
C         -1.97377        7.41225        4.17125
C         -0.69296        7.07077        3.77486
H          4.57498       -0.39145        2.70003
H          4.67168        1.12177        1.75527
H          3.42858       -0.90612        0.69617
H          2.12543       -0.55058        1.82809
H          3.28404        1.44248       -0.16356
H          1.86592        0.46816       -0.46373
H         -1.15545        1.86582        0.58401
H         -0.37631        0.39367        1.13414
H         -0.87569        1.60710        2.29576
H          0.57639        3.07641       -1.15084
H          2.08372        3.84979       -0.72585
H          0.10490        5.38937       -0.94671
H         -0.60849        4.62306        0.46920
H          2.16725        5.90047        0.52329
H          0.67388        6.82581        0.83546
H          0.55646        0.23394        3.73581
H         -0.43422       -1.69251        4.93848
H          0.95135       -3.00805        6.49849
H          3.31919       -2.41985        6.84525
H          4.31022       -0.51201        5.63531
H          6.23070        1.46188        3.46017
H          7.86337        2.50102        4.97415
H          7.12083        3.55819        7.07062
H          4.72448        3.57138        7.66785
H          3.07354        2.52263        6.14936
H          2.15482        8.13624        2.05890
H          3.80128        9.51752        3.24860
H          4.92332        8.65819        5.26529
H          4.39080        6.39766        6.10831
H          2.72441        5.00551        4.93195
H         -1.29702        3.93672        2.65623
H         -3.59101        4.56229        3.34393
H         -4.01375        6.78593        4.32603
H         -2.15774        8.38188        4.61144
H          0.12178        7.76926        3.91018
