113
CSD_code = NEVZOG | q = 0 | S = 0 | Stoichiometry = C42H64N2RuSi4 | MND = 6
Ru         4.75791        0.00047       -0.00060
Si         6.28332       -2.05509       -0.04709
Si         3.91598       -1.49102        1.86071
N          6.03671        1.76577        2.19650
C          5.49003        1.07683        1.41555
C          6.71791        2.86755        2.75302
C          5.70126        3.94068        3.15730
C          7.67386        3.43807        1.69728
C          7.51365        2.42039        3.98299
C          6.44647        5.13987        3.74010
C          7.24216        4.69997        4.96906
C          8.25198        3.62664        4.56334
C          9.20684        4.19790        3.51513
C          8.41013        4.63886        2.28716
C          7.39525        5.70898        2.68615
C          5.22106       -3.56241        0.44760
C          5.46472       -4.86155        0.02531
C          4.64455       -5.90390        0.42534
C          3.58357       -5.65308        1.27822
C          3.35488       -4.36370        1.73016
C          4.15775       -3.31067        1.31737
C          7.81187       -2.15499        1.12092
C          7.02523       -2.39535       -1.79297
C          4.82052       -1.30521        3.55598
C          2.06245       -1.39489        2.40137
H          6.29866        0.04495       -0.24975
H          5.00826        3.53008        3.89544
H          5.12635        4.23856        2.27818
H          7.10318        3.73362        0.81408
H          8.38494        2.66488        1.39550
H          8.22451        1.64193        3.69588
H          6.83393        1.99731        4.72634
H          5.71938        5.90630        4.02984
H          7.76550        5.55655        5.39917
H          6.56463        4.30578        5.73002
H          8.82222        3.30909        5.44341
H          9.74727        5.04998        3.93293
H          9.94266        3.44248        3.23009
H          9.09240        5.04506        1.53269
H          7.91404        6.58286        3.08621
H          6.82752        6.02325        1.80767
H          6.30110       -5.06823       -0.62838
H          4.83320       -6.90913        0.07331
H          2.93739       -6.46164        1.59149
H          2.53193       -4.17671        2.40422
H          8.35499       -3.07817        0.94423
H          7.52201       -2.14312        2.16570
H          8.49761       -1.32969        0.95512
H          7.23813       -3.44847       -1.94180
H          7.96108       -1.85903       -1.91269
H          6.35754       -2.07612       -2.58678
H          4.48671       -0.40736        4.06729
H          5.89753       -1.23758        3.44617
H          4.60209       -2.15360        4.19789
H          1.87337       -2.03939        3.25432
H          1.38905       -1.69227        1.60264
H          1.79721       -0.38530        2.69682
Si         3.23344        2.05962        0.05426
Si         5.59022        1.49366       -1.86760
N          3.48494       -1.76993       -2.19723
C          4.02920       -1.07890       -1.41649
C          2.80320       -2.87156       -2.75348
C          3.81927       -3.94617       -3.15526
C          1.84498       -3.44021       -1.69881
C          2.00952       -2.42506       -3.98506
C          3.07377       -5.14521       -3.73804
C          2.28024       -4.70577       -4.96858
C          1.27082       -3.63110       -4.56544
C          0.31392       -4.20051       -3.51809
C          1.10842       -4.64094       -2.28850
C          2.12290       -5.71238       -2.68494
C          4.29684        3.56500       -0.44322
C          4.05686        4.86407       -0.01852
C          4.87593        5.90582       -0.42226
C          5.93198        5.65445       -1.28106
C          6.15651        4.36525       -1.73565
C          5.35464        3.31275       -1.31951
C          1.70058        2.16542       -1.10742
C          2.49957        2.39611        1.80406
C          4.67465        1.30978       -3.55702
C          7.44007        1.39631       -2.42017
H          3.21467       -0.03566        0.23724
H          4.51373       -3.53690       -3.89277
H          4.39268       -4.24368       -2.27500
H          2.41396       -3.73537       -0.81441
H          1.13415       -2.66604       -1.39896
H          1.29897       -1.64567       -3.69972
H          2.69063       -2.00330       -4.72789
H          3.80050       -5.91266       -4.02601
H          1.75673       -5.56228       -5.39863
H          2.95922       -4.31293       -5.72893
H          0.70215       -3.31390       -5.44666
H         -0.22665       -5.05251       -3.93587
H         -0.42168       -3.44418       -3.23487
H          0.42465       -5.04580       -1.53465
H          1.60390       -6.58621       -3.08487
H          2.68906       -6.02625       -1.80532
H          3.22405        5.07125        0.63957
H          4.69041        6.91095       -0.06831
H          6.57760        6.46249       -1.59683
H          6.97548        4.17786       -2.41439
H          1.16067        3.08974       -0.92671
H          1.98648        2.15492       -2.15333
H          1.01333        1.34153       -0.94048
H          2.29605        3.45016        1.95915
H          1.55933        1.86743        1.92322
H          3.16613        2.06699        2.59475
H          5.00764        0.41371       -4.07196
H          3.59852        1.23918       -3.44065
H          4.88718        2.15996       -4.19851
H          7.62436        2.04025       -3.27457
H          8.11897        1.69311       -1.62590
H          7.70224        0.38629       -2.71687
