82
CSD_code = ROWWEH | q = 0 | S = 0 | Stoichiometry = C30H46Cl2P2RuSi | MND = 6
Ru        13.17683        9.94725       13.17101
P         12.64161        9.30560       10.97606
P         13.20624        9.92689       15.52401
Si        10.81633        9.83299       13.47542
Cl        12.76424        7.64295       13.53472
Cl        15.56649        9.36277       12.97740
C         11.06421        8.39466       11.01514
C         10.20265        8.65906       12.08559
C          8.94864        8.07042       12.08636
H          8.26303        8.28864       12.89049
C          8.55963        7.20418       11.07860
H          7.58150        6.74575       11.10487
C          9.43284        6.91688       10.04514
H          9.14537        6.22804        9.26375
C         10.67949        7.51822       10.00776
H         11.34831        7.28155        9.19321
C          9.48227       11.24633       13.44605
H          8.81932       11.11785       12.59864
H          9.90101       12.24386       13.38724
H          8.88225       11.19907       14.34730
C         10.59065        9.09634       15.23369
C         11.68529        9.10505       16.10497
C         11.57041        8.54879       17.37375
H         12.41420        8.52207       18.04731
C         10.36970        7.99974       17.79016
H         10.29329        7.56027       18.77439
C          9.27323        8.01939       16.94728
H          8.33188        7.59996       17.27206
C          9.39107        8.56708       15.68138
H          8.53269        8.57720       15.02756
C         13.81163        8.28108        9.95847
H         13.27622        8.01755        9.03658
C         14.19141        6.99790       10.68925
H         14.79777        6.36601       10.04097
H         13.30516        6.43947       10.99013
H         14.77583        7.22917       11.57778
C         15.05453        9.09644        9.60534
H         15.52913        9.46947       10.51167
H         14.81894        9.94104        8.96035
H         15.77172        8.46148        9.08712
C         12.24156       10.70690        9.79626
H         13.15594       11.31574        9.77068
C         11.11220       11.55477       10.36866
H         10.96114       12.44314        9.75693
H         11.34484       11.86241       11.38570
H         10.18346       10.98765       10.38462
C         11.87644       10.26397        8.38244
H         11.01927        9.59341        8.40263
H         12.70163        9.76995        7.87675
H         11.60377       11.13828        7.79216
C         14.59431        9.14464       16.48450
H         14.28518        9.16172       17.53809
C         14.80268        7.69622       16.05673
H         15.16271        7.65671       15.03044
H         13.87510        7.12819       16.12384
H         15.54776        7.22300       16.69551
C         15.88635        9.94383       16.33036
H         16.68472        9.45157       16.88405
H         15.78561       10.95920       16.70941
H         16.17792        9.98247       15.28284
C         13.07641       11.60779       16.34438
H         13.97924       12.14387       16.02194
C         13.01738       11.56806       17.86836
H         12.89557       12.58139       18.24979
H         13.92357       11.15804       18.30614
H         12.16436       10.98012       18.20167
C         11.86173       12.35158       15.80335
H         10.94386       11.83787       16.08249
H         11.91034       12.41244       14.71793
H         11.82827       13.36194       16.20840
C         13.46979       11.67742       12.88623
C         13.73503       13.01611       12.65248
H         12.91996       13.60304       12.23145
C         14.91742       13.62905       12.91118
C         15.12404       15.07861       12.63096
H         14.20643       15.56579       12.31013
H         15.87443       15.19951       11.84867
H         15.50260       15.58290       13.51992
C         16.06925       12.89109       13.49641
H         16.22470       13.19941       14.53164
H         16.98394       13.11803       12.95061
H         15.89726       11.81623       13.47321
