98
CSD_code = TUVQOR | q = 0 | S = 0 | Stoichiometry = C36H55N2P3RuSi | MND = 6
Ru         8.17677        8.53690       18.57588
H          7.41024        9.66914       17.90174
Si         7.75251        7.13223       16.76870
P          5.83659        8.17055       18.87331
P          9.80014        9.37849       17.12122
P          9.24501        6.60203       19.37684
N          8.47753        9.60972       19.98291
N          8.64624       10.32028       20.83654
C          5.94779        7.42533       16.21351
C          5.45237        7.22784       14.93742
H          6.08312        6.76874       14.19078
C          4.16980        7.62829       14.60203
H          3.79258        7.46948       13.60169
C          3.38114        8.25621       15.54933
H          2.38890        8.59765       15.28929
C          3.86020        8.45720       16.83416
H          3.23087        8.97455       17.54324
C          5.13888        8.03601       17.17917
C          8.98321        7.41810       15.33426
C          9.03179        6.68411       14.16320
H          8.30596        5.90172       13.99895
C         10.00419        6.92846       13.20868
H         10.03205        6.34886       12.29699
C         10.94706        7.91682       13.43127
H         11.71157        8.11468       12.69323
C         10.91724        8.65463       14.60221
H         11.66624        9.41517       14.75506
C          9.94165        8.41031       15.56098
C          7.97551        5.30113       17.31180
C          7.50739        4.20681       16.60559
H          7.06442        4.35732       15.63198
C          7.57963        2.93142       17.14056
H          7.21138        2.08375       16.58041
C          8.10283        2.74823       18.40867
H          8.13603        1.75944       18.84432
C          8.58326        3.83017       19.12828
H          8.96096        3.66366       20.12686
C          8.53662        5.10782       18.58205
C          4.92852        9.63206       19.61583
H          3.85992        9.44795       19.46406
C          5.27361       10.95027       18.93453
H          4.58769       11.72900       19.26766
H          5.19711       10.86109       17.85125
H          6.28478       11.26020       19.19145
C          5.20449        9.71813       21.11597
H          6.26794        9.85826       21.30333
H          4.87514        8.82152       21.63814
H          4.67657       10.57152       21.54073
C          4.83722        6.78334       19.69733
H          5.19709        6.74678       20.73233
C          3.31892        6.94237       19.72609
H          2.91783        7.03924       18.72003
H          2.99430        7.78619       20.32883
H          2.88899        6.04337       20.16820
C          5.17601        5.46165       19.02085
H          4.68947        4.63347       19.53569
H          6.24699        5.28804       19.03116
H          4.84259        5.46337       17.98378
C          9.37453       11.02284       16.33754
H         10.24624       11.30405       15.73371
C          9.12229       12.08107       17.40450
H          8.89086       13.03948       16.94125
H          9.98560       12.21298       18.05346
H          8.27690       11.78710       18.02470
C          8.17286       10.89098       15.40725
H          7.31280       10.49212       15.94410
H          8.39107       10.22469       14.57472
H          7.90557       11.86826       15.00765
C         11.59076        9.65225       17.67798
H         12.07922        8.69330       17.45464
C         11.59542        9.86051       19.19299
H         12.60869        9.78429       19.58708
H         10.97408        9.11649       19.69259
H         11.20498       10.84391       19.45077
C         12.41300       10.77122       17.03881
H         12.00441       11.75029       17.27545
H         12.49359       10.68315       15.95954
H         13.42386       10.72762       17.44538
C         11.06307        6.19399       19.03781
H         11.61863        7.09322       19.33013
C         11.25894        5.97334       17.54154
H         12.32077        5.93909       17.29816
H         10.79983        6.77442       16.96575
H         10.80837        5.03310       17.22750
C         11.65213        5.00082       19.78687
H         11.11057        4.08788       19.55113
H         11.66541        5.14350       20.86384
H         12.68365        4.86501       19.46116
C          9.17914        6.24490       21.21165
H          9.56360        5.23568       21.39166
C         10.03460        7.25398       21.97550
H          9.64572        8.26262       21.84597
H         11.07188        7.23983       21.64621
H         10.01460        7.02497       23.04083
C          7.73516        6.31735       21.68441
H          7.67878        6.21134       22.76731
H          7.14104        5.52820       21.22647
H          7.31002        7.28691       21.41095
