125
CSD_code = UGEROO | q = 0 | S = 0 | Stoichiometry = C66H53P3RuSi2 | MND = 6
Ru        -1.51485        6.12769       11.82180
H         -2.91435        5.56624       12.21525
Si        -0.59217        4.46875       13.18192
Si        -2.70011        7.65014       10.51765
P          0.69577        6.61974       11.45942
P         -1.84688        7.16734       13.82811
P         -1.64864        4.35672       10.39607
C          1.31123        4.40237       12.99476
C          2.15966        3.49023       13.60388
H          1.74175        2.69700       14.20632
C          3.52964        3.59193       13.44695
H          4.18522        2.87496       13.92093
C          4.06736        4.62914       12.69806
H          5.13949        4.72564       12.59950
C          3.23488        5.54367       12.08240
H          3.65305        6.36619       11.51591
C          1.85391        5.40961       12.20433
C         -0.95010        4.83746       15.02173
C         -0.71148        3.99347       16.09251
H         -0.20533        3.05435       15.92701
C         -1.11709        4.33680       17.37059
H         -0.92342        3.66968       18.19873
C         -1.79913        5.52444       17.58622
H         -2.15117        5.77525       18.57691
C         -2.03434        6.38734       16.53131
H         -2.59538        7.30006       16.68924
C         -1.58023        6.05909       15.25663
C         -1.10273        2.73639       12.56840
C         -1.05750        1.53125       13.24780
H         -0.75595        1.51317       14.28454
C         -1.40939        0.35130       12.61501
H         -1.37544       -0.58383       13.15633
C         -1.80899        0.36404       11.28693
H         -2.08478       -0.55823       10.79554
C         -1.86518        1.55932       10.59437
H         -2.18902        1.58083        9.56089
C         -1.51071        2.74120       11.23705
C          1.51667        8.06623       12.24602
C          2.00675        9.18878       11.59305
H          1.89861        9.29305       10.52356
C          2.66419       10.17646       12.30735
H          3.04479       11.04460       11.78792
C          2.85195       10.04962       13.67152
H          3.38109       10.81463       14.22052
C          2.36130        8.93437       14.33119
H          2.50740        8.82581       15.39599
C          1.68731        7.95913       13.62569
H          1.29642        7.08740       14.14175
C          1.36291        6.75876        9.76048
C          2.28049        5.87760        9.20048
H          2.62026        5.01521        9.75551
C          2.75827        6.09636        7.92071
H          3.48289        5.41399        7.50001
C          2.31433        7.17757        7.17842
H          2.70092        7.34657        6.18385
C          1.35672        8.02699        7.70757
H          0.97612        8.85507        7.12614
C          0.88234        7.81238        8.98668
H          0.11934        8.45973        9.39744
C         -3.59892        7.61286       14.13187
C         -4.47681        6.56782       14.41099
H         -4.09063        5.55826       14.47709
C         -5.82168        6.81421       14.59976
H         -6.49333        5.99707       14.82103
C         -6.30978        8.10780       14.50554
H         -7.36163        8.30280       14.65413
C         -5.44577        9.14875       14.21763
H         -5.82258       10.15813       14.13770
C         -4.09663        8.90564       14.02766
H         -3.43240        9.72938       13.80574
C         -1.07515        8.75304       14.33813
C         -0.59545        9.04723       15.60769
H         -0.59150        8.29193       16.37906
C         -0.09432       10.30711       15.88587
H          0.27124       10.52790       16.87873
C         -0.05371       11.28050       14.90337
H          0.33729       12.26201       15.12753
C         -0.50143       10.98595       13.62589
H         -0.45411       11.73529       12.84860
C         -1.00476        9.73082       13.34796
H         -1.34208        9.48332       12.34641
C         -3.30819        4.09554        9.65239
C         -3.63724        4.25074        8.31165
H         -2.87393        4.48487        7.58362
C         -4.94652        4.08445        7.89040
H         -5.18893        4.21117        6.84466
C         -5.93893        3.75312        8.79520
H         -6.95823        3.62755        8.46092
C         -5.61565        3.57342       10.13096
H         -6.38220        3.30124       10.84237
C         -4.31276        3.74525       10.55445
H         -4.05670        3.60977       11.59838
C         -0.58074        4.13982        8.93380
C          0.28765        3.06955        8.76173
H          0.39076        2.32583        9.53984
C          1.01673        2.95404        7.59074
H          1.68642        2.11609        7.45865
C          0.88159        3.89686        6.58637
H          1.43247        3.78751        5.66363
C          0.05513        4.99374        6.77422
H         -0.03321        5.74731        6.00501
C         -0.65256        5.12747        7.95203
H         -1.26353        6.00522        8.12766
C         -2.45752        8.64331        8.88949
C         -1.83916        9.88978        8.88152
H         -1.49737       10.32100        9.81452
C         -1.65244       10.58904        7.70284
H         -1.17089       11.55704        7.71864
C         -2.07874       10.04597        6.50249
H         -1.92746       10.58593        5.57875
C         -2.70377        8.81019        6.49254
H         -3.04573        8.38552        5.55910
C         -2.89304        8.12068        7.67626
H         -3.39537        7.16222        7.66407
C         -4.53459        8.16158       10.79157
C         -5.48555        7.19675       11.10949
H         -5.18059        6.16384       11.19766
C         -6.80966        7.53943       11.30818
H         -7.53442        6.77299       11.54339
C         -7.20512        8.86242       11.21132
H         -8.23904        9.13400       11.36996
C         -6.26903        9.83787       10.91094
H         -6.57227       10.87302       10.83706
C         -4.94903        9.48828       10.69770
H         -4.22844       10.25657       10.45273
