106
CSD_code = JEKHAL | q = 0 | S = 0 | Stoichiometry = C55H45OP3RuSi | MND = 6
Ru         2.70038        3.61519        9.19124
H          2.51970        5.06636        8.61024
P          4.51596        4.62257       10.18046
P          0.50290        3.35966        8.64157
P          3.76027        2.85085        7.25760
Si         1.58775        4.44198       11.11940
H          1.08619        3.62896       12.28341
O          2.68074        0.84011       10.32759
C          2.75007        1.91202        9.90141
C          2.71753        5.70607       11.98270
C          2.36488        6.50344       13.05896
H          1.36651        6.43094       13.46319
C          3.27703        7.37441       13.62783
H          2.98643        7.99387       14.46453
C          4.56941        7.45098       13.13012
H          5.28238        8.13126       13.57374
C          4.94863        6.64428       12.07447
H          5.96016        6.68646       11.69179
C          4.01991        5.78080       11.50218
C         -0.02891        5.26194       10.52059
C         -0.76360        6.27077       11.11926
H         -0.39724        6.73138       12.02416
C         -1.95721        6.70190       10.56213
H         -2.51638        7.49795       11.03335
C         -2.43873        6.11469        9.40354
H         -3.37219        6.44878        8.97330
C         -1.72161        5.10081        8.79120
H         -2.09417        4.64138        7.88514
C         -0.51814        4.68782        9.34715
C          5.77967        3.75194       11.17772
C          5.29389        2.73299       11.99256
H          4.23715        2.49016       11.95314
C          6.14028        2.04582       12.84045
H          5.75373        1.25342       13.46481
C          7.48555        2.37631       12.88659
H          8.15380        1.83651       13.54165
C          7.96949        3.40677       12.09893
H          9.01510        3.67621       12.14513
C          7.12238        4.10093       11.25244
H          7.51355        4.91076       10.65382
C          5.48127        5.70434        9.07759
C          6.55939        5.22966        8.33592
H          6.92907        4.22832        8.50220
C          7.16221        6.03809        7.38889
H          7.99771        5.65864        6.81792
C          6.69619        7.32343        7.16998
H          7.16831        7.95097        6.42809
C          5.62001        7.80089        7.90139
H          5.25116        8.80234        7.73057
C          5.00955        6.99468        8.84357
H          4.15380        7.35403        9.40105
C         -0.30461        1.87404        9.30686
C          0.05289        0.64522        8.75513
H          0.73602        0.62218        7.91567
C         -0.45642       -0.52747        9.27615
H         -0.17440       -1.47547        8.84100
C         -1.31824       -0.48392       10.36121
H         -1.71274       -1.40086       10.77421
C         -1.66648        0.73390       10.92099
H         -2.33246        0.76694       11.77117
C         -1.16136        1.91275       10.40039
H         -1.42796        2.86342       10.84151
C         -0.06185        3.39303        6.90758
C         -1.00868        2.53385        6.36107
H         -1.46495        1.76756        6.97215
C         -1.36418        2.66215        5.02915
H         -2.09792        1.99097        4.60548
C         -0.78717        3.64307        4.23938
H         -1.06471        3.73087        3.19890
C          0.14330        4.51429        4.78544
H          0.59394        5.28321        4.17406
C          0.50117        4.39014        6.11392
H          1.23105        5.05765        6.55429
C          5.50049        2.29663        7.46960
C          5.85874        1.73779        8.69432
H          5.11918        1.64966        9.47940
C          7.15193        1.30944        8.93057
H          7.40862        0.88713        9.89148
C          8.11267        1.43903        7.94178
H          9.12704        1.11634        8.12470
C          7.76673        1.99065        6.71946
H          8.51279        2.09682        5.94487
C          6.47151        2.41598        6.48026
H          6.22877        2.85906        5.52621
C          3.04591        1.29518        6.60553
C          2.04310        1.33028        5.63863
H          1.74818        2.27455        5.20425
C          1.42605        0.16327        5.22647
H          0.64999        0.20864        4.47600
C          1.79525       -1.05293        5.77737
H          1.30929       -1.96306        5.45756
C          2.78969       -1.09595        6.74071
H          3.08259       -2.04068        7.17543
C          3.41079        0.06857        7.15460
H          4.18483        0.02079        7.90762
C          3.92679        3.84318        5.73033
C          3.93857        5.22716        5.85078
H          3.80843        5.67266        6.82747
C          4.10711        6.03088        4.73783
H          4.11553        7.10554        4.84854
C          4.26215        5.45692        3.48804
H          4.38683        6.08035        2.61451
C          4.26008        4.07686        3.35877
H          4.38826        3.62484        2.38540
C          4.10118        3.27109        4.47085
H          4.11328        2.19527        4.35920
