64
CSD_code = TAJTEE | q = 0 | S = 0 | Stoichiometry = C14H44P4RuSi | MND = 6
Ru        -0.12272        3.40864        3.73079
P          0.75432        5.12814        2.50293
P          0.89286        1.78402        2.40469
P          1.47489        3.40908        5.42069
P         -1.54184        4.78325        4.93269
Si        -2.18709        2.97451        2.48509
C          0.08643        5.67044        0.87673
C          0.93273        6.81057        3.24026
C          2.51092        4.93703        1.97175
C          0.39998        0.07032        2.82942
C          0.53763        1.81326        0.59554
C          2.70934        1.40691        2.22316
C          2.46893        4.86414        5.98686
C          2.88083        2.22173        5.38755
C          0.80402        2.85132        7.04085
C         -2.77393        3.93483        5.99336
C         -0.95144        6.00264        6.20041
C         -2.66332        5.94115        4.04018
C         -2.74955        3.87991        0.85789
C         -2.75601        1.18158        2.00098
H         -0.69824        2.22623        4.56201
H         -3.46772        3.24789        3.25183
H          0.00603        4.81180        0.21401
H          0.73597        6.42373        0.42849
H         -0.90946        6.08495        1.01876
H          1.52951        6.75142        4.14825
H         -0.04838        7.21306        3.48582
H          1.42280        7.47839        2.53013
H          2.89585        5.87308        1.56480
H          2.56615        4.16528        1.20518
H          3.11872        4.63464        2.82471
H          0.73317       -0.13598        3.84695
H         -0.68166       -0.00687        2.80395
H          0.85067       -0.64508        2.14008
H         -0.51518        2.01015        0.42142
H          1.12534        2.60706        0.13349
H          0.81196        0.85802        0.14633
H          3.04134        0.78961        3.05412
H          2.85380        0.84798        1.29853
H          3.31751        2.30641        2.18830
H          3.06636        4.58943        6.85657
H          1.82500        5.70094        6.24520
H          3.13577        5.17197        5.18162
H          3.58984        2.49711        4.60959
H          3.38963        2.22315        6.35264
H          2.48822        1.22607        5.18781
H          1.56524        2.90760        7.82047
H         -0.06050        3.44504        7.32579
H          0.47698        1.81914        6.91511
H         -2.25907        3.41531        6.80025
H         -3.29961        3.19909        5.39018
H         -3.47950        4.65633        6.40771
H         -0.32186        5.51280        6.94004
H         -1.81581        6.43660        6.70505
H         -0.38284        6.79864        5.72396
H         -3.44979        5.36926        3.55723
H         -2.10741        6.47484        3.27118
H         -3.10093        6.65552        4.73788
H         -2.85567        4.95035        0.99541
H         -3.71935        3.49388        0.56398
H         -2.07507        3.71935        0.02346
H         -3.75941        1.22966        1.59131
H         -2.79409        0.52891        2.86714
H         -2.12774        0.71329        1.25136
