52
CSD_code = ODAKUZ | q = 0 | S = 0 | Stoichiometry = C14H27BCrO5Si4 | MND = 6
Cr         7.74972        0.72984        1.27795
Si         8.15929       -2.30644        3.56578
Si         6.88266       -1.84733        5.52776
Si        10.48589       -2.50414        4.04423
Si         7.33750       -4.20940        2.39055
O          7.51655        2.90158        3.35425
C         11.49131       -2.28688        2.43590
H         12.56069       -2.39027        2.59922
H         11.31775       -1.30365        2.00757
H         11.20328       -3.02014        1.68960
C          7.08295        1.74126       -0.17908
C          7.51562       -2.89830        6.99396
H          6.94027       -2.71403        7.89659
H          8.55391       -2.67669        7.21864
H          7.44675       -3.95923        6.77553
O          8.48060       -1.77542       -0.22789
O          6.64079        2.29901       -1.07738
C          8.64250       -4.90270        1.18210
H          8.26029       -5.75327        0.62370
H          9.53551       -5.23071        1.70556
H          8.94019       -4.14880        0.46099
O          5.14799       -0.39056        2.30793
B          8.03105       -0.74447        2.49310
O         10.65185        1.50679        1.07278
C          7.57044        2.12140        2.51088
C          7.05567        0.00275        5.96695
H          6.52316        0.26261        6.87786
H          6.66118        0.62346        5.16736
H          8.09611        0.27845        6.10644
C          5.02935       -2.22568        5.26868
H          4.43568       -1.94962        6.13628
H          4.85796       -3.28102        5.08014
H          4.63995       -1.67337        4.41971
C          8.14737       -0.79307        0.29131
C          9.52652        1.26566        1.07742
C          6.11105        0.05333        1.83603
C          5.77630       -3.73262        1.40249
H          5.31015       -4.59306        0.92967
H          6.02147       -3.02187        0.61805
H          5.03194       -3.26671        2.04080
C         10.88641       -4.20944        4.81016
H         11.94236       -4.30636        5.04610
H         10.62945       -5.01698        4.13188
H         10.33189       -4.36617        5.72993
C          6.89723       -5.58899        3.64080
H          6.54547       -6.48567        3.13858
H          6.11709       -5.27181        4.32500
H          7.76124       -5.86706        4.23617
C         11.03121       -1.14166        5.26729
H         12.09810       -1.17940        5.46920
H         10.51713       -1.23322        6.21881
H         10.80822       -0.15712        4.86748
