106
CSD_code = SOJCEB | q = 0 | S = 0 | Stoichiometry = C41H55Cl2N2O3ScSi2 | MND = 5
Sc         7.21489        3.48239        3.23730
Si         8.63219        3.00980        6.12052
H          8.04802        3.70607        7.31011
Si         6.65926        0.94235        5.15251
H          5.27193        1.04917        4.57628
N          7.38431        2.49302        5.07607
C          9.87454        1.72540        6.77820
H          9.39049        1.04761        7.47193
H         10.69819        2.19827        7.30404
H         10.29237        1.12926        5.97202
C          9.63668        4.31170        5.13026
H         10.57201        3.90000        4.76243
H          9.88604        5.17120        5.74373
H          9.05459        4.66736        4.26101
C          6.41248        0.28362        6.91781
H          7.34200       -0.08555        7.33492
H          5.69877       -0.53300        6.93603
H          6.04623        1.06376        7.57574
C          7.58697       -0.37294        4.12910
H          7.93604        0.05823        3.19444
H          6.96159       -1.22944        3.89535
H          8.45745       -0.74031        4.66351
N          5.59311        2.97087        1.56712
C          4.26196        2.71080        2.12360
H          4.26685        1.69422        2.53189
H          3.48810        2.77439        1.33988
C          3.90427        3.66725        3.26454
H          3.58677        4.64941        2.88701
H          3.08062        3.22818        3.84685
O          5.05038        3.81865        4.09112
C          4.71240        4.29477        5.38245
H          4.29001        5.30448        5.32426
H          5.63227        4.29425        5.96565
H          3.98800        3.62439        5.85859
O          7.21525        5.25063        2.63648
C          6.18106        5.96223        2.23460
C          5.27879        5.44736        1.27610
C          4.17634        6.18934        0.88055
H          3.50035        5.77717        0.14226
C          3.92579        7.44785        1.40211
C          4.83884        7.97357        2.30868
H          4.65703        8.96685        2.68796
C          5.96111        7.27740        2.71792
C          5.55598        4.11592        0.63226
H          4.80110        3.92422       -0.14923
H          6.54210        4.16460        0.15172
C          2.70472        8.22075        0.99841
H          2.45938        8.03696       -0.04541
H          2.85767        9.28791        1.13935
H          1.84671        7.92031        1.60215
C          6.99258        7.87358        3.66659
C          6.85130        7.16807        5.02410
H          5.81956        7.25375        5.36114
H          7.48592        7.63079        5.77582
H          7.10929        6.11054        4.93529
C          6.80529        9.38337        3.88703
H          6.80295        9.91642        2.93953
H          7.63208        9.76140        4.48538
H          5.87982        9.59004        4.41949
C          8.37359        7.71176        3.05232
C          8.53270        7.88627        1.68050
H          7.66618        8.07045        1.06275
C          9.77767        7.81940        1.08541
H          9.88331        7.94961        0.01937
C         10.89222        7.58778        1.87260
C         10.76623        7.43050        3.24019
H         11.64041        7.25907        3.84928
C          9.51133        7.49966        3.81950
H          9.43660        7.38971        4.88903
Cl        12.45814        7.50367        1.13919
O          8.31361        2.44204        2.18521
C          8.46579        2.26275        0.88896
C          9.71968        2.38640        0.23972
C          9.77151        2.23039       -1.13424
H         10.71287        2.37074       -1.64519
C          8.65821        1.90297       -1.90091
C          7.44218        1.74892       -1.25834
H          6.56014        1.49237       -1.83048
C          7.33565        1.92763        0.11111
C          6.01285        1.76404        0.81267
H          5.24016        1.51392        0.06621
H          6.08922        0.93837        1.53454
C          8.79143        1.72969       -3.38474
H          7.82521        1.52958       -3.84105
H          9.46000        0.89993       -3.61182
H          9.21213        2.62646       -3.83759
C         10.95521        2.80279        1.03271
C         10.74134        4.27188        1.42358
H         11.53911        4.62212        2.07434
H          9.79029        4.37575        1.95578
H         10.69665        4.90010        0.53654
C         11.12578        1.96499        2.31468
H         11.16417        0.90407        2.08051
H         10.29412        2.13810        2.99493
H         12.05740        2.24328        2.80587
C         12.22781        2.59631        0.22657
C         12.53223        1.31598       -0.23550
H         11.83606        0.50942       -0.06097
C         13.69449        1.05402       -0.93327
H         13.91151        0.05776       -1.28614
C         14.58426        2.08744       -1.17767
C         14.30968        3.36644       -0.73187
H         15.00484        4.16852       -0.92581
C         13.13737        3.61249       -0.03518
H         12.95028        4.61967        0.29791
Cl        16.04730        1.77248       -2.05002
