148
CSD_code = TIGGAR | q = 0 | S = 0 | Stoichiometry = C60H80N5Si2Y | MND = 5
Y          6.10682        4.77298        8.74363
Si         8.76759        5.33625       10.78371
Si         6.89333        3.13021       11.59734
N          4.92434        6.81630        8.36086
N          3.95001        5.11892        9.44490
N          7.46656        4.73604        6.91924
N          5.91798        3.11228        7.05652
N          7.38136        4.35218       10.47891
C          3.84065        6.35756        8.97224
C          2.57947        7.13176        9.08515
C          1.36374        6.50942        8.81687
C          0.17807        7.21314        8.90206
C          0.16719        8.55527        9.25801
C          1.38256        9.17549        9.52193
C          2.57234        8.47988        9.43471
C         -1.11857        9.31435        9.37443
C          4.96756        8.08756        7.76183
C          4.17604        8.42368        6.65366
C          4.23693        9.71407        6.14542
C          5.09993       10.65535        6.67099
C          5.93518       10.29765        7.71254
C          5.87796        9.02985        8.27024
C          6.77573        8.70860        9.43566
C          6.20142        9.25604       10.74452
C          3.30647        7.41684        5.94834
C          3.80853        7.18591        4.52088
C          3.03248        4.57223       10.35898
C          2.86488        5.13563       11.63350
C          1.95653        4.55047       12.50274
C          1.25410        3.41678       12.14033
C          1.47509        2.82524       10.90917
C          2.36509        3.38645       10.00977
C          2.67667        2.77997        8.66649
C          1.93369        1.49370        8.33057
C          3.71056        6.31790       12.03343
C          3.85137        6.52502       13.53776
C          6.91490        3.65703        6.37294
C          7.35458        3.15031        5.04899
C          7.45679        4.04605        3.98824
C          7.84641        3.61278        2.73745
C          8.14890        2.27519        2.50723
C          8.04432        1.38483        3.56659
C          7.64959        1.81074        4.82146
C          8.57857        1.82146        1.14600
C          8.73453        5.19477        6.50571
C          9.86530        4.38518        6.72002
C         11.10573        4.85245        6.31742
C         11.24608        6.10854        5.75451
C         10.14307        6.92712        5.61657
C          8.87961        6.48597        5.98195
C          7.69181        7.40521        5.86869
C          7.54232        8.07224        4.50218
C          9.69831        3.06940        7.43833
C         10.99004        2.45626        7.96682
C          5.23012        1.99711        6.52446
C          4.32913        2.15032        5.46129
C          3.75123        1.02074        4.89992
C          4.02351       -0.24023        5.39596
C          4.84362       -0.37671        6.49955
C          5.44463        0.72878        7.08296
C          6.31160        0.54642        8.30195
C          5.51691       -0.04902        9.46483
C          3.95554        3.52676        4.97720
C          2.45480        3.65484        4.71194
C         10.33412        4.40425       11.34153
C          8.43646        6.64728       12.13849
C          8.05692        1.61242       11.60085
C          6.78216        3.69588       13.41496
H          9.08504        6.03436        9.49476
H          5.52073        2.70055       11.16606
H          1.34581        5.47102        8.52609
H         -0.75388        6.71012        8.68737
H          1.39821       10.22026        9.79776
H          3.49940        8.98919        9.64454
H         -1.90755        8.83415        8.80087
H         -0.99699       10.33712        9.02409
H         -1.43339        9.35318       10.41772
H          3.59287        9.98277        5.32005
H          5.13187       11.65477        6.26340
H          6.63789       11.01552        8.11198
H          6.91797        7.62196        9.52065
H          7.75374        9.16686        9.26538
H          5.95737       10.31209       10.63880
H          6.92406        9.14988       11.54926
H          5.29852        8.71744       11.02257
H          3.31148        6.46681        6.48581
H          2.27556        7.78224        5.92021
H          3.88367        8.12517        3.97874
H          3.13152        6.53440        3.97411
H          4.79150        6.72192        4.54048
H          1.79499        4.97667       13.47998
H          0.54537        2.97947       12.82814
H          0.94258        1.92256       10.65534
H          2.47251        3.52295        7.88748
H          3.75985        2.58939        8.63453
H          2.14686        0.71841        9.06251
H          2.25547        1.13227        7.35626
H          0.85850        1.66015        8.29911
H          3.28860        7.22813       11.59466
H          4.70930        6.17192       11.59655
H          2.91476        6.85804       13.97916
H          4.60255        7.28802       13.73405
H          4.16032        5.60342       14.02525
H          7.21617        5.08464        4.15057
H          7.91880        4.32119        1.92438
H          8.27294        0.34021        3.41100
H          7.57759        1.09559        5.62627
H          7.83304        2.09542        0.40083
H          8.71877        0.74401        1.11967
H          9.51667        2.30098        0.86827
H         11.98306        4.24068        6.45264
H         12.22158        6.45644        5.44785
H         10.26487        7.92467        5.22181
H          6.78145        6.84388        6.10198
H          7.79018        8.18967        6.62517
H          8.38955        8.71713        4.28453
H          6.64166        8.68216        4.49150
H          7.47186        7.33043        3.70888
H          9.22306        2.34787        6.76829
H          9.01157        3.23772        8.28128
H         11.63206        2.12736        7.15236
H         10.75654        1.58799        8.58022
H         11.53403        3.17230        8.57779
H          3.08427        1.12492        4.05810
H          3.58324       -1.11157        4.93425
H          5.03807       -1.35956        6.90352
H          7.14418       -0.12260        8.06095
H          6.72563        1.51339        8.61052
H          4.71205        0.62185        9.75362
H          6.16388       -0.19219       10.32545
H          5.08567       -1.00920        9.19137
H          4.51165        3.76628        4.06535
H          4.25233        4.25368        5.74303
H          2.16885        3.14233        3.79699
H          2.17408        4.69987        4.61175
H          1.88720        3.22697        5.53529
H         10.25088        4.07586       12.37280
H         11.20785        5.04471       11.27202
H         10.51601        3.52804       10.73040
H          7.38558        6.91652       12.17388
H          9.01015        7.55191       11.96337
H          8.70957        6.27450       13.12032
H          8.29919        1.28581       10.59461
H          7.60448        0.77631       12.12498
H          8.99117        1.84101       12.10244
H          7.76886        3.82238       13.84877
H          6.24811        2.96886       14.01867
H          6.26248        4.64328       13.50049
