79
CSD_code = TUCSUF | q = 0 | S = 0 | Stoichiometry = C17H50N5Si6Y | MND = 4
Y          3.06009        3.63052        8.22826
Si         5.58291        2.21527        9.76650
Si         5.30569        1.62256        6.78396
Si         4.01059        6.25790       10.17195
Si         1.23463        5.14435       10.60153
Si         1.06808        1.02298        9.02964
Si         0.55834        2.37763        6.36074
N          2.71204        6.48179        6.39463
N          4.79315        5.98822        6.38777
N          5.00660        2.58600        8.18264
N          2.67342        5.29737        9.66919
N          1.48284        2.14306        7.78598
C          3.57364        5.47074        6.65395
C          1.29146        6.41594        6.62138
C          3.37593        7.59674        5.97130
C          4.69431        7.28260        5.96246
C          6.04951        5.29934        6.53268
C          7.34750        2.90763       10.02798
C          5.60919        0.36061       10.22487
C          4.17849        0.09916        6.60465
C          7.12342        1.05655        6.62843
C          3.72496        8.11454        9.78949
C          4.50131        6.13603       12.01036
C          1.39242        3.82006       11.96730
C          0.62866        6.75203       11.43575
C          0.95129       -0.81205        8.50845
C         -0.60241        1.40223        9.87796
C         -1.01876        3.43317        6.64381
C         -0.00791        0.81473        5.42850
H          0.82510        7.32682        6.24753
H          1.09669        6.32080        7.69523
H          0.86594        5.55184        6.10697
H          2.87663        8.50824        5.71303
H          5.54754        7.87185        5.69639
H          6.40888        4.95406        5.56079
H          6.78600        5.97825        6.96255
H          5.91992        4.43296        7.18985
H          4.67943        2.90284       10.76329
H          5.03602        2.51238        5.59930
H          5.21482        5.84888        9.37550
H          0.14750        4.77085        9.63441
H          2.17660        1.10642       10.04426
H          1.46083        3.15026        5.41532
H          7.70874        2.68936       11.02739
H          7.36146        3.98542        9.90089
H          8.05166        2.48095        9.32170
H          5.89853        0.20831       11.25999
H          6.30882       -0.18991        9.60467
H          4.62690       -0.08098       10.08625
H          4.29458       -0.37929        5.63723
H          4.38271       -0.64551        7.36794
H          3.14281        0.41121        6.70684
H          7.29517        0.55577        5.68158
H          7.39393        0.36548        7.41897
H          7.80408        1.89921        6.68439
H          4.60745        8.70061       10.02400
H          2.90285        8.51303       10.37311
H          3.49165        8.27775        8.74176
H          5.38556        6.72720       12.22598
H          3.70586        6.48663       12.65970
H          4.71883        5.10728       12.27833
H          0.42398        3.51155       12.34756
H          1.97442        4.18473       12.80895
H          1.89151        2.93697       11.57421
H         -0.31518        6.59355       11.94720
H          1.34248        7.11242       12.16803
H          0.47871        7.54338       10.70884
H          0.81101       -1.44596        9.37903
H          1.84994       -1.14542        8.00203
H          0.11545       -0.98748        7.83995
H         -0.71874        0.82966       10.79272
H         -0.68370        2.45373       10.13127
H         -1.43592        1.15271        9.22831
H         -1.35214        3.92272        5.73348
H         -0.84703        4.19875        7.39557
H         -1.83872        2.81525        6.99522
H         -0.38783        1.06539        4.44293
H         -0.79913        0.29744        5.96144
H          0.81288        0.11802        5.29840
