73
CSD_code = XIPHUC | q = 0 | S = 0 | Stoichiometry = C33H33ClFeN2O2Si | MND = 8
Fe         9.91539        9.77337        2.95779
Cl         7.04315        9.74967        5.19592
Si         7.77309        9.20991        3.36619
O         10.63301        8.06191        5.16916
O          9.83193       11.71926        5.08990
C         10.33811        8.70811        4.27175
C          9.81708       10.98207        4.21577
N          7.53933        7.45494        3.22063
C          8.51084        6.61853        2.71578
H          9.47253        7.00875        2.45346
C          8.05019        5.34213        2.66742
H          8.58409        4.47892        2.32065
C          6.73071        5.36932        3.17159
H          6.07039        4.53166        3.28631
C          6.44184        6.66261        3.50781
C          5.19976        7.12418        4.14786
C          5.13116        7.18580        5.54325
C          3.93765        7.54901        6.14840
H          3.89386        7.60699        7.22702
C          2.79947        7.82315        5.40458
C          2.87298        7.71668        4.02472
H          1.99175        7.90861        3.42855
C          4.05525        7.37111        3.38517
C          6.30065        6.82334        6.41014
H          6.47029        7.59334        7.15974
H          7.20843        6.69597        5.82832
H          6.09176        5.88752        6.92945
C          1.51894        8.19862        6.08750
H          1.70143        8.94653        6.85691
H          1.07967        7.32505        6.56969
H          0.79930        8.59416        5.37502
C          4.07863        7.27596        1.88970
H          3.10508        6.97002        1.51285
H          4.82823        6.56269        1.55641
H          4.31951        8.24681        1.45642
N          6.69039        9.91417        2.15857
C          6.52919        9.36022        0.90842
H          6.90111        8.37629        0.70512
C          5.84823       10.22096        0.10813
H          5.56308       10.06131       -0.91378
C          5.57400       11.37045        0.88807
H          5.03910       12.24459        0.56953
C          6.10011       11.16242        2.13208
C          6.03223       12.06510        3.29262
C          6.98217       13.07508        3.45901
C          6.89469       13.92009        4.55219
H          7.63896       14.69290        4.68503
C          5.87103       13.79645        5.48123
C          4.91345       12.81619        5.28034
H          4.09877       12.71566        5.98368
C          4.97389       11.95362        4.19605
C          8.09023       13.24003        2.46402
H          8.79005       12.40830        2.55404
H          8.62806       14.16887        2.63801
H          7.69640       13.24343        1.44943
C          5.80285       14.72391        6.65665
H          6.75400       14.73627        7.18619
H          5.02148       14.41886        7.34790
H          5.59279       15.74055        6.32415
C          3.92792       10.89989        4.01552
H          4.30394        9.94331        4.37321
H          3.66812       10.78469        2.96549
H          3.03131       11.14364        4.57968
C          9.93667        9.07525        0.81887
H          9.31361        8.34792        0.32768
C         11.20081        8.82780        1.39243
H         11.70212        7.87444        1.43406
C         11.76364       10.07035        1.77366
H         12.76619       10.22332        2.13634
C         10.84989       11.08669        1.40834
H         11.03480       12.14650        1.47044
C          9.71395       10.47594        0.83593
H          8.88936       10.98119        0.36255
