105
CSD_code = CESPAT | q = 0 | S = 0 | Stoichiometry = C28H67N5Si4Zr | MND = 5
Zr         0.60161        4.62885        4.99962
N         -1.26822        5.45459        5.05256
N          1.89261        4.00187        6.45789
N          1.59056        6.61065        4.65459
N          3.16988        6.90869        2.84819
N          1.81650        4.98201        3.14936
Si        -0.26615        2.13781        4.32675
Si         0.78746        0.07007        3.60984
Si        -0.89324        1.46097        6.57588
Si        -2.42145        1.98878        3.23406
C          0.79449       -0.27471        1.71351
H          0.84349       -1.33894        1.50153
H          1.64099        0.18827        1.21817
H         -0.11156        0.10235        1.24960
C          2.63543       -0.00322        4.13958
H          3.11832       -0.92323        3.82161
H          2.71817        0.04859        5.22028
H          3.20967        0.82218        3.72940
C          0.01533       -1.52903        4.34540
H         -1.01717       -1.63571        4.03214
H          0.02223       -1.50048        5.42920
H          0.54720       -2.42550        4.03648
C          0.54498        0.69738        7.60200
H          1.47401        1.21677        7.39113
H          0.69795       -0.34784        7.35409
H          0.37077        0.75461        8.67384
C         -2.38366        0.31658        7.00444
H         -2.23483       -0.68000        6.60232
H         -3.30339        0.70218        6.57712
H         -2.53848        0.21603        8.07628
C         -1.31147        3.12115        7.44256
H         -1.27713        3.06541        8.52826
H         -2.30789        3.45350        7.16535
H         -0.59363        3.88181        7.10613
C         -3.24078        0.25847        3.05550
H         -4.25909        0.31978        2.67992
H         -3.27497       -0.24968        4.01310
H         -2.67824       -0.37037        2.37314
C         -3.64827        3.04788        4.25848
H         -3.11635        3.88266        4.70660
H         -4.08734        2.47132        5.06626
H         -4.46417        3.44984        3.66427
C         -2.51212        2.70813        1.44697
H         -1.78124        2.24419        0.79131
H         -2.33179        3.77911        1.43804
H         -3.48964        2.54342        1.00049
C         -1.95969        6.24321        6.04814
H         -1.78879        7.32908        5.91446
H         -1.64613        5.96612        7.05867
H         -3.05394        6.09360        5.98206
C         -1.54726        6.00173        3.73994
H         -2.63577        6.06184        3.55642
H         -1.10848        5.35801        2.96874
H         -1.14675        7.03226        3.62122
C          2.03005        4.14786        7.89020
H          2.06629        3.16853        8.40074
H          1.18972        4.71064        8.30931
H          2.96609        4.67368        8.16409
C          3.05908        3.33115        5.92079
H          3.99514        3.88230        6.14596
H          2.96737        3.23073        4.83072
H          3.18670        2.32038        6.35353
C          2.12840        7.61840        5.54919
H          2.21749        8.60498        5.06566
C          1.13499        7.74631        6.71128
H          0.96645        6.73704        7.11725
H          0.18712        8.12139        6.31840
C          1.64271        8.68561        7.80159
H          1.73941        9.69578        7.39421
H          0.91972        8.72571        8.61922
C          2.99875        8.22508        8.32456
H          3.35805        8.91384        9.09229
H          2.89672        7.23717        8.77905
C          3.99909        8.15460        7.17625
H          4.97084        7.81807        7.54562
H          4.13309        9.15379        6.75230
C          3.50477        7.20199        6.09222
H          4.22980        7.16675        5.27746
H          3.40781        6.19176        6.49818
C          2.21015        6.18138        3.56885
C          3.07461        8.33329        2.67254
H          2.03845        8.64402        2.78500
H          3.40000        8.57975        1.65625
H          3.70672        8.89760        3.37326
C          4.48669        6.36219        2.62640
H          4.50311        5.31465        2.91668
H          5.23933        6.90054        3.21988
H          4.77030        6.44865        1.57146
C          2.04672        4.57360        1.77190
H          2.67271        5.31069        1.25015
C          2.72666        3.20214        1.70729
H          2.08590        2.47550        2.21661
H          3.68691        3.23644        2.22970
C          2.94645        2.77930        0.25718
H          3.62113        3.48870       -0.22954
H          3.42278        1.79699        0.22927
C          1.62414        2.73616       -0.50250
H          0.98001        1.97388       -0.06361
H          1.80549        2.46755       -1.54537
C          0.91912        4.08531       -0.42737
H         -0.04438        4.02967       -0.93789
H          1.52238        4.84269       -0.93486
C          0.70675        4.49488        1.02695
H          0.21849        5.47286        1.06568
H          0.07306        3.75923        1.53358
