101
CSD_code = HACLIH | q = 0 | S = 0 | Stoichiometry = C28H64HfSi8 | MND = 12
Hf         3.37386        5.84357       38.27005
Si         2.49718        4.96766       35.75607
Si         3.23705        6.21864       33.81150
Si         0.08387        5.02268       35.59701
Si         2.99602        2.67340       35.15518
C          4.98952        5.72723       33.21263
H          5.08889        4.64918       33.13402
H          5.76207        6.08011       33.88770
H          5.20481        6.14309       32.23166
C          3.28720        8.11858       34.07159
H          3.77600        8.61854       33.23913
H          3.82479        8.39432       34.97335
H          2.28668        8.53281       34.14902
C          2.07463        5.95082       32.31177
H          2.39671        6.52027       31.44369
H          1.05915        6.25567       32.54225
H          2.04233        4.90639       32.02243
C         -0.72979        6.72556       35.25712
H         -1.79679        6.62623       35.07218
H         -0.29505        7.19402       34.37933
H         -0.60922        7.41471       36.08463
C         -0.71688        3.87543       34.28967
H         -0.40048        2.84643       34.42075
H         -0.44526        4.17529       33.28274
H         -1.80242        3.88994       34.35096
C         -0.53524        4.38783       37.29866
H          0.16523        4.64701       38.09508
H         -0.63153        3.30750       37.29144
H         -1.50663        4.79150       37.56726
C          2.62308        2.25662       33.32279
H          2.71445        1.19138       33.12448
H          3.30839        2.76980       32.65529
H          1.61692        2.55216       33.04737
C          1.89217        1.51451       36.20770
H          0.87850        1.49271       35.82216
H          1.83665        1.84188       37.24112
H          2.25933        0.49251       36.20967
C          4.80597        2.09061       35.39146
H          5.16227        2.24551       36.40320
H          5.47837        2.62161       34.72492
H          4.90916        1.03104       35.17057
C          5.72687        5.26641       36.85105
H          5.77118        4.78870       35.88810
C          5.93644        4.63939       38.08599
H          6.17343        3.59899       38.22753
C          5.96617        5.62987       39.08300
H          6.24990        5.48212       40.11153
C          5.76518        6.87953       38.46189
H          5.93293        7.84129       38.92478
C          5.60567        6.65144       37.07593
H          5.60693        7.41031       36.30719
Si         3.05362        4.64646       40.78372
Si         3.76701        5.91258       42.72842
C          2.46516        7.18454       43.32715
H          1.48186        6.73157       43.40573
H          2.38452        8.03001       42.65204
H          2.71764        7.57895       44.30811
C          5.38726        6.90605       42.46836
H          5.57565        7.57940       43.30081
H          5.35735        7.50942       41.56655
H          6.24630        6.24673       42.39110
C          4.11628        4.77214       44.22825
H          4.44851        5.33587       45.09623
H          4.88794        4.04504       43.99779
H          3.22788        4.22209       44.51768
Si         4.30767        2.58397       40.94308
C          6.18924        2.73074       41.28285
H          6.63668        1.75701       41.46784
H          6.37759        3.34152       42.16059
H          6.72573        3.17966       40.45527
C          3.71456        1.31682       42.25040
H          2.66529        1.07612       42.11914
H          3.83820        1.70213       43.25731
H          4.27013        0.38410       42.18924
C          4.06750        1.73029       39.24132
H          3.94171        2.46669       38.44490
H          3.18000        1.10666       39.24869
H          4.90298        1.09095       38.97285
Si         0.81732        3.93133       41.38488
C          0.64271        3.39998       43.21729
H         -0.32553        2.94655       43.41560
H          0.74451        4.25008       43.88474
H          1.40168        2.67634       43.49275
C          0.36569        2.39587       40.33239
H          0.85361        1.50713       40.71804
H          0.67706        2.51137       39.29898
H         -0.70296        2.20283       40.33033
C         -0.59242        5.20734       41.14852
H         -0.63639        5.59336       40.13677
H         -0.46886        6.05517       41.81507
H         -1.56161        4.76687       41.36934
C          1.69728        7.59279       39.68899
H          1.26130        7.39238       40.65190
C          1.04957        7.46069       38.45402
C          1.89254        7.98159       37.45702
H          0.03007        7.14573       38.31239
H          1.62281        8.15334       36.42846
C          3.07525        8.43239       38.07818
C          2.95735        8.18037       39.46416
H          3.82428        9.05853       37.61525
H          3.61389        8.56096       40.23288
