77
CSD_code = JUJVAL | q = 0 | S = 0 | Stoichiometry = C24H47ClHfSi4 | MND = 12
Hf        -5.71919       10.66990        4.38663
Cl        -7.89642        9.84005        4.02974
Si        -6.18208       11.00106        6.99964
Si        -5.96083        9.29119        8.75730
Si        -8.51652       11.64002        7.27131
Si        -4.86578       12.81316        7.94866
C         -3.06010        9.72098        3.62727
C         -3.73436        9.48655        2.41366
C         -4.92376        8.77944        2.68756
C         -4.97576        8.51565        4.08879
C         -3.81617        9.15041        4.67870
C         -1.72055       10.36707        3.81663
C         -3.24440        9.82660        1.03729
C         -5.86904        8.22344        1.65963
C         -5.85335        7.49911        4.77087
C         -3.29494        8.87977        6.06370
C         -4.59950       12.32277        2.90615
C         -4.83823       12.98649        4.12765
C         -6.23628       13.18354        4.24718
C         -6.85090       12.63131        3.11517
C         -5.85067       12.07088        2.29521
C         -4.16610        9.06960        9.41894
C         -6.98184        9.76201       10.30977
C         -6.58264        7.52423        8.32574
C         -8.82169       12.66828        8.86026
C         -9.29913       12.69761        5.87939
C         -9.59934       10.06509        7.35870
C         -5.38055       14.59150        7.44064
C         -3.01900       12.61699        7.44527
C         -4.85937       12.87353        9.86048
H         -0.93682        9.60923        3.87098
H         -1.47535       11.03701        2.99549
H         -1.69167       10.93785        4.74402
H         -3.04863        8.91317        0.47454
H         -3.97602       10.40949        0.47718
H         -2.31790       10.39336        1.08136
H         -5.65688        7.16767        1.47813
H         -6.90546        8.30609        1.98650
H         -5.76209        8.75054        0.71427
H         -5.25254        6.64997        5.10323
H         -6.37145        7.91713        5.63879
H         -6.60284        7.12392        4.07758
H         -2.42157        8.22677        6.00453
H         -2.98579        9.79015        6.57564
H         -4.04844        8.38230        6.66672
H         -3.63466       12.20592        2.44035
H         -4.08205       13.44132        4.74848
H         -6.72384       13.76927        5.00861
H         -7.89704       12.70730        2.86064
H         -6.00353       11.69700        1.29164
H         -4.16323        8.97145       10.50059
H         -3.68118        8.18606        9.01701
H         -3.54137        9.92153        9.17399
H         -6.82347        9.04976       11.11618
H         -6.70585       10.74106       10.68425
H         -8.04535        9.77901       10.09859
H         -6.79817        6.96084        9.22999
H         -7.49982        7.55896        7.74611
H         -5.85644        6.94939        7.76000
H         -9.87305       12.91513        8.97802
H         -8.51190       12.13381        9.74966
H         -8.27017       13.60254        8.83487
H        -10.36927       12.81111        6.03590
H         -8.87718       13.69656        5.82779
H         -9.16586       12.22468        4.91281
H        -10.64949       10.30609        7.50009
H         -9.51679        9.50381        6.43361
H         -9.30316        9.40855        8.16981
H         -4.92785       15.33388        8.09347
H         -5.09168       14.83932        6.42508
H         -6.45669       14.71612        7.51385
H         -2.46949       13.54847        7.54810
H         -2.52150       11.88310        8.07187
H         -2.91216       12.28857        6.41383
H         -4.19616       13.64914       10.23517
H         -5.85258       13.08489       10.24249
H         -4.53489       11.93287       10.29061
