80
CSD_code = BIPHOZ | q = 0 | S = 0 | Stoichiometry = C31H38CrN4O5Si | MND = 6
Cr         7.83631        3.36514        1.80848
Si         7.71561        1.73675        3.64672
O          6.70596        1.70300       -0.42697
O         10.26254        1.95336        0.71048
N          7.31832        2.07679        5.39726
N          5.72717        1.50654        4.10088
N          8.00426       -0.06459        3.54641
O          9.01646        5.70852        3.27607
N          9.64578        1.18596        4.07469
O          5.40984        4.78329        2.89763
C          5.99823        1.99100        5.27978
C          4.99297        2.40242        6.27575
C          4.34255        3.62387        6.12472
H          4.60720        4.26959        5.30030
C          3.37048        4.00691        7.03183
H          2.87320        4.95771        6.91272
C          3.03473        3.17471        8.08704
H          2.27566        3.47597        8.79320
O          7.98226        5.35195       -0.43392
C          3.67085        1.95352        8.23310
H          3.40774        1.29987        9.05163
C          4.64458        1.56488        7.32957
H          5.13805        0.60949        7.43719
C          8.06807        2.73657        6.43720
H          9.10331        2.66274        6.09995
C          7.70889        4.21805        6.56061
H          7.73106        4.68866        5.58012
H          8.42748        4.71973        7.20437
H          6.71750        4.34557        6.98806
C          7.92652        4.58678        0.43021
C          6.29222        4.18117        2.45193
C          7.94965        2.02013        7.78367
H          8.12574        0.95485        7.65399
H          6.96446        2.16563        8.21853
H          8.69067        2.41395        8.47540
C          4.36918        1.31899        3.62871
H          3.75545        2.16055        3.98415
C          4.32693        1.31068        2.10489
H          4.94968        0.51700        1.70280
H          4.68460        2.25906        1.71246
H          3.30411        1.15660        1.76955
C          3.76315        0.02985        4.19734
H          2.73830       -0.07704        3.85062
H          3.75785        0.05975        5.28414
H          4.33161       -0.83886        3.87674
C          9.32102       -0.02353        3.71462
C         10.27505       -1.12596        3.49965
C         11.01517       -1.16838        2.32142
H         10.85605       -0.41365        1.56530
C         11.94083       -2.17724        2.12180
H         12.50813       -2.20812        1.20380
C         12.14100       -3.14248        3.09493
H         12.86411       -3.92839        2.93663
C         11.41548       -3.09612        4.27339
H         11.57283       -3.84407        5.03647
C         10.48757       -2.08999        4.47888
H          9.92471       -2.04733        5.40042
C          7.22527       -1.12609        2.95871
H          6.21493       -0.71582        2.91575
C          7.67139       -1.45149        1.53248
H          6.94240       -2.10360        1.05730
H          8.63517       -1.95443        1.52965
H          7.75204       -0.53601        0.95046
C          7.19709       -2.38054        3.83385
H          6.43438       -3.06495        3.46977
H          6.96185       -2.11140        4.86092
H          8.15491       -2.89340        3.81289
C         11.01958        1.58835        4.30496
H         11.65925        1.09335        3.55862
C         11.17282        3.09569        4.13677
H         10.90713        3.39123        3.12512
H         12.20532        3.38023        4.32472
H         10.53109        3.63172        4.82980
C         11.49691        1.14384        5.69315
H         11.42385        0.06359        5.79209
H         10.89850        1.60519        6.47396
H         12.53546        1.43321        5.83333
C          7.05949        2.26396        0.52008
C          9.37876        2.52764        1.18892
C          8.63166        4.72521        2.80531
