78
CSD_code = BIPJAN | q = 0 | S = 0 | Stoichiometry = C30H38FeN4O4Si | MND = 5
Fe         1.65909        7.57092        6.30645
Si         0.85733        8.24582        4.27869
O          1.32354        9.39663        8.59019
O          4.15847        8.70424        5.34185
O          3.02014        5.02512        6.83561
O         -0.97589        6.37013        6.58435
N          0.95582       10.25202        4.40346
N          1.68683        9.02804        2.84107
N          0.48828        6.56463        3.25000
N         -0.88077        8.13635        3.67995
C          1.68548       10.26391        3.32173
C          2.40222       11.41288        2.74248
C          3.76471       11.56377        2.98278
H          4.27932       10.83782        3.59436
C          4.44525       12.64575        2.45309
H          5.50174       12.75880        2.64503
C          3.77565       13.58042        1.68029
H          4.30936       14.42310        1.26718
C          2.42007       13.43323        1.43914
H          1.89438       14.15990        0.83747
C          1.73259       12.35508        1.96909
H          0.67608       12.23559        1.77513
C          0.85649       11.26711        5.42693
H          0.32458       10.76855        6.24672
C          2.21661       11.71909        5.96303
H          2.83554       10.85577        6.19134
H          2.07284       12.28929        6.87740
H          2.73423       12.34650        5.24157
C          0.04250       12.48620        4.98144
H          0.55917       13.02352        4.18958
H         -0.08491       13.15861        5.82628
H         -0.94146       12.19205        4.62626
C          2.18367        8.55675        1.57224
H          1.83591        7.52181        1.51993
C          3.71212        8.56553        1.50606
H          4.04957        7.97781        0.65543
H          4.12490        8.13512        2.41504
H          4.08994        9.57874        1.39499
C          1.57201        9.32025        0.39598
H          1.80971        8.80970       -0.53435
H          1.96201       10.33329        0.34039
H          0.49051        9.36551        0.50305
C         -0.76421        6.91911        3.17605
C         -1.87394        6.12083        2.63377
C         -2.86325        5.63287        3.48284
H         -2.80466        5.84232        4.54097
C         -3.89853        4.87136        2.97138
H         -4.66109        4.49025        3.63397
C         -3.95744        4.59834        1.61445
H         -4.76700        4.00410        1.21788
C         -2.97799        5.08744        0.76644
H         -3.02394        4.87753       -0.29192
C         -1.93690        5.84542        1.27239
H         -1.17355        6.23584        0.61451
C          0.97035        5.22061        3.01621
H          0.59649        4.88088        2.03678
C          0.45333        4.25551        4.08653
H         -0.63375        4.24289        4.10431
H          0.81370        4.56471        5.06420
H          0.80789        3.24838        3.88137
C          2.49535        5.21477        3.00408
H          2.85823        4.19175        2.94869
H          2.86344        5.67308        3.91825
H          2.88819        5.76576        2.15522
C         -2.09688        8.90919        3.69658
H         -2.91443        8.25682        3.35882
C         -2.39768        9.37616        5.11668
H         -3.33029        9.93468        5.14141
H         -1.59150       10.00457        5.47807
H         -2.48560        8.51897        5.77917
C         -1.97858       10.08016        2.72037
H         -1.86826        9.70813        1.70355
H         -1.10493       10.67307        2.97104
H         -2.86713       10.70499        2.76708
C          1.44112        8.70729        7.67424
C          3.17644        8.26014        5.76575
C          2.47731        6.01529        6.60007
C          0.07898        6.84009        6.51566
