73
CSD_code = CIJVEW | q = 0 | S = 0 | Stoichiometry = C21H39MnN3O4PSi4 | MND = 6
Mn         2.50009       -4.63791       11.25112
P          0.15133       -4.44326       12.48575
Si         0.19731       -7.24522       11.46723
Si         1.14599       -1.75475       13.24510
Si        -2.81134       -3.95023       12.78011
Si        -0.87053       -2.84468       10.43085
O          4.54689       -5.66654       13.07501
O          3.49412       -6.62955        9.33892
O          4.40852       -2.62070       10.28556
O         -0.06252       -4.77402       14.03995
N          1.35789       -3.29001       12.31693
N          0.87435       -5.66766       11.73242
N         -1.23745       -3.79810       12.01607
C          3.72355       -5.22786       12.39505
C          3.09734       -5.84434       10.07879
C          3.64574       -3.40116       10.65940
C          0.84580       -5.48881       14.79709
C          2.13972       -5.02939       14.98856
C          3.01190       -5.74744       15.78904
C          2.59590       -6.91502       16.40370
C          1.29717       -7.36107       16.22365
C          0.41968       -6.65209       15.42375
C          1.55684       -8.48046       11.98884
C         -0.23130       -7.41931        9.61347
C         -1.36434       -7.55852       12.51289
C          2.88187       -1.18239       13.77041
C          0.78934       -2.15780       11.47047
C         -0.13027       -1.68427       14.63572
C         -2.82251       -4.40360       14.63891
C         -3.63302       -2.23378       12.67271
C         -3.92163       -5.26524       11.94147
C          0.39927       -3.50620        9.11470
C         -1.44650       -1.02565       10.22541
C         -2.38581       -3.67189        9.48563
H          2.46016       -4.11217       14.51452
H          4.02169       -5.39170       15.92287
H          3.28012       -7.47505       17.02217
H          0.96293       -8.26843       16.70399
H         -0.59367       -6.99029       15.27890
H          1.74688       -8.44028       13.05865
H          1.26453       -9.49458       11.73912
H          2.49586       -8.27158       11.48494
H          0.64767       -7.28021        8.99033
H         -0.62516       -8.40952        9.40703
H         -0.97524       -6.69219        9.29760
H         -1.70049       -6.64257       12.98669
H         -2.17735       -7.93116       11.89853
H         -1.17749       -8.29784       13.28583
H          3.11969       -1.48309       14.78760
H          3.64939       -1.58043       13.11142
H          2.93507       -0.10065       13.73248
H          1.57095       -1.77352       10.80183
H          0.16777       -2.29334       15.48642
H         -0.23925       -0.66087       14.98145
H         -1.09524       -2.03423       14.28771
H         -2.55595       -5.44053       14.81367
H         -2.16189       -3.79487       15.24512
H         -3.83233       -4.26382       15.01460
H         -3.11989       -1.47910       13.26073
H         -3.67801       -1.87245       11.65336
H         -4.64957       -2.30049       13.04727
H         -4.31133       -5.96854       12.67251
H         -4.77479       -4.78971       11.46855
H         -3.40293       -5.83492       11.17898
H         -0.05343       -4.15788        8.37596
H          0.85686       -2.67916        8.58092
H          1.21845       -4.08426        9.57915
H         -1.58420       -0.50140       11.16270
H         -0.70976       -0.47553        9.65364
H         -2.37401       -0.98524        9.67231
H         -2.33785       -4.75781        9.42415
H         -3.34388       -3.42471        9.93124
H         -2.41460       -3.30038        8.46288
