80
CSD_code = TEGCUF | q = 0 | S = 0 | Stoichiometry = C31H38N4O5SiW | MND = 6
W          3.50412        3.41838       14.14029
Si         3.61489        1.74324       12.26278
O          3.36726        5.50240       16.47570
O          6.08251        4.75619       12.94630
C          1.06680       -1.13102       12.39973
N          1.67901        1.19047       11.84652
O          4.81069        1.57805       16.31888
C          0.29731       -1.19048       13.55792
H          0.42479       -0.43703       14.32114
N          3.99979        2.08839       10.51571
O          0.93551        1.92967       15.16490
C         -0.61627       -2.21512       13.73055
H         -1.20641       -2.25871       14.63361
N          5.60298        1.50758       11.79538
O          2.16663        5.71468       12.47353
C         -0.77506       -3.18016       12.74969
H         -1.48869       -3.97867       12.88687
N          3.32597       -0.05149       12.38519
C          5.31961        1.98488       10.61807
C          6.31245        2.35940        9.59509
C          7.56448        1.84930        7.60657
H          7.78299        1.17988        6.78758
C          8.24403        3.05011        7.72270
H          8.99257        3.31982        6.99288
C          7.96492        3.90249        8.77823
H          8.49599        4.83762        8.87403
C         -0.02006       -3.11753       11.59070
H         -0.14476       -3.86548       10.82153
C          7.00629        3.55989        9.71524
H          6.78513        4.22260       10.53886
C          0.89575       -2.09527       11.41258
H          1.48127       -2.03997       10.50582
C          3.24959        2.77556        9.49550
H          2.22175        2.74330        9.86088
C          6.60413        1.50141        8.54045
H          6.07720        0.56155        8.45613
C          4.09997       -1.09847       13.00211
H          5.10158       -0.67204       13.07894
C          3.66259        4.24209        9.36118
H          4.63618        4.33281        8.88587
H          3.70849        4.70474       10.34474
H          2.93399        4.77791        8.75744
C          3.61096       -1.42570       14.41388
H          2.66732       -1.96497       14.38632
H          3.47284       -0.50670       14.97950
H          4.34504       -2.04329       14.92590
C          3.30421        2.05572        8.14668
H          2.56535        2.48276        7.47238
H          3.08467        0.99884        8.28011
H          4.28461        2.15810        7.68893
C          4.17693       -2.35576       12.13389
H          4.44920       -2.08820       11.11542
H          3.22447       -2.87904       12.11935
H          4.93210       -3.03043       12.53076
C          6.96637        1.28951       12.23582
H          7.59145        2.11136       11.85414
C          0.30477        1.57243       11.58971
H         -0.34102        1.06274       12.32114
C          7.05078        1.29970       13.75777
H          8.08342        1.15561       14.06680
H          6.44489        0.50708       14.18692
H          6.69885        2.25103       14.14853
C          0.12016        3.07551       11.76355
H          0.74246        3.62780       11.06553
H          0.38872        3.37401       12.77367
H         -0.92020        3.33813       11.58660
C          7.52631       -0.02092       11.66884
H          7.50886       -0.00221       10.58176
H          6.94238       -0.87079       12.01114
H          8.55544       -0.15079       11.99473
C         -0.13892        1.12816       10.19042
H          0.46988        1.59986        9.42407
H         -1.17796        1.40562       10.03036
H         -0.05091        0.04909       10.08917
C          2.01061       -0.01537       12.20731
C          3.41708        4.73973       15.62101
C          5.17526        4.24833       13.43624
C          4.39266        2.20070       15.45031
C          1.83698        2.52687       14.77532
C          2.60403        4.80601       13.02104
