47
CSD_code = JALZIF | q = 0 | S = 0 | Stoichiometry = C12H24FeN3O5PSi | MND = 5
Fe        -4.04158        3.88358       -6.40041
O         -4.66494        6.75755       -6.28831
C         -4.42803        5.62825       -6.32394
O         -2.34240        2.54573       -4.40781
C         -3.01381        3.09248       -5.17792
O         -1.71490        4.44166       -8.04379
C         -2.64070        4.22561       -7.39407
O         -5.19201        2.20850       -8.53027
C         -4.76682        2.87837       -7.68948
Si        -5.86128        3.52270       -5.06699
C         -6.05140        4.16198       -3.24636
C         -7.69916        3.53416       -5.68035
P         -6.07694        0.22695       -4.12998
O         -5.90990        1.64252       -4.56493
N         -7.65217       -0.32222       -3.99716
C         -8.44902        0.26785       -2.93671
C         -8.39077       -0.44744       -5.24181
N         -5.48658        0.05557       -2.57460
C         -5.60557       -1.21104       -1.88375
C         -4.32360        0.82869       -2.18756
N         -5.41358       -0.78031       -5.28057
C         -4.26800       -0.33426       -6.04674
C         -5.51412       -2.21748       -5.14309
H         -8.91590        1.20606       -3.25399
H         -7.81692        0.46985       -2.07562
H         -9.23687       -0.43313       -2.65188
H         -8.86815        0.49534       -5.52615
H         -9.16471       -1.20875       -5.12066
H         -7.71366       -0.74398       -6.03880
H         -5.72948       -1.02207       -0.81431
H         -4.71747       -1.83776       -2.01727
H         -6.47855       -1.74524       -2.25010
H         -3.39473        0.26103       -2.30259
H         -4.42181        1.12535       -1.14083
H         -4.26879        1.72093       -2.80497
H         -4.23691        0.75571       -6.05042
H         -4.36478       -0.68398       -7.07678
H         -3.32779       -0.71571       -5.63553
H         -4.62114       -2.64785       -4.67728
H         -5.62759       -2.66387       -6.13430
H         -6.38647       -2.46591       -4.54357
H         -6.74414        3.55272       -2.67076
H         -6.42237        5.18288       -3.24972
H         -5.09998        4.17054       -2.72205
H         -7.83143        2.88188       -6.53896
H         -7.98069        4.53613       -5.98971
H         -8.39401        3.21812       -4.90545
