73
CSD_code = LUKDAW | q = 0 | S = 0 | Stoichiometry = C24H43N4SiTa | MND = 5
Ta        -0.13729       14.40368       12.73017
Si        -0.62075       11.74764       12.22768
N          0.80818       14.28552       10.94802
N         -1.04420       14.39286       14.54053
N         -1.59782       15.63806       11.99173
N          1.66332       14.78084       13.65617
C          0.21115       14.51471        9.65176
C          2.17452       13.85910       10.74370
C         -1.48986       13.36162       15.44618
C         -1.19330       15.67004       15.20347
C         -1.23400       16.89809       11.39112
C         -2.98600       15.67671       12.38582
C          2.45154       15.90966       13.22644
C          2.01729       14.44579       15.01430
C         -2.50812       11.35791       11.80655
C         -2.70187        9.93783       11.27016
C         -3.37124       11.54236       13.05648
C         -3.02967       12.34251       10.75437
C          0.43776       10.95605       10.81756
C          0.09641       11.07932        9.47066
C          0.89181       10.56285        8.46302
C          2.06815        9.90392        8.77485
C          2.42958        9.76481       10.10378
C          1.62556       10.28201       11.10368
C          0.01640       10.73278       13.73821
C         -0.61623        9.64016       14.32137
C         -0.06988        8.98011       15.40972
C          1.13910        9.39339       15.93902
C          1.79911       10.46731       15.36366
C          1.24207       11.12258       14.28168
H         -0.85156       14.71922        9.76141
H          0.33929       13.64190        8.99827
H          0.68568       15.36796        9.14373
H          2.64191       13.64378       11.70199
H          2.76076       14.63348       10.22807
H          2.21898       12.95352       10.12368
H         -1.33450       12.37911       15.00716
H         -2.55689       13.47547       15.69240
H         -0.93876       13.40292       16.39881
H         -0.86380       16.48139       14.55467
H         -0.60216       15.70595       16.13042
H         -2.24217       15.84924       15.48323
H         -0.18817       16.87820       11.08462
H         -1.37363       17.73466       12.09727
H         -1.85046       17.11860       10.50693
H         -3.23324       14.78475       12.95939
H         -3.65030       15.72332       11.50981
H         -3.20318       16.56218       13.00386
H          2.20397       16.17104       12.19833
H          3.52919       15.69516       13.27834
H          2.26722       16.79189       13.86397
H          1.35850       13.66659       15.39283
H          1.94650       15.32391       15.67697
H          3.05390       14.08084       15.07446
H         -2.10632        9.77427       10.37633
H         -3.74956        9.76960       11.01920
H         -2.40725        9.19319       12.00318
H         -3.30175       12.56647       13.41355
H         -3.06313       10.88134       13.86067
H         -4.41635       11.32952       12.82812
H         -2.77233       13.36562       11.01604
H         -4.11501       12.26654       10.67763
H         -2.62083       12.12807        9.77175
H         -0.81236       11.59046        9.19701
H          0.59372       10.67680        7.42973
H          2.69380        9.50147        7.99132
H          3.34334        9.24865       10.36263
H          1.92691       10.15227       12.13127
H         -1.55417        9.28698       13.92323
H         -0.58938        8.13735       15.84359
H          1.56682        8.88117       16.78869
H          2.74996       10.79269       15.76210
H          1.76427       11.95727       13.83405
