37
CSD_code = QAHBAC | q = 0 | S = 0 | Stoichiometry = C12H20FeO2Si2 | MND = 8
Fe         8.36709        7.60902        9.47230
Si         6.61074        7.07792       10.74995
H          6.97575        5.87069       11.54572
H          5.37732        6.57456       10.08892
Si         5.87624        8.72715       12.21055
H          6.52734       10.02807       12.00742
H          4.44197        8.99031       12.11233
H          6.11568        8.40242       13.62012
O          7.34945        5.66878        7.58509
O          6.67901        9.50542        8.08555
C          7.75249        6.41072        8.36618
C          7.34937        8.77593        8.67184
C          9.67543        7.74097       11.29345
C          9.79741        8.91628       10.49958
C         10.32137        8.53815        9.21695
C         10.47690        7.12705        9.20732
C         10.03382        6.62615       10.47631
C          9.40411        7.69319       12.76145
C          9.68498       10.32313       11.00019
C         10.80059        9.48658        8.16281
C         11.14591        6.32239        8.13685
C         10.19599        5.22069       10.96580
H          8.88821        6.77724       13.03853
H          8.79759        8.53749       13.07891
H         10.34937        7.72744       13.30725
H          8.94014       10.40014       11.78851
H         10.64473       10.65223       11.40341
H          9.40440       11.00173       10.19804
H         10.18727       10.38394        8.13704
H         11.83058        9.78379        8.36960
H         10.77005        9.02450        7.17928
H          9.40980        4.96402       11.67229
H         11.15762        5.10586       11.46945
H         10.15597        4.51319       10.14140
H         10.98876        6.76725        7.15732
H         12.22052        6.27869        8.32413
H         10.76324        5.30503        8.11415
