60
CSD_code = ADOCII | q = 0 | S = 0 | Stoichiometry = C14H33AsB2NO5PSi2W | MND = 6
W          5.69217       12.21464        7.64877
As         5.33867        8.92991        3.02832
P          6.11911       11.13660        5.42446
Si         4.01716       10.40296        1.74385
Si         7.56265        9.08302        2.23490
O          8.74844       12.01226        8.34099
O          6.12979       15.04853        6.36724
O          2.66646       12.28783        6.80916
O          5.07743       13.52783       10.42339
N          4.76862        5.92481        3.56781
C          5.30262       13.04646        9.40775
O          5.21354        9.35564        8.85730
C          7.63240       12.09905        8.10326
C          5.97632       14.01790        6.83959
C          3.76579       12.27718        7.12708
C          8.77639        8.47381        3.59403
H          8.40124        8.72951        4.58307
H          9.75341        8.93652        3.49041
H          8.92457        7.39738        3.56394
C          5.39765       10.39543        8.41641
C          7.98947       10.89256        1.78515
H          7.39337       11.23815        0.94434
H          9.03532       11.00278        1.51334
H          7.79799       11.55513        2.62575
C          6.16685        5.85446        3.99307
H          6.44021        6.78407        4.49334
H          6.80497        5.72449        3.12024
H          6.32134        5.01880        4.68022
C          4.38422       12.26977        1.94978
H          4.10513       12.60904        2.94376
H          3.81340       12.85527        1.23495
H          5.43370       12.50398        1.79936
C          3.92146        6.18070        4.73559
H          4.06607        5.40743        5.49345
H          2.87690        6.18954        4.43202
H          4.16708        7.15304        5.16065
B          4.56877        7.08888        2.45074
C          4.23500        9.92515       -0.09660
H          5.22488       10.19071       -0.45756
H          3.50941       10.41907       -0.73480
H          4.11298        8.85234       -0.21841
B          5.24971        9.45964        5.02241
C          4.38451        4.63564        2.98486
H          5.02907        4.40661        2.13934
H          3.35914        4.68884        2.62639
H          4.46535        3.83632        3.72493
C          7.83728        8.01379        0.67000
H          7.75270        6.95291        0.88630
H          8.81933        8.18292        0.24005
H          7.09771        8.25116       -0.08866
C          2.20523       10.12698        2.29167
H          1.86708        9.12709        2.03466
H          1.51997       10.83592        1.83636
H          2.12451       10.23687        3.37110
H          5.13245        6.71925        1.46748
H          7.45327       10.93342        5.06547
H          5.88126       11.95643        4.32324
H          3.39526        7.18403        2.27057
H          4.09057        9.55770        5.32626
H          5.80236        8.62871        5.70116
