99
CSD_code = AGULUJ | q = 0 | S = 0 | Stoichiometry = C30H60Cl2NOP2ReSi2 | MND = 5
Re         2.86051        3.72692        4.56035
Cl         1.42423        2.35189        3.38346
Cl         0.96404        4.45020        5.68308
P          4.11198        2.93745        2.63268
P          3.68287        5.88205        5.32261
Si         1.93703        4.91999        1.30469
Si         1.19089        6.74052        3.65873
O          1.98265        5.51911        2.84036
N          3.77159        2.86417        5.74585
C          2.45699        6.26993        0.06623
C          0.19226        4.32059        0.84930
C          3.27837        3.54474        1.11185
C          5.86513        3.54781        2.43746
C          6.65546        3.17158        3.69056
C          8.02553        3.84371        3.67742
C          8.79610        3.44290        2.42203
C          8.00014        3.79156        1.16727
C          6.62979        3.11365        1.18779
C          4.35305        1.08348        2.48948
C          4.18906        0.43804        3.86770
C          4.56570       -1.03802        3.81211
C          3.68684       -1.75967        2.79594
C          3.83780       -1.11796        1.42119
C          3.47610        0.36652        1.46527
C          1.21999        8.30767        2.56847
C         -0.66105        6.39344        3.92989
C          2.34342        7.12182        5.15720
C          5.13666        6.70090        4.48041
C          4.78467        7.05231        3.03758
C          6.00830        7.56899        2.28631
C          6.56559        8.80467        2.98473
C          6.90463        8.47760        4.43509
C          5.68064        7.94662        5.18251
C          4.17190        5.91523        7.11431
C          5.46166        5.11269        7.29267
C          5.89615        5.08767        8.75589
C          4.79555        4.49930        9.62936
C          3.51410        5.30578        9.45995
C          3.08387        5.30570        7.99654
H          3.38524        6.76831        0.32574
H          2.58436        5.82725       -0.91584
H          1.68905        7.02863       -0.02127
H         -0.52031        5.13684        0.93340
H          0.16719        3.96454       -0.17616
H         -0.15298        3.51243        1.48729
H          4.04557        3.87854        0.41271
H          2.77259        2.69154        0.66359
H          5.77453        4.63842        2.40562
H          6.07942        3.45643        4.57716
H          6.79549        2.08994        3.72370
H          7.90664        4.92988        3.69470
H          8.58757        3.55700        4.56767
H          9.76369        3.94851        2.39776
H          8.98285        2.36711        2.44269
H          7.86944        4.87502        1.10794
H          8.55158        3.47595        0.27879
H          6.77875        2.03267        1.18303
H          6.08325        3.37665        0.27903
H          5.39758        0.95485        2.18207
H          4.79791        0.97029        4.60321
H          3.15193        0.53226        4.19274
H          5.61616       -1.14438        3.52727
H          4.43946       -1.48308        4.79965
H          3.95679       -2.81668        2.74362
H          2.64480       -1.69205        3.11285
H          4.87163       -1.22870        1.08157
H          3.19452       -1.62527        0.69872
H          2.42620        0.47506        1.74065
H          3.62592        0.78896        0.46759
H          2.18289        8.55207        2.13502
H          0.51409        8.20552        1.75177
H          0.89854        9.15719        3.16134
H         -0.95783        6.60000        4.95310
H         -1.25904        7.01997        3.27423
H         -0.91461        5.35625        3.73463
H          2.78622        8.11563        5.08715
H          1.75611        7.08077        6.07261
H          5.91878        5.93263        4.47257
H          4.37042        6.17673        2.53371
H          4.01811        7.82849        3.03331
H          6.77988        6.79552        2.25618
H          5.73932        7.81167        1.25523
H          7.45727        9.16032        2.46455
H          5.82176        9.60452        2.95645
H          7.69598        7.72451        4.46113
H          7.27987        9.37075        4.93894
H          4.91615        8.72637        5.21124
H          5.97082        7.72064        6.20790
H          4.31762        6.96575        7.39842
H          5.25598        4.09436        6.94727
H          6.26997        5.52490        6.68676
H          6.80814        4.49601        8.85353
H          6.12005        6.10539        9.08873
H          4.61026        3.46890        9.32406
H          5.10658        4.49833       10.67612
H          2.71890        4.87604       10.07065
H          3.67929        6.33298        9.79767
H          2.14653        5.85410        7.89063
H          2.91406        4.27634        7.66709
