105
CSD_code = AQOFIX | q = 0 | S = 0 | Stoichiometry = C47H52ClOP2RhSi | MND = 7
Rh         1.68230        7.16440       10.30756
Cl         1.03409        9.16774        9.09550
O          4.93459        7.61565       10.10789
P          2.00055        6.33659        8.16159
P         -0.50866        6.52616       10.68002
Si         6.28036        8.52648       10.35538
C          2.46707        5.54669       11.38005
H          1.90746        5.27417       12.27817
H          2.59210        4.64674       10.77701
C          3.82456        6.15621       11.70478
H          3.95397        6.37203       12.76966
H          4.65694        5.52910       11.38197
C          3.84942        7.45703       10.91684
C          3.07744        8.53526       11.33242
H          3.26084        9.50799       10.88501
C          1.90613        8.29374       12.10325
H          1.27756        9.15922       12.29722
H          1.98223        7.63438       12.96395
C          6.05748       10.31870        9.74645
H          5.69833       10.34847        8.72311
H          6.99243       10.86834        9.78414
H          5.34120       10.86057       10.35829
C          6.66275        8.58089       12.22622
H          5.82396        9.01248       12.76652
H          7.53745        9.18221       12.44909
H          6.83176        7.58794       12.63316
C          7.62043        7.57150        9.36288
C          7.23218        7.46958        7.88663
H          7.98117        6.90213        7.33402
H          7.15600        8.45660        7.43779
H          6.27276        6.97143        7.77165
C          7.80026        6.15472        9.91408
H          6.86445        5.60368        9.86231
H          8.13169        6.17843       10.94990
H          8.54574        5.61337        9.33162
C          8.95509        8.30808        9.46909
H          9.72881        7.77677        8.91563
H          9.27259        8.38750       10.50588
H          8.87524        9.31160        9.05938
C          3.17904        7.18490        7.04033
C          3.67898        8.45096        7.30806
H          3.39991        8.95588        8.21919
C          4.50251        9.08101        6.38992
H          4.86379       10.08013        6.58756
C          4.85404        8.44555        5.21296
H          5.49921        8.93837        4.50024
C          4.37064        7.17404        4.94759
H          4.64025        6.67220        4.02946
C          3.53160        6.55030        5.84972
H          3.13965        5.56712        5.62713
C          2.71280        4.65776        7.95676
C          3.98995        4.52020        8.49880
H          4.45354        5.38454        8.95636
C          4.65806        3.31386        8.43713
H          5.64958        3.21976        8.85655
C          4.05335        2.22165        7.83382
H          4.56838        1.27330        7.78816
C          2.79173        2.35354        7.28101
H          2.32384        1.50884        6.79557
C          2.12163        3.56525        7.33734
H          1.14763        3.65572        6.87959
C          0.52292        6.35427        7.08565
C          0.36661        7.35340        6.12945
H          1.12355        8.11514        6.01982
C         -0.76353        7.38950        5.33389
H         -0.87410        8.17382        4.59938
C         -1.74798        6.42621        5.47281
H         -2.62246        6.44568        4.83921
C         -1.61613        5.44840        6.44306
H         -2.39127        4.70765        6.57633
C         -0.50154        5.42751        7.26126
H         -0.43973        4.68960        8.04818
C         -1.93875        6.78541        9.55472
C         -1.99590        7.94803        8.79070
H         -1.17273        8.64652        8.81522
C         -3.08725        8.20235        7.98022
H         -3.11281        9.10759        7.39184
C         -4.13799        7.30378        7.92236
H         -4.99165        7.50198        7.29062
C         -4.08633        6.14416        8.67662
H         -4.90066        5.43448        8.63542
C         -2.99619        5.88276        9.48671
H         -2.97514        4.96685       10.05781
C         -0.76476        4.76802       11.13076
C         -0.02225        3.79681       10.46933
H          0.72186        4.10365        9.74770
C         -0.21431        2.45291       10.73365
H          0.37489        1.71377       10.21027
C         -1.15685        2.06081       11.66888
H         -1.30801        1.01297       11.88244
C         -1.90781        3.01953       12.32965
H         -2.64970        2.71880       13.05534
C         -1.71885        4.36359       12.06151
H         -2.31900        5.10111       12.57554
C         -1.13566        7.37720       12.17282
C         -0.71055        6.94461       13.42801
H         -0.07744        6.07067       13.50339
C         -1.09685        7.61952       14.56941
H         -0.76805        7.27144       15.53829
C         -1.90072        8.74471       14.47242
H         -2.20027        9.27408       15.36499
C         -2.31164        9.19010       13.22802
H         -2.93084       10.07162       13.14716
C         -1.93089        8.51325       12.08192
H         -2.24786        8.87165       11.11358
