88
CSD_code = AYOZUJ | q = 0 | S = 0 | Stoichiometry = C21H57O3Si6Y | MND = 6
Y         -0.66386        5.59855        3.19485
Si         2.61444        5.38023        3.89078
Si         2.02315        6.95407        1.16723
Si        -1.81209        8.58919        4.21026
Si        -3.64468        7.24991        1.95436
Si        -2.32259        3.15637        4.79990
Si        -0.98253        2.16527        2.06800
O          1.33864        4.95650        4.94197
O         -0.56022        7.69623        4.94918
O         -1.96016        4.70033        5.42955
C          1.61811        5.52510        2.31714
H          1.71951        4.59329        1.74921
C          3.43620        6.95641        4.60037
H          4.21490        7.31177        3.93590
H          3.89260        6.78091        5.57158
H          2.71150        7.75495        4.71324
C          3.94615        4.00338        3.98694
H          3.52206        3.02580        3.78038
H          4.42444        3.95767        4.96173
H          4.72279        4.18119        3.25167
C          1.57149        4.52386        6.25615
H          2.09712        3.56461        6.25695
H          0.61208        4.40436        6.75927
H          2.17554        5.24854        6.80979
C          0.84820        6.83403       -0.34725
H          1.08506        5.96653       -0.95512
H          0.92725        7.70619       -0.98856
H         -0.19064        6.74401       -0.03173
C          1.73213        8.64404        2.02354
H          1.05522        8.52680        2.86507
H          1.29630        9.37129        1.34544
H          2.66081        9.06309        2.39606
C          3.81925        6.96765        0.49334
H          4.53657        7.02273        1.30582
H          4.00025        7.81086       -0.16585
H          4.03252        6.06317       -0.06643
C         -1.92675        7.61285        2.62149
H         -1.36510        8.14098        1.84257
C         -3.30445        8.57146        5.40870
H         -4.15711        9.07008        4.96310
H         -3.08493        9.07798        6.34555
H         -3.60333        7.55568        5.64239
C         -1.25176       10.41992        4.09633
H         -0.29848       10.51240        3.58559
H         -1.15006       10.88340        5.07401
H         -1.97676       10.99919        3.53574
C          0.06854        8.13332        6.12485
H          0.61909        9.06089        5.94366
H          0.76640        7.36376        6.45411
H         -0.66127        8.31499        6.91915
C         -4.66379        6.19696        3.18974
H         -4.00064        5.67166        3.87127
H         -5.27409        5.45592        2.68276
H         -5.32964        6.81662        3.78086
C         -4.69487        8.79967        1.53549
H         -4.83794        9.41897        2.41507
H         -5.67593        8.53567        1.15327
H         -4.20499        9.41097        0.78500
C         -3.43836        6.24673        0.32967
H         -3.00639        6.86131       -0.45385
H         -4.39001        5.87800       -0.03991
H         -2.78242        5.38962        0.47806
C         -1.90818        3.50036        3.01099
H         -2.83655        3.71630        2.46997
C         -1.25711        1.88925        5.76035
H         -1.39258        0.89309        5.35605
H         -1.51682        1.84987        6.81551
H         -0.20314        2.13303        5.68648
C         -4.14564        2.74770        5.23350
H         -4.82007        3.52341        4.88481
H         -4.30057        2.63015        6.30271
H         -4.44501        1.82065        4.75766
C         -2.28566        5.05983        6.74613
H         -3.37098        5.08732        6.87931
H         -1.87701        6.04965        6.94867
H         -1.86783        4.34868        7.46462
C          0.73007        1.81491        2.85423
H          1.04879        2.66293        3.45383
H          1.49152        1.63513        2.10151
H          0.69744        0.94233        3.49807
C         -1.89519        0.48274        1.93909
H         -2.09416        0.07405        2.92451
H         -1.31797       -0.25188        1.38641
H         -2.84975        0.59452        1.43589
C         -0.70868        2.80143        0.27669
H         -1.64843        2.85703       -0.26362
H         -0.05247        2.14642       -0.28770
H         -0.26738        3.79742        0.27713
