84
CSD_code = BIXQII | q = 0 | S = 0 | Stoichiometry = C39H36ClO4P2ReSi | MND = 6
Re         3.13205       -1.62028       -3.05802
Cl         5.17601       -0.88721       -3.74231
P          1.44239       -3.32887       -2.77347
P          2.38302       -0.58372       -5.09995
Si         2.30028       -1.86879        1.01340
O          2.65452       -0.42910       -2.01376
O          2.90210       -2.74757       -5.17835
O          4.22354       -3.34060       -2.66092
O          1.47370       -2.39129       -0.34028
C          1.15142       -4.12707       -4.36639
C          0.25675       -5.16641       -4.58215
C          0.17480       -5.75920       -5.82650
C          1.00803       -5.32706       -6.85085
C          1.92268       -4.31874       -6.64436
C          2.02816       -3.70246       -5.38826
C          2.37633       -4.59281       -1.89527
C          1.86180       -5.67539       -1.20296
C          2.73135       -6.58998       -0.63747
C          4.10236       -6.42100       -0.78790
C          4.62445       -5.34499       -1.47396
C          3.76573       -4.39030       -2.04013
C         -0.09481       -3.11010       -1.86914
C         -1.39719       -3.33129       -2.28424
C         -2.43846       -3.06520       -1.41106
C         -2.17478       -2.56360       -0.14605
C         -0.87645       -2.31618        0.26824
C          0.17444       -2.58673       -0.59456
C          1.90088       -3.06764        2.44615
C          1.81283       -0.06525        1.39799
C          4.11612       -2.02050        0.50580
C          3.36829       -0.42603       -6.62041
C          4.51094       -1.16468       -6.89439
C          5.17809       -0.98186       -8.09314
C          4.70854       -0.07158       -9.02462
C          3.56613        0.66484       -8.75452
C          2.89990        0.49510       -7.55537
C          0.71331       -1.09789       -5.56817
C         -0.26808       -1.02432       -4.58338
C         -1.56165       -1.41973       -4.86810
C         -1.86974       -1.92444       -6.12264
C         -0.88910       -2.01679       -7.09569
C          0.40234       -1.59775       -6.82526
C          2.12623        1.20621       -4.71693
C          0.96755        1.89618       -5.05784
C          0.84913        3.24530       -4.77114
C          1.88373        3.91883       -4.14540
C          3.04229        3.23822       -3.80716
C          3.16353        1.89045       -4.09011
H         -0.35823       -5.52170       -3.76737
H         -0.52229       -6.56537       -5.99771
H          0.94829       -5.79735       -7.82185
H          2.58895       -3.99618       -7.43091
H          0.79047       -5.78941       -1.10162
H          2.34677       -7.43384       -0.08491
H          4.77728       -7.14405       -0.35241
H          5.69034       -5.21348       -1.58446
H         -1.59261       -3.70385       -3.27813
H         -3.45763       -3.24640       -1.71775
H         -2.99273       -2.35555        0.52770
H         -0.67659       -1.91165        1.24709
H          2.03127       -4.10052        2.13278
H          0.88362       -2.96408        2.81188
H          2.56447       -2.89426        3.28642
H          0.78501        0.03817        1.73598
H          1.92804        0.54054        0.50234
H          2.45169        0.35687        2.16717
H          4.39933       -3.05334        0.32331
H          4.77128       -1.62854        1.27700
H          4.30846       -1.45682       -0.40551
H          4.87571       -1.87450       -6.17053
H          6.07042       -1.55411       -8.29910
H          5.23145        0.06710       -9.95952
H          3.19499        1.37630       -9.47778
H          2.01320        1.07596       -7.34255
H         -0.00100       -0.63935       -3.60571
H         -2.32817       -1.33692       -4.11199
H         -2.87741       -2.24536       -6.34187
H         -1.12976       -2.41514       -8.07005
H          1.16764       -1.65395       -7.58542
H          0.15102        1.38316       -5.54713
H         -0.05688        3.77027       -5.03819
H          1.78589        4.97086       -3.92097
H          3.85253        3.75892       -3.31906
H          4.06479        1.35526       -3.82355
