228
CSD_code = CEGWIX | q = -1 | S = 0 | Stoichiometry = C109H111FeN4O2Si(1-) | MND = 4
Fe         0.80962       11.10386       14.58065
Si        -4.96859       11.41760       17.43039
O         -4.10237       11.81499       16.06457
O         -2.14814       11.31086       17.01678
N         -2.22883       11.68320       14.77476
N          1.16917        8.13787       14.15991
N          2.33592       12.58467       12.44064
N          2.32090       11.84110       17.08730
C          4.97780       10.76648       17.72906
C          3.13453       12.52559       17.91157
C          1.25588       14.10048       18.51728
C          1.71172       11.51963       16.10745
C          2.68279       13.70426       18.55062
C          0.65551       14.54992       17.34131
C         -0.69494       14.86232       17.34399
H         -1.15874       15.17468       16.42119
C          4.45216       12.08471       18.15912
C         -0.83152       14.40829       19.67398
H         -1.40172       14.37912       20.59245
C         -2.76274       11.58500       16.01430
C          5.29802        9.82947       18.71732
C          1.02030        6.82776       14.42911
C          1.68997        7.84515       17.41435
C         -1.45580       14.79296       18.49913
C          6.21120        8.34716       17.03828
C          5.86338        9.27322       16.06872
H          6.07840        9.05942       15.03029
C         -0.87115       11.46317       14.65007
C          0.50314        7.43369       16.80514
C          4.43643       14.54846       12.77246
C          3.76800       14.24047       11.48516
C          0.50762       14.04644       19.69734
C          2.28729       12.94001       10.06412
C          3.20979        6.62177       12.08901
C          0.58341        6.43259       15.71596
C          5.25504       10.47824       16.39229
C          3.84475        6.75693       10.86425
H          4.86298        7.12326       10.83828
C          2.78456       13.23442       11.35656
C          5.31404       12.89171       18.88902
H          6.33382       12.55991       19.03325
C         -0.71439        7.94484       17.24881
C          1.64743        8.79448       18.42226
H          2.57616        9.12039       18.86869
C          1.36940       11.81647        9.77396
C         -0.72609        8.87836       18.27178
H         -1.67143        9.28177       18.60162
C          1.28278        5.83990       13.45744
C         -3.03571       11.94172       13.61366
C          5.91347        8.63873       18.36054
H          6.16555        7.92347       19.13356
C          1.06096        9.31863       14.36581
C         -2.80746       14.49730       13.84880
C          1.80584       10.49953        9.95235
C          5.63062       13.90269       13.08979
C          3.94484       15.55470       13.60210
C          3.57581       14.47873       19.27200
H          3.22124       15.39650       19.72100
C         -3.66724       15.22185       14.67471
C          4.62922       15.87219       14.76421
H          4.24218       16.64537       15.41452
C          3.95281        6.98337       13.33847
H          5.02053        7.05919       13.14157
H          3.78890        6.24121       14.11810
H          3.60486        7.94556       13.71499
C          6.30172       14.25112       14.25222
H          7.22794       13.74977       14.50036
C          5.80690       15.22413       15.10739
C         -3.26349       16.45822       15.15746
H         -3.93112       17.01587       15.80088
C          0.32353        5.10023       15.97421
H         -0.01962        4.81628       16.96017
C          3.01115        7.27456       16.99387
H          2.90519        6.25085       16.63727
H          3.71190        7.29029       17.82531
H          3.43638        7.87860       16.19285
C          1.90033        6.12476       12.14169
C         -2.90933       15.15646       18.46501
H         -3.03545       16.17962       18.11093
H         -3.36141       15.06433       19.44997
H         -3.43920       14.49762       17.77851
C         -4.53582       12.18880       19.11475
C          1.75499       11.95492       13.28588
C          4.92956       11.44501       15.30218
H          3.93420       11.23629       14.89992
H          5.64592       11.35531       14.48997
H          4.92884       12.47001       15.66395
C          0.44620        9.33277       18.85252
C          1.44048       14.75576       16.08519
H          1.13585       15.68828       15.61552
H          1.24096       13.94130       15.38279
H          2.51057       14.78348       16.27723
C         -1.58576       15.04899       13.45673
C         -3.28341       13.25303       13.19079
C          1.02777        4.50810       13.76721
H          1.25294        3.75119       13.02682
C         -2.03420       17.00126       14.81591
C          4.90095       14.10294       19.41474
H          5.59426       14.73027       19.95765
C          4.18025       14.95592       10.37458
H          4.93162       15.72483       10.50334
C          1.25681        5.77557       10.94992
C         -1.21464       16.29041       13.95191
H         -0.27167       16.71988       13.64387
C         -4.04388       13.04676       21.73924
H         -3.85784       13.37392       22.75370
C          0.12961       12.05411        9.17335
C         -5.48741       12.91446       19.82933
H         -6.43744       13.14439       19.37026
C         -3.32540       11.91380       19.74873
H         -2.55640       11.38951       19.20612
C         -3.08509       12.32844       21.04610
H         -2.14377       12.08562       21.51884
C          3.21615        6.41856        9.67530
C         -3.57221       10.87810       12.87362
C          3.12867       10.19489       10.58622
H          3.87866       10.93434       10.30774
H          3.47202        9.20695       10.29089
H          3.02367       10.20178       11.67196
C          4.98893       10.08254       20.16710
H          5.82155       10.59017       20.65612
H          4.81790        9.14116       20.68762
H          4.10778       10.71137       20.27531
C          1.12292       13.63396       21.00639
H          1.94989       12.94467       20.85729
H          0.37813       13.15970       21.64237
H          1.50690       14.50819       21.53522
C          1.92012        5.93470        9.73992
H          1.41024        5.66212        8.82423
C          2.73014       13.68052        8.97786
H          2.34838       13.43324        7.99659
C         -0.63795       10.98340        8.74007
H         -1.59410       11.17889        8.27082
C          0.52465        4.13333       14.99946
H          0.32401        3.09242       15.21218
C          3.90282        6.60550        8.35471
H          3.64314        7.57978        7.93644
H          3.59367        5.84151        7.64347
H          4.98418        6.56476        8.46955
C         -3.46755        9.44210       13.23673
C          6.51330       15.55845       16.38687
H          6.46502       16.62705       16.59018
H          7.55663       15.25200       16.34856
H          6.03544       15.03689       17.21783
C         -2.00957        7.53245       16.62055
H         -2.39002        8.35327       16.01354
H         -2.75298        7.30083       17.38241
H         -1.87893        6.66681       15.97933
C          6.85324        7.04566       16.65824
H          7.54708        7.18299       15.83080
H          6.08846        6.33583       16.34041
H          7.38964        6.61330       17.50067
C          1.01668        9.45275        9.50198
H          1.37007        8.44012        9.63213
C          3.65812       14.69637        9.11855
H          3.98727       15.26272        8.25897
C         -5.24471       13.34883       21.12003
H         -5.99869       13.91678       21.64929
C         -5.03825       14.70429       14.98990
H         -5.68764       14.80942       14.11892
H         -5.47855       15.25890       15.81622
H         -5.00151       13.65073       15.24838
C         -4.93633        9.53161       17.70526
H         -4.92963        8.98445       16.76781
H         -5.79164        9.19949       18.28682
H         -4.03990        9.24897       18.24819
C         -6.71517       12.00371       16.93926
H         -6.80076       13.08518       16.94558
H         -7.43603       11.61027       17.64756
H         -7.00643       11.66095       15.95278
C          0.39919       10.39755       19.90372
H          1.36678       10.51075       20.38883
H         -0.35054       10.16534       20.66001
H          0.12767       11.34424       19.43705
C         -0.39850       13.44492        8.96035
H          0.13066       14.16715        9.57511
H         -1.46034       13.48289        9.20167
H         -0.28564       13.73849        7.91523
C          2.69346       16.28293       13.21878
H          2.78337       16.69510       12.21315
H          2.48677       17.09276       13.91525
H          1.85590       15.58846       13.22294
C          6.17954       12.85266       12.16894
H          5.46655       12.03592       12.06181
H          7.11777       12.45382       12.54952
H          6.35337       13.26871       11.17613
C         -0.20037        9.67547        8.87818
C         -4.49546        7.46223       14.13180
H         -5.33567        6.98502       14.61957
C         -2.38442        8.67920       12.79879
C         -4.02478       13.47512       12.03282
H         -4.19716       14.49737       11.72341
C         -0.71121       14.31652       12.49406
H         -0.20956       13.48684       13.00406
H          0.04430       14.97451       12.07063
H         -1.29881       13.88590       11.68600
C         -3.38855        6.70408       13.77773
C         -4.29356       11.13833       11.71323
H         -4.68023       10.29973       11.15005
C         -1.32253        9.29149       11.95055
H         -1.76360        9.84353       11.12156
H         -0.64934        8.53309       11.56122
H         -0.72220       10.00247       12.52886
C         -0.15156        5.25302       10.90135
H         -0.51565        4.97315       11.88477
H         -0.20788        4.38107       10.24952
H         -0.81401        6.01714       10.49225
C         -1.59074       18.31763       15.38160
H         -0.95807       18.85164       14.67498
H         -1.01272       18.14831       16.29182
H         -2.44508       18.94274       15.63463
C         -4.51853       12.42915       11.28229
H         -5.07829       12.61799       10.37695
C         -2.34971        7.32727       13.10595
H         -1.48995        6.75039       12.80511
C         -4.55091        8.82168       13.86196
C         -5.79424        9.60592       14.16386
H         -6.45239        9.05652       14.83365
H         -6.33843        9.80681       13.23912
H         -5.54430       10.56270       14.61261
C         -1.03243        8.53161        8.37641
H         -1.47385        8.76843        7.40901
H         -1.84492        8.32144        9.07314
H         -0.42751        7.63320        8.27790
C         -3.34045        5.22977       14.05654
H         -3.91416        4.98342       14.94782
H         -2.31352        4.89610       14.19492
H         -3.76464        4.67556       13.21702
