75
CSD_code = CIBMEG | q = 0 | S = 0 | Stoichiometry = C24H42N2O4Si2Ti | MND = 6
Ti         3.51259        9.02370        7.89347
Si         1.31453       10.98605        6.62945
O          4.54046        9.28362        6.41432
O          2.80782        7.95595        9.18629
O          1.95205        9.71792        7.36808
O          4.27458       10.32553        8.84741
N          5.41840        7.91665        8.38203
N          2.86906        7.15667        6.77707
C          5.88824        9.42192        6.59257
H          6.15429       10.47391        6.83360
H          6.43939        9.14324        5.66866
C          6.38256        8.56476        7.73685
C          7.72200        8.45920        8.10777
H          8.48058        8.99637        7.55858
C          8.05046        7.66643        9.19130
H          9.07834        7.56848        9.50914
C          7.03509        7.00316        9.86931
H          7.25386        6.38219       10.72384
C          5.73259        7.16109        9.42617
H          4.89826        6.67397        9.91769
C          3.06954        6.76563        5.52485
H          3.93349        7.19599        5.03251
C          2.23412        5.87001        4.87850
H          2.42734        5.57647        3.85893
C          1.13983        5.36637        5.57097
H          0.46309        4.66996        5.09768
C          0.93020        5.77386        6.87527
H          0.09061        5.40836        7.44690
C          1.82362        6.67969        7.44529
C          1.70771        7.21244        8.85528
H          0.78249        7.82656        8.90286
H          1.58203        6.36011        9.55601
C          0.99289       10.49034        4.77952
C          2.55331       12.44590        6.73216
H          2.25606       13.17542        7.47872
H          2.68504       12.97606        5.79486
H          3.51305       12.02495        7.03393
C         -0.35292       11.46178        7.45453
H         -1.09084       10.67318        7.34545
H         -0.76543       12.36263        7.01417
H         -0.22095       11.64094        8.51636
C          0.19779       11.54856        4.01595
H          0.06360       11.25317        2.97461
H          0.71294       12.50565        4.03506
H         -0.78472       11.68457        4.46071
C          0.21681        9.17250        4.74557
H          0.10459        8.81002        3.72203
H         -0.77634        9.29977        5.17098
H          0.74270        8.41775        5.32713
C          2.34138       10.27852        4.08775
H          2.97897        9.64079        4.69973
H          2.85068       11.22955        3.94980
H          2.20760        9.81957        3.10601
Si         4.62660       11.20062       10.13288
C          3.18925       10.99035       11.41211
C          1.87005       11.11777       10.64627
H          1.86011       10.41238        9.80905
H          1.75410       12.12388       10.24693
H          1.02142       10.90982       11.30072
C          4.85652       13.05024        9.67273
H          5.51000       13.15340        8.81149
H          5.30131       13.60642       10.49084
H          3.91354       13.52457        9.42266
C          3.24977        9.58780       12.02078
H          2.40395        9.42398       12.69098
H          4.16560        9.45098       12.59254
H          3.21521        8.84602       11.22303
C          6.29454       10.61301       10.89303
H          6.27505        9.55106       11.11909
H          6.52869       11.14532       11.80833
H          7.11188       10.78425       10.19814
C          3.22709       12.02602       12.53656
H          3.15833       13.03416       12.13585
H          4.15427       11.94715       13.09988
H          2.39580       11.87530       13.22627
