71
CSD_code = EKODEO | q = 0 | S = 0 | Stoichiometry = C27H34N3O5SiV | MND = 6
V          4.01928        5.10979        5.00557
Si         3.11239        0.79715        3.84532
O          3.34303        4.30858        3.64083
O          3.95234        6.47444        6.09143
O          1.78829        1.74179        4.10769
O          5.41421        5.53440        4.24692
O          4.42112        3.95284        5.94250
N          2.36303        6.71730        3.48937
N          1.91707        4.97766        5.59388
N          0.26700        2.96336        7.13136
C          2.06695        7.97824        3.22552
H          2.71144        8.71897        3.68221
C          1.00271        8.34969        2.41839
H          0.79802        9.39089        2.22437
C          0.21526        7.34996        1.86664
H         -0.62087        7.59711        1.22846
C          0.51974        6.02862        2.14551
H         -0.06698        5.21995        1.73666
C          1.61062        5.75721        2.96479
C          2.01341        4.35406        3.37119
H          1.72946        3.62046        2.59842
C          1.29341        4.04887        4.71372
H          0.20082        4.18059        4.63786
C          1.63999        2.60763        5.18494
H          2.58761        2.69683        5.73657
C          0.58072        2.12759        6.14759
C         -0.02609        0.88371        6.00958
H          0.24687        0.24625        5.18584
C         -0.97424        0.49860        6.94190
H         -1.46092       -0.46305        6.86169
C         -1.28819        1.36487        7.97726
H         -2.01743        1.10216        8.72763
C         -0.63705        2.58795        8.01726
H         -0.84596        3.30985        8.79676
C          1.24821        5.71366        6.38749
H          0.16043        5.59785        6.47011
C          1.86089        6.72545        7.19537
C          1.11871        7.41665        8.16006
H          0.08067        7.14872        8.30090
C          1.68959        8.40689        8.92428
H          1.10864        8.92715        9.67020
C          3.03028        8.73625        8.72761
H          3.48181        9.51421        9.32638
C          3.78292        8.08559        7.78019
H          4.82210        8.33798        7.62291
C          3.23080        7.05612        6.98522
C          3.35965       -0.36806        5.34468
H          3.58325        0.21837        6.23218
H          4.18692       -1.05320        5.19305
H          2.47780       -0.96351        5.56337
C          4.75438        1.71270        3.57603
H          4.93448        2.38699        4.41468
H          4.73540        2.32921        2.68128
H          5.59558        1.03014        3.50164
C          2.54643       -0.16250        2.27113
C          1.27124       -0.96660        2.53254
H          0.96968       -1.50430        1.63331
H          0.45866       -0.30487        2.82145
H          1.42985       -1.69459        3.32437
C          2.27691        0.80264        1.11465
H          1.97927        0.25382        0.22061
H          3.16555        1.38267        0.87925
H          1.47646        1.49005        1.37703
C          3.65225       -1.13013        1.85315
H          3.35788       -1.68867        0.96485
H          3.86005       -1.84058        2.64856
H          4.56896       -0.59223        1.62936
C          6.73210        5.18765        4.16401
H          6.96914        4.46449        4.96424
H          7.37267        6.07741        4.27043
H          6.93734        4.72323        3.18599
