87
CSD_code = FOYKIN | q = 0 | S = 0 | Stoichiometry = C21H50F3O5P4SSi2Ta | MND = 7
Ta         0.19853        0.80011       13.87877
P         -1.77502        0.58351       12.30582
P          0.09850        3.12098       12.86143
P          1.38498        0.93841       16.12845
P          0.45809       -1.60921       14.56413
O         -1.43949        0.52964       15.42678
C          2.13281        0.48024       13.06648
C          1.22366        0.36631       12.11842
C         -3.58351        0.59395       12.66814
C         -1.74092       -0.89538       11.21712
C         -1.60589        1.90691       11.02431
C         -0.04504        4.74136       13.71757
C          1.50161        3.50171       11.73901
C         -1.30525        3.26384       11.64525
C          2.59069        2.25697       16.51972
C          0.56138        0.78154       17.77255
C          2.42132       -0.59996       16.21297
C         -0.97569       -2.67261       15.00252
C          1.35529       -2.68217       13.38273
C          1.49970       -1.80759       16.09659
S         -1.55496        1.96466       15.40942
O         -2.12676        2.53485       14.22360
O         -0.49490        2.72482       16.00537
C         -2.97184        2.18518       16.64512
F         -2.66325        1.67327       17.84519
F         -3.29949        3.46851       16.82984
F         -4.06869        1.54803       16.21353
O          3.48276        0.26961       13.03410
O          1.23062        0.09033       10.78836
Si         4.91933        0.92041       13.40137
Si         2.45449       -0.24154        9.75210
C          6.13262        0.17704       12.12889
C          5.60019        0.39588       15.11476
C          4.95964        2.82916       13.29262
C          3.49541       -1.74599       10.29252
C          3.57185        1.28143        9.45774
C          1.48471       -0.63878        8.16008
H          6.24747       -0.89321       12.27085
H          5.81564        0.33601       11.10453
H          7.11534        0.62261       12.24433
H          5.55243       -0.68175       15.24609
H          6.64576        0.67860       15.19513
H          5.07813        0.85034       15.94958
H          5.86863        3.23250       13.72862
H          4.92072        3.16842       12.26087
H          4.11909        3.27765       13.81518
H          2.88991       -2.64689       10.34420
H          4.31401       -1.94113        9.60720
H          3.91868       -1.57501       11.27664
H          3.92441        1.68638       10.40108
H          4.44006        1.03304        8.85533
H          3.03640        2.07219        8.93842
H          0.83569        0.18095        7.86984
H          2.16769       -0.82338        7.33871
H          0.86417       -1.52142        8.27491
H         -0.76080        1.58697       10.40927
H         -2.50848        1.94254       10.40511
H         -3.87982        1.56441       13.05403
H         -4.14416        0.35919       11.76289
H         -3.78780       -0.15777       13.42959
H         -2.42955       -0.77804       10.38146
H         -0.73005       -1.02601       10.84757
H         -2.02525       -1.76789       11.80200
H         -2.17433        3.63407       12.19038
H         -1.02815        3.99216       10.87502
H          0.86270        4.90252       14.29760
H         -0.16752        5.54371       12.98867
H         -0.89372        4.71776       14.39537
H          2.42334        3.47326       12.31182
H          1.55180        2.73275       10.97443
H          1.38055        4.48223       11.27967
H          3.09352       -0.57546       15.35714
H          3.01151       -0.63086       17.13408
H          3.13491        2.03507       17.43755
H          3.27805        2.35635       15.68511
H          2.02587        3.17980       16.63615
H          0.23382        1.76587       18.09622
H         -0.31307        0.13867       17.69737
H          1.26528        0.36702       18.49582
H          0.83011       -1.86116       16.95858
H          2.06775       -2.74158       16.03779
H         -1.61310       -2.11781       15.68743
H         -1.53896       -2.88609       14.09621
H         -0.64967       -3.60463       15.46474
H          0.82264       -2.66486       12.43540
H          2.34381       -2.26026       13.22616
H          1.42934       -3.70204       13.75749
