64
CSD_code = GIQHUL | q = 0 | S = 0 | Stoichiometry = C15H42O2Si4W | MND = 5
C          1.57971       10.13966        9.20200
H          2.48332        9.74678        8.74398
H          1.65776        9.97531       10.27148
H          1.57287       11.21435        9.04194
C         -0.14224        7.12572        5.13867
H          0.41504        6.57922        4.36688
H          0.16216        6.71630        6.11143
C         -2.47707        4.97864        4.81759
H         -2.19707        4.45738        5.72738
H         -1.99248        4.47153        3.98952
H         -3.54778        4.85857        4.69078
C         -2.58811        7.61205        3.23487
H         -3.56408        8.08122        3.31661
H         -2.65928        6.86123        2.45398
H         -1.86856        8.36810        2.90518
C         -2.95878        7.56518        6.39163
H         -2.33948        8.28015        6.93069
H         -3.23995        6.78237        7.08947
H         -3.87294        8.06827        6.09145
O         -0.00006        9.29971        3.28818
O         -0.00004        9.30004        6.90945
Si        -0.00012        9.29987        8.50839
Si        -1.99642        6.83634        4.89132
W          0.00001        9.29988        4.95995
C         -1.51740       10.24800        9.20199
H         -1.62903       11.22704        8.74407
H         -1.41420       10.39764       10.27150
H         -2.44463        9.70466        9.04180
C         -0.06271        7.51176        9.20186
H         -0.85479        6.92566        8.74385
H         -0.24402        7.52629       10.27135
H          0.87142        6.98036        9.04174
C          1.95407       10.26378        5.13829
H          2.14855       11.01956        4.36639
H          2.15647       10.73230        6.11096
C          4.98091        9.31507        4.81728
H          5.29227        9.81852        5.72692
H          5.17804        9.98789        3.98895
H          5.62009        8.44766        4.69097
C          2.75556        7.90249        3.23454
H          2.83755        6.82269        3.31617
H          3.44116        8.21660        2.45357
H          1.74087        8.14744        2.90513
C          2.98145        7.60501        6.39139
H          2.05258        7.78392        6.93042
H          3.79994        7.75307        7.08923
H          3.00294        6.56175        6.09134
Si         3.13172        8.80267        4.89096
C         -1.81185       10.50994        5.13820
H         -2.56349       10.30071        4.36611
H         -2.31894       10.45093        6.11077
C         -2.50368       13.60559        4.81741
H         -3.09534       13.62354        5.72705
H         -3.18493       13.43960        3.98915
H         -2.07231       14.59292        4.69089
C         -0.16744       12.38494        3.23496
H          0.72683       12.99562        3.31672
H         -0.78205       12.82185        2.45396
H          0.12760       11.38373        2.90543
C         -0.02314       12.72935        6.39179
H          0.28660       11.83546        6.93060
H         -0.56076       13.36385        7.08979
H          0.86949       13.26988        6.09188
Si        -1.13528       12.26039        4.89129
