80
CSD_code = IMESID | q = 1 | S = 0 | Stoichiometry = C33H41IrNOP2Si(1+) | MND = 6
H         12.06915        8.49661        3.74280
H          9.86427       10.85991        5.51042
H          8.39449        9.39756        5.86235
Ir         9.70923        9.41151        5.07801
P         11.05642        8.81694        6.89078
P          8.68649       10.08774        3.07969
Si        12.62965       10.71246        3.53342
O         11.69210        9.36761        3.86788
N          9.50819        7.52137        4.53977
C          9.25518        6.42286        4.31913
C          8.93172        5.05892        4.05539
H          7.89008        4.99220        3.74020
H          9.07625        4.47110        4.96264
H          9.57009        4.66489        3.26472
C         12.82632        9.32615        6.70151
H         13.34371        9.02949        7.61842
H         13.27332        8.76855        5.87614
C         12.96687       10.83621        6.45067
H         11.98298       11.31032        6.49332
H         13.56661       11.27429        7.25042
C         13.62981       11.16407        5.10728
H         14.60711       10.67721        5.07605
H         13.83470       12.23452        5.08751
C         13.78940       10.21647        2.11079
H         14.46339        9.41058        2.38892
H         14.40524       11.06220        1.82844
H         13.24854        9.90211        1.22302
C         11.34090       12.03978        3.05788
H         10.62079       12.14565        3.87113
H         11.84313       13.00355        2.96739
C         10.55831       11.79977        1.76462
H          9.81283       12.59298        1.66177
H         11.23665       11.87454        0.91068
C          9.84660       10.45026        1.68206
H         10.58078        9.64273        1.64177
H          9.25496       10.41677        0.76098
C         11.12314        7.01648        7.15398
C          9.97585        6.44042        7.69766
H          9.15640        7.08473        7.98792
C          9.89085        5.07212        7.86395
H          9.00366        4.63506        8.29732
C         10.94729        4.26071        7.47510
H         10.88623        3.19092        7.60614
C         12.08372        4.82517        6.92196
H         12.90800        4.19584        6.62178
C         12.17245        6.19778        6.75566
H         13.07091        6.61959        6.32842
C         10.69873        9.40999        8.57245
C          9.76783       10.41863        8.78479
H          9.23375       10.82643        7.93865
C          9.52884       10.87826       10.06870
H          8.80604       11.66285       10.23212
C         10.21182       10.33056       11.14160
H         10.02405       10.68839       12.14231
C         11.13379        9.31607       10.93348
H         11.66050        8.88317       11.77053
C         11.37872        8.85523        9.65414
H         12.08983        8.05521        9.49478
C          7.66240        8.74423        2.40009
C          8.11489        7.83792        1.44863
H          9.09597        7.94657        1.00849
C          7.30481        6.78804        1.04909
H          7.65766        6.09424        0.29994
C          6.04588        6.62834        1.60303
H          5.41601        5.81164        1.28431
C          5.59672        7.51849        2.56710
H          4.61742        7.39376        3.00349
C          6.40339        8.56532        2.96934
H          6.06758        9.26003        3.72744
C          7.53998       11.49654        2.98269
C          6.84046       11.73421        1.80174
H          6.95742       11.06749        0.95806
C          5.98215       12.81353        1.71274
H          5.44051       12.99490        0.79666
C          5.81410       13.65951        2.79839
H          5.14275       14.50124        2.72458
C          6.49994       13.41951        3.97725
H          6.36196       14.07272        4.82529
C          7.36080       12.33943        4.07201
H          7.89264       12.13127        4.98928
