102
CSD_code = JENJUI | q = 0 | S = 0 | Stoichiometry = C44H54O2SiTi | MND = 8
Ti         6.97067       -0.65084        3.30350
Si         5.63540        3.05102        4.03268
O          6.34400       -0.13226        1.81574
O          6.91947        3.96259        3.60654
C          5.84609        0.72757        0.92701
C          6.48843        1.97180        0.75977
C          5.96754        2.91221       -0.11090
C          4.81422        2.65900       -0.83247
C          4.21303        1.41533       -0.69935
C          4.70221        0.43258        0.14659
C          4.06057       -0.94838        0.20625
C          2.86062       -1.10017       -0.73591
C          3.56080       -1.22330        1.63174
C          5.11708       -1.97854       -0.22371
C          4.22276        3.69129       -1.74416
C          7.78669        2.22968        1.48941
C          7.67303        4.49691        2.61158
C          8.14797        3.68351        1.57984
C          8.96683        4.22397        0.59724
C          9.32020        5.55868        0.61228
C          8.83521        6.35187        1.64291
C          8.02095        5.86157        2.65339
C          7.50713        6.78594        3.75210
C          8.06481        8.21083        3.64276
C          5.97963        6.88388        3.63739
C          7.92221        6.24566        5.12689
C         10.21361        6.14555       -0.43908
C          6.12835        1.28908        4.45079
C          5.19882        0.26201        4.74170
C          5.85092       -0.75667        5.45503
C          7.20401       -0.38563        5.61270
C          7.37333        0.87290        5.00446
C          5.08532        3.79243        5.70804
C          4.17741        3.15511        2.79974
C          8.95227       -0.89933        2.59819
C          9.89173       -0.47978        3.65085
C         10.44962        0.80577        3.67690
C         11.30528        1.19498        4.68993
C         11.64364        0.31146        5.70160
C         11.12652       -0.97447        5.67806
C         10.26987       -1.36685        4.66861
C          6.43353       -2.71295        3.20923
C          7.45180       -3.59359        3.80407
C          8.38354       -4.25764        2.99243
C          9.35799       -5.07448        3.53083
C          9.42845       -5.27092        4.90104
C          8.49620       -4.65489        5.71985
C          7.52141       -3.83619        5.18181
H          6.47230        3.86048       -0.22330
H          3.33251        1.22278       -1.28949
H          2.47306       -2.11362       -0.65261
H          3.14610       -0.93613       -1.77203
H          2.06001       -0.41316       -0.47224
H          3.15115       -2.22982        1.69714
H          2.77338       -0.51495        1.88642
H          4.37048       -1.12445        2.35671
H          4.74019       -2.98974       -0.08194
H          6.03909       -1.85881        0.34657
H          5.35153       -1.84330       -1.27822
H          3.28442        4.06338       -1.33254
H          4.00986        3.26496       -2.72300
H          4.90042        4.53209       -1.86760
H          7.73698        1.78305        2.48973
H          8.57744        1.71549        0.92874
H          9.32693        3.58050       -0.19349
H          9.11871        7.39071        1.63999
H          9.15026        8.21719        3.70890
H          7.67663        8.80459        4.46802
H          7.75757        8.69141        2.71683
H          5.51540        5.90778        3.71039
H          5.70773        7.32355        2.67920
H          5.58545        7.51592        4.43059
H          9.00772        6.20361        5.19424
H          7.52648        5.25228        5.29604
H          7.55353        6.90348        5.91126
H          9.80637        7.08436       -0.81011
H         10.33239        5.46014       -1.27440
H         11.19946        6.35198       -0.02241
H          4.13484        0.31353        4.54403
H          5.36010       -1.59936        5.92625
H          7.94105       -0.90003        6.21821
H          8.25845        1.49403        5.08202
H          5.89268        3.77922        6.43389
H          4.27378        3.20338        6.12339
H          4.73639        4.81597        5.62227
H          4.36264        3.90491        2.03636
H          3.25934        3.42789        3.31112
H          4.00067        2.21420        2.28733
H          9.10220       -1.96165        2.37191
H          9.12525       -0.32905        1.67480
H         10.21387        1.50877        2.88748
H         11.71639        2.19495        4.68647
H         12.31291        0.61691        6.49209
H         11.40006       -1.67972        6.45046
H          9.88965       -2.38038        4.65383
H          5.47887       -2.82699        3.73974
H          6.28328       -3.00200        2.16187
H          8.32511       -4.13605        1.91646
H         10.06416       -5.56893        2.87873
H         10.19129       -5.90770        5.32331
H          8.52608       -4.81940        6.78797
H          6.79039       -3.38893        5.84183
