144
CSD_code = LEKFUE | q = 0 | S = 0 | Stoichiometry = C73H62MoN2O3Si3 | MND = 6
Mo         3.91663        9.82337        4.13391
Si         6.32525        9.96980        1.64896
Si         2.07181        8.48969        6.74993
Si         2.19064       12.77013        3.46612
O          5.03811        9.93586        2.58813
O          2.73506        9.18558        5.47806
O          2.92067       11.37814        3.75833
N          2.72490        8.75193        2.76008
N          4.70079        7.87285        4.19792
C          1.65359        9.21924        2.12060
H          1.22813       10.13113        2.52239
C          1.10654        8.61733        1.01257
H          0.24539        9.05252        0.53086
C          1.69220        7.44438        0.50748
C          2.78925        6.94554        1.17885
H          3.26822        6.04901        0.81875
C          3.29347        7.60225        2.31122
C          4.37238        7.09808        3.12828
C          5.00165        5.86209        2.91703
H          4.76120        5.28184        2.04024
C          5.92076        5.37701        3.82060
C          6.17979        6.15918        4.95776
H          6.87300        5.81699        5.70788
C          5.57015        7.38237        5.08511
H          5.78683        8.02664        5.92739
C          1.12917        6.76039       -0.69575
H          1.89459        6.18109       -1.20701
H          0.70683        7.48607       -1.38742
H          0.32995        6.08043       -0.39673
C          6.60670        4.06553        3.63358
H          6.31836        3.38078        4.43024
H          7.68510        4.20059        3.68622
H          6.35155        3.61912        2.67639
C          5.16025       10.57361        5.32374
C          6.06025       10.96052        6.30379
C          6.03647       10.34165        7.57507
H          5.30050        9.56917        7.75489
C          6.90529       10.73333        8.56715
H          6.86213       10.25173        9.53443
C          7.83134       11.74283        8.33887
H          8.51020       12.04633        9.12186
C          7.87318       12.36103        7.09626
H          8.59168       13.14791        6.91197
C          7.00920       11.98538        6.09259
H          7.03891       12.46995        5.12735
C          5.88956        9.47076       -0.13484
C          6.87628        9.25889       -1.09291
H          7.91338        9.38498       -0.81794
C          6.55363        8.88997       -2.38642
H          7.33616        8.72970       -3.11477
C          5.22709        8.72732       -2.75110
H          4.97306        8.44044       -3.76167
C          4.23030        8.94070       -1.81464
H          3.19159        8.82732       -2.09212
C          4.56425        9.30842       -0.52350
H          3.78334        9.48673        0.20101
C          7.54838        8.70659        2.39181
C          7.93985        7.54217        1.74083
H          7.57182        7.34308        0.74387
C          8.79711        6.63795        2.34369
H          9.09902        5.74524        1.81302
C          9.27201        6.87948        3.62132
H          9.94665        6.17787        4.09210
C          8.88154        8.02709        4.29115
H          9.24504        8.22182        5.29004
C          8.02960        8.92893        3.67957
H          7.73071        9.82644        4.20189
C          7.01960       11.73924        1.70981
C          6.33507       12.68464        2.47124
H          5.44458       12.37731        3.01097
C          6.78003       13.99190        2.55503
H          6.23281       14.70906        3.14922
C          7.92616       14.37555        1.87844
H          8.27751       15.39561        1.94126
C          8.62249       13.44711        1.12236
H          9.51948       13.74260        0.59621
C          8.17007       12.14234        1.04003
H          8.71953       11.42345        0.44935
C          2.30385        9.64765        8.23312
C          2.67626       10.96514        7.97380
H          2.80508       11.27460        6.94253
C          2.89441       11.86020        9.00442
H          3.18963       12.87569        8.78323
C          2.73728       11.45191       10.31888
H          2.90920       12.14695       11.12833
C          2.36002       10.14818       10.59422
H          2.23595        9.82659       11.61907
C          2.14626        9.25589        9.55810
H          1.85889        8.23704        9.78040
C          2.97450        6.81592        6.95019
C          3.90488        6.57014        7.95384
H          4.08848        7.32904        8.70099
C          4.59255        5.37058        8.01675
H          5.30696        5.19795        8.80931
C          4.36553        4.39070        7.06599
H          4.89832        3.45149        7.11586
C          3.44580        4.61723        6.05585
H          3.26116        3.85532        5.31100
C          2.76019        5.81698        6.00409
H          2.03531        5.98263        5.21816
C          0.23007        8.14527        6.40891
C         -0.71104        8.04642        7.42832
H         -0.39336        8.17598        8.45256
C         -2.04390        7.79884        7.15033
H         -2.76048        7.72865        7.95656
C         -2.46285        7.64762        5.83895
H         -3.50414        7.45956        5.61978
C         -1.54097        7.74361        4.81023
H         -1.86165        7.63060        3.78376
C         -0.21068        7.98707        5.09828
H          0.50624        8.06780        4.29178
C          2.00111       12.90523        1.57499
C          2.96126       12.29166        0.77274
H          3.76917       11.74703        1.24702
C          2.89760       12.36832       -0.60670
H          3.65662       11.88893       -1.20897
C          1.86217       13.06125       -1.21227
H          1.80880       13.12561       -2.28990
C          0.89519       13.67191       -0.43126
H          0.08393       14.21127       -0.90025
C          0.96797       13.59366        0.94864
H          0.20674       14.06838        1.55064
C          3.24105       14.21739        4.11799
C          3.19861       15.49220        3.56307
H          2.55421       15.67940        2.71545
C          3.97564       16.51783        4.07288
H          3.93077       17.50259        3.62883
C          4.81645       16.28206        5.14831
H          5.42727       17.08164        5.54329
C          4.87585       15.01656        5.70967
H          5.53728       14.82114        6.54193
C          4.09128       13.99805        5.19996
H          4.14096       13.00651        5.62855
C          0.52562       12.73966        4.38527
C         -0.33705       13.83062        4.41084
H         -0.06000       14.73607        3.89005
C         -1.53288       13.77812        5.10389
H         -2.19282       14.63437        5.11021
C         -1.88281       12.63006        5.79583
H         -2.81624       12.58841        6.33885
C         -1.02806       11.54054        5.79799
H         -1.28810       10.64626        6.34566
C          0.16295       11.59890        5.09706
H          0.83826       10.75122        5.10781
