99
CSD_code = OKINEB | q = 0 | S = 0 | Stoichiometry = C44H49ClOP2RuSi | MND = 8
Ru        -0.41268        1.88221        2.69418
P          0.73752        2.52756        4.54054
C          0.03248        4.00533        5.33644
C          0.65227        5.24907        5.31785
H          1.63061        5.35843        4.87090
C          0.01681        6.34639        5.87435
H          0.50276        7.31135        5.85819
C         -1.23579        6.21250        6.44884
H         -1.72659        7.07179        6.88191
C         -1.86131        4.97485        6.46281
H         -2.84010        4.86637        6.90786
C         -1.23384        3.87956        5.90258
H         -1.71308        2.90978        5.89621
C          0.93544        1.34166        5.90817
C          0.70923        1.62086        7.25012
H          0.36243        2.59894        7.55274
C          0.93426        0.64000        8.20117
H          0.75687        0.85764        9.24478
C          1.39117       -0.61121        7.82243
H          1.56871       -1.36941        8.57151
C          1.62189       -0.89041        6.48358
H          1.97805       -1.86597        6.18594
C          1.39085        0.08060        5.52766
H          1.56542       -0.11628        4.47623
C          2.47367        3.04169        4.30098
C          2.86202        3.51810        3.05386
H          2.14335        3.53045        2.24433
C          4.15785        3.95189        2.84418
H          4.45556        4.31403        1.87084
C          5.07515        3.91393        3.88107
H          6.08980        4.24669        3.71765
C          4.69270        3.44379        5.12697
H          5.40867        3.41265        5.93562
C          3.39731        3.00937        5.34109
H          3.10146        2.64081        6.31324
Cl         1.55463        0.70797        2.03961
C         -2.28976        2.31038        1.64547
C         -1.28524        2.05925        0.67239
H         -1.32618        1.32053       -0.11636
C         -0.31745        3.09715        0.77824
H          0.51754        3.24343        0.10488
C         -0.70267        3.96282        1.82040
H         -0.23182        4.90288        2.07757
C         -1.92290        3.47468        2.37369
H         -2.54423        4.00025        3.08659
C         -3.51776        1.47660        1.88323
H         -4.15203        2.00063        2.60674
C         -4.33366        1.35446        0.58737
H         -5.23709        0.75825        0.76985
H         -3.74276        0.85042       -0.18403
O         -4.70789        2.63209        0.16689
Si        -4.74541        3.26873       -1.34117
C         -3.21153        2.77306       -2.36226
H         -3.19889        1.70289       -2.55251
H         -3.19095        3.26755       -3.32765
H         -2.29165        3.02540       -1.84281
C         -6.29835        2.66398       -2.27365
H         -6.26949        1.58800       -2.42417
H         -7.20404        2.88846       -1.71783
H         -6.38917        3.12555       -3.25099
C         -4.78657        5.15288       -0.98079
C         -4.96714        5.92862       -2.28464
H         -4.98305        7.00105       -2.09120
H         -4.15324        5.72138       -2.97527
H         -5.90223        5.65780       -2.76865
C         -5.94651        5.49249       -0.04365
H         -5.95242        6.55824        0.18580
H         -6.89967        5.23827       -0.50126
H         -5.85417        4.93920        0.88701
C         -3.48063        5.59939       -0.31981
H         -3.51877        6.66199       -0.07895
H         -3.31052        5.04544        0.60002
H         -2.63351        5.43276       -0.98144
C         -3.11970        0.09550        2.41982
H         -2.79299       -0.53202        1.58105
H         -3.95523       -0.40944        2.91403
P         -1.63208        0.16253        3.55002
C         -2.38295        0.33278        5.20844
C         -1.84765       -0.36617        6.28707
H         -1.02824       -1.04996        6.12234
C         -2.36294       -0.19641        7.55838
H         -1.93678       -0.74635        8.38439
C         -3.41992        0.67259        7.77303
H         -3.82402        0.80241        8.76610
C         -3.95627        1.37616        6.70773
H         -4.78026        2.05687        6.86785
C         -3.43464        1.21539        5.43634
H         -3.84585        1.78448        4.61613
C         -1.27028       -1.62847        3.55261
C         -0.09878       -2.10332        2.97705
H          0.61241       -1.40204        2.56253
C          0.14870       -3.46568        2.93359
H          1.06381       -3.82803        2.48911
C         -0.77142       -4.35786        3.45513
H         -0.57805       -5.42032        3.42204
C         -1.94751       -3.88762        4.02017
H         -2.66978       -4.58299        4.42362
C         -2.19915       -2.53048        4.06941
H         -3.11307       -2.16684        4.51953
