53
CSD_code = PONFED | q = 0 | S = 0 | Stoichiometry = C18H31ClORuSi | MND = 10
Ru        15.51317        3.58796        4.40659
Cl        13.60239        3.81889        3.00013
Si        17.67452        0.19051        0.87259
O         17.03556        0.59379        2.32427
C         14.33879        4.48051        6.03294
C         14.93118        5.56832        5.28657
C         16.34233        5.50188        5.45419
C         16.64717        4.33639        6.21591
C         15.40025        3.72741        6.61235
C         12.87209        4.35685        6.30105
C         14.14790        6.69548        4.69173
C         17.31709        6.56984        5.06906
C         17.99138        4.00889        6.79020
C         15.26525        2.66820        7.66383
C         16.87129        4.24850        2.80613
C         16.47930        2.96354        2.49842
C         17.21294        1.76380        3.06683
C         16.52280        1.68687        4.41350
C         15.13853        1.46749        4.39618
C         17.17468        1.39347       -0.52358
C         19.58391        0.15565        0.97079
C         16.95078       -1.54146        0.60268
H         12.54677        5.16883        6.95398
H         12.31475        4.42266        5.36724
H         12.63464        3.40894        6.77761
H         13.61932        7.23346        5.48035
H         14.79546        7.39254        4.16576
H         13.40871        6.30826        3.99001
H         17.30226        7.35014        5.83304
H         18.33089        6.18197        5.00577
H         17.05767        7.02629        4.11656
H         18.19477        4.65874        7.64409
H         18.03226        2.97831        7.13435
H         18.78374        4.15758        6.05847
H         15.39995        3.12224        8.64774
H         14.28037        2.20812        7.63412
H         16.01409        1.88650        7.54879
H         17.84632        4.41261        3.25782
H         16.47597        5.07354        2.22210
H         15.78640        2.75915        1.68354
H         18.28827        1.97219        3.17652
H         17.12362        1.43888        5.28617
H         14.67507        1.12783        3.47313
H         14.66103        1.09469        5.29762
H         17.55586        2.39606       -0.34513
H         17.55560        1.06730       -1.48630
H         16.09412        1.46674       -0.61161
H         19.99699        1.15380        1.09424
H         19.92063       -0.44406        1.81219
H         20.02464       -0.26605        0.07358
H         15.86704       -1.51392        0.56564
H         17.30378       -1.95887       -0.33384
H         17.23456       -2.22220        1.39822
