124
CSD_code = RALQUT | q = 0 | S = 0 | Stoichiometry = C54H57MoO6P3Si3 | MND = 9
Mo        10.53462       11.28255        3.93788
P         12.03338       11.47661        6.14659
P         12.15062        9.18099        3.85318
Si        12.21076        7.34996        6.42859
Si        13.67380       10.60612        0.39727
Si        13.48695       14.70005        5.61505
P         12.87563       12.29742        3.08335
O          9.16257       10.57169        1.27583
O          8.05612       10.23357        5.43622
O          9.12223       14.01382        3.97385
C          8.97713       10.59841        4.86294
C          9.64223       10.83928        2.27937
C          9.60828       12.97973        3.95389
C         12.04904        9.84837        5.47026
C         12.52688       10.59297        2.85275
C         12.28143       12.50803        4.73637
O         12.64112       10.11803        1.59006
O         12.19116       13.82758        5.07428
O         11.85702        8.96938        6.47113
C         15.20426       11.41632        1.19546
C         14.64564       13.38666        6.35415
C         13.65974       15.58962        2.89503
H         12.66513       15.17113        2.80725
C         12.60825        7.04310        8.28285
C         10.72372        6.40237        5.73860
C         14.33018       15.49352        4.11217
C         12.66054       11.63229       -0.88133
C         13.75111        7.95645        8.73672
H         14.66741        7.72235        8.19853
H         13.93718        7.82269        9.80182
H         13.50270        9.00162        8.56323
C         11.93959       12.81079       -0.22079
H         11.27006       12.46196        0.56685
H         11.33837       13.34327       -0.95711
H         12.64296       13.51659        0.21746
C         13.56559       12.15382       -1.99793
H         14.35607       12.78872       -1.60560
H         12.98383       12.73273       -2.71406
H         14.02671       11.32544       -2.52947
C         14.25275        8.93192       -0.27180
C         13.71037        7.08562        5.28377
C         14.73026        8.03671        5.23336
H         14.69192        8.89747        5.88912
C         15.60192       16.05364        4.20542
H         16.14042       15.98524        5.13964
C         10.65194        5.01170        5.78990
H         11.45897        4.45491        6.24229
C         11.36871        7.33539        9.13054
H         11.05377        8.36779        9.00157
H         11.58343        7.16963       10.18569
H         10.54371        6.68742        8.84242
C         16.18176       16.69108        3.12358
H         17.16822       17.12293        3.21644
C         15.48560       12.78023        1.17741
H         14.81697       13.46275        0.67448
C         16.10021       10.57610        1.85639
H         15.90132        9.51366        1.88118
C         12.67970       16.02325        6.73992
C         14.66691       13.03482        7.70095
H         14.13758       13.64179        8.41961
C          9.56519        4.33235        5.27101
H          9.52978        3.25359        5.32387
C         13.76962       16.81116        7.46237
H         14.37080       16.16295        8.09526
H         13.32732       17.58562        8.08767
H         14.43003       17.29065        6.74361
C         13.78796        5.99772        4.41746
H         13.00638        5.25304        4.43399
C         15.21308        8.87136       -1.27708
H         15.61743        9.79044       -1.67506
C         13.76912        7.73262        0.24363
H         13.03139        7.75689        1.03312
C          9.66712        7.08582        5.14195
H          9.69470        8.16588        5.09084
C         13.02771        5.59111        8.49567
H         12.20087        4.91899        8.28430
H         13.33250        5.43315        9.52944
H         13.86191        5.32782        7.84888
C         11.60314       10.71065       -1.50053
H         12.07161        9.86672       -2.00255
H         11.00872       11.25850       -2.23049
H         10.93233       10.32471       -0.73689
C         11.87880       16.98450        5.85720
H         12.52511       17.47578        5.13287
H         11.40565       17.75134        6.46944
H         11.10114       16.44945        5.31793
C          8.57781        6.41373        4.61916
H          7.77334        6.97131        4.16310
C          8.52370        5.03214        4.68394
H          7.67480        4.50149        4.27860
C         16.61413       13.28840        1.79682
H         16.80467       14.35085        1.77486
C         14.23588       16.22071        1.80759
H         13.69696       16.28869        0.87324
C         15.78554        7.90352        4.34979
H         16.56771        8.64775        4.33062
C         15.49876       16.77742        1.92095
H         15.94991       17.27693        1.07555
C         17.49285       12.43795        2.44473
H         18.37403       12.83343        2.92823
C         17.23377       11.07766        2.46924
H         17.92585       10.40652        2.95894
C         15.35449       11.91591        8.13991
H         15.35020       11.65860        9.18922
C         11.72571       15.39983        7.76064
H         10.96743       14.80364        7.25770
H         11.22418       16.18100        8.33092
H         12.25382       14.75728        8.46056
C         15.83894        6.82174        3.48682
H         16.65326        6.72627        2.78320
C         15.35154       12.58169        5.46083
H         15.36971       12.83954        4.40815
C         15.66705        7.65851       -1.76135
H         16.41312        7.63386       -2.54264
C         14.83849        5.86647        3.52667
H         14.87462        5.02009        2.85672
C         15.16871        6.47523       -1.24145
H         15.52165        5.52636       -1.61882
C         16.03611       11.12093        7.23507
H         16.56304       10.24063        7.57439
C         16.04028       11.46372        5.89304
H         16.57664       10.86203        5.17484
C         14.21988        6.51576       -0.23440
H         13.82733        5.59766        0.17828
