81
CSD_code = SEMDOE | q = 0 | S = 0 | Stoichiometry = C22H52O2P2RuSi2 | MND = 4
Ru         9.65452        3.52929       10.08681
P          8.81355        4.44744        8.13491
Si        10.47945        2.10550        7.22474
O         10.83645        2.43323        8.72655
C          9.61606        0.40820        7.00485
H         10.26129       -0.38695        7.36219
H          9.40028        0.20842        5.96071
H          8.68333        0.34642        7.55871
C         12.00944        2.14737        6.08659
H         12.64431        1.29759        6.30795
H         12.60612        3.04383        6.21207
H         11.71836        2.07576        5.04464
C          9.16859        3.43145        6.65973
H          9.48645        4.05801        5.82857
H          8.25418        2.92215        6.36242
C          9.78574        6.04128        7.87886
C          9.84349        6.74098        9.24012
H         10.55086        7.56986        9.21232
H         10.17468        6.02278       10.00975
H          8.87449        7.12798        9.54096
C          9.25707        6.97389        6.79531
H          9.96694        7.78354        6.62593
H          8.30756        7.41678        7.08688
H          9.12076        6.44257        5.85472
C         11.20792        5.58013        7.54392
H         11.90730        6.41003        7.64255
H         11.27979        5.19635        6.52974
H         11.51015        4.78596        8.23692
C          6.94502        4.68798        8.11356
C          6.33420        4.98813        6.74767
H          5.24783        5.00709        6.83499
H          6.59635        4.23182        6.01173
H          6.65782        5.95581        6.37415
C          6.45651        3.33045        8.63667
H          5.37750        3.33665        8.78500
H          6.93850        3.11999        9.60167
H          6.70182        2.52503        7.94423
C          6.54736        5.76316        9.12211
H          5.47350        5.72190        9.30424
H          6.78386        6.75887        8.75330
H          7.06268        5.59414       10.06838
P         10.49787        2.60983       12.04052
Si         8.83125        4.95250       12.95023
O          8.47392        4.62492       11.44846
C          9.69483        6.64971       13.16985
H          9.04959        7.44488       12.81254
H          9.91065        6.84942       14.21398
H         10.62753        6.71142       12.61591
C          7.30128        4.91062       14.08832
H          6.66648        5.76043       13.86690
H          6.70457        4.01416       13.96284
H          7.59248        4.98224       15.13023
C         10.14212        3.62649       13.51502
H          9.82420        3.00000       14.34617
H         11.05647        4.13581       13.81242
C          9.52495        1.01644       12.29594
C          9.46724        0.31690       10.93459
H          8.75984       -0.51196       10.96230
H          9.13609        1.03515       10.16498
H         10.43626       -0.07008       10.63379
C         10.05365        0.08391       13.37948
H          9.34370       -0.72567       13.54881
H         11.00313       -0.35900       13.08788
H         10.19000        0.61523       14.32008
C          8.10279        1.47766       12.63094
H          7.40332        0.64784       12.53228
H          8.03097        1.86141       13.64513
H          7.80058        2.27189       11.93801
C         12.36628        2.36983       12.06125
C         12.97668        2.06970       13.42728
H         14.06303        2.05085       13.33993
H         12.71441        2.82599       14.16320
H         12.65309        1.10198       13.80074
C         12.85429        3.72750       11.53808
H         13.93327        3.72136       11.38966
H         12.37215        3.93791       10.57310
H         12.60900        4.53286       12.23060
C         12.76351        1.29460       11.05263
H         13.83736        1.33587       10.87048
H         12.52698        0.29890       11.42149
H         12.24810        1.46368       10.10642
