82
CSD_code = TAFTOL | q = 0 | S = 0 | Stoichiometry = C22H52INOOsP2Si2 | MND = 4
Os         4.41196        2.36554        7.53058
I          6.03358        0.34605        6.78093
P          4.51975        2.13362        9.93987
P          2.74728        2.60969        5.75867
Si         3.19447       -0.76128        9.37265
Si         1.78679       -0.30876        6.73462
O          2.72319        0.10833        8.03811
N          5.07984        3.89133        7.43361
C          1.67102       -1.27615       10.39527
H          1.37936       -2.28512       10.12409
H          0.80615       -0.63933       10.24733
H          1.90010       -1.28925       11.45620
C          4.11067       -2.35585        8.88943
H          3.44049       -3.05309        8.39550
H          4.49218       -2.84977        9.77845
H          4.95192       -2.18371        8.22485
C          4.36806        0.35485       10.40137
H          4.13434        0.27200       11.46347
H          5.37301       -0.05144       10.26395
C          6.18397        2.59120       10.74688
C          6.27558        4.11147       10.86691
H          7.30888        4.40241       11.05113
H          5.67275        4.49144       11.68649
H          5.95610        4.57271        9.93172
C          6.45660        1.92664       12.09641
H          7.40597        2.29950       12.48000
H          6.54457        0.84700       12.00015
H          5.69163        2.14768       12.83339
C          7.26611        2.15192        9.75763
H          8.24955        2.42396       10.13812
H          7.12075        2.65512        8.79866
H          7.26162        1.07560        9.59630
C          3.12225        2.98567       10.92185
C          3.17508        2.85144       12.44153
H          2.24948        3.24593       12.86191
H          3.99672        3.41989       12.86850
H          3.26299        1.81265       12.75518
C          1.83746        2.31461       10.42880
H          0.96526        2.90530       10.70823
H          1.73207        1.32678       10.86848
H          1.84394        2.21336        9.34309
C          3.09860        4.47008       10.53291
H          2.07807        4.84958       10.53205
H          3.52229        4.61443        9.53646
H          3.67141        5.07488       11.22903
C          2.62217       -1.66790        5.70220
H          3.69426       -1.53153        5.59905
H          2.19865       -1.72318        4.70413
H          2.46438       -2.63556        6.16996
C          0.09885       -0.94621        7.33465
H         -0.39856       -0.25686        8.01039
H          0.19914       -1.89581        7.84782
H         -0.55931       -1.10393        6.48687
C          1.41160        1.33178        5.81637
H          1.07199        1.11683        4.80310
H          0.57346        1.79468        6.34043
C          1.71382        4.21476        5.87243
C          2.65382        5.39338        5.62408
H          2.20133        6.31868        5.97766
H          2.87487        5.51346        4.56713
H          3.58959        5.23576        6.16719
C          0.47953        4.30714        4.97386
H         -0.15081        5.12066        5.33340
H         -0.11510        3.39668        4.99646
H          0.73343        4.52725        3.94369
C          1.24636        4.29227        7.32854
H          0.77457        5.25524        7.51876
H          2.10515        4.19757        7.98926
H          0.52204        3.51507        7.56889
C          3.43546        2.46978        3.98422
C          4.75846        3.24181        3.95752
H          5.33723        2.96623        3.07764
H          5.35832        3.01995        4.84486
H          4.59610        4.31553        3.93464
C          3.72770        0.98922        3.72755
H          4.30181        0.88476        2.80787
H          2.81276        0.41184        3.61662
H          4.32046        0.55899        4.52767
C          2.52194        2.96525        2.86587
H          2.94734        2.66443        1.90846
H          2.44373        4.04834        2.85986
H          1.52595        2.53223        2.93664
