80
CSD_code = VAHPOK | q = 0 | S = 0 | Stoichiometry = C30H38BIN6O2SiW | MND = 6
W          0.87786        1.42633        3.53412
I          2.79795        3.35767        3.12771
Si        -0.72105        1.06048        7.55971
O          1.92466        0.26231        2.92345
C          1.15561        0.98321        5.44888
C          2.14433        0.18031        6.24915
O          0.06372        1.42770        6.19488
C         -1.29700       -0.76219        7.67603
C          0.21489        1.52292        9.14398
C          1.36906        2.30124        9.12530
C          2.01781        2.65742       10.29407
C          1.51805        2.24201       11.51603
C          0.36575        1.47444       11.55822
C         -0.27540        1.12334       10.38491
C         -2.24503        2.18318        7.39822
C         -3.32572        1.81368        6.60415
C         -4.44233        2.62155        6.49101
C         -4.49604        3.82940        7.16519
C         -3.42906        4.21639        7.95685
C         -2.32122        3.39629        8.07383
B         -2.32653        2.19970        2.67817
N         -0.09493        1.94497        1.58681
N         -1.41487        2.21414        1.44144
C         -1.71857        2.33422        0.13390
C         -0.55689        2.12311       -0.58505
C          0.43947        1.87269        0.36308
C         -3.08222        2.63850       -0.36992
C          1.86671        1.53818        0.12169
N         -0.93598        0.29337        3.56519
N         -2.16732        0.79516        3.30333
C         -3.09441       -0.17007        3.46527
C         -2.43421       -1.33140        3.82800
C         -1.07827       -1.00080        3.87238
C         -4.55177        0.04123        3.27177
C          0.08912       -1.86885        4.17386
N         -0.54159        3.14053        4.17701
N         -1.79707        3.23786        3.66762
C         -2.42829        4.30682        4.18603
C         -1.56174        4.91210        5.07381
C         -0.39386        4.14878        5.04742
C         -3.79812        4.73036        3.80104
C          0.82374        4.40489        5.86001
H          2.82471       -0.33720        5.57052
H          2.74026        0.82974        6.89861
H          1.63909       -0.54065        6.89909
H         -2.11315       -0.86255        8.38461
H         -1.65445       -1.12588        6.71610
H         -0.50183       -1.42605        8.00545
H          1.76581        2.63727        8.17865
H          2.91356        3.26050       10.25128
H          2.02194        2.51656       12.43143
H         -0.03243        1.15020       12.50929
H         -1.17612        0.52864       10.42729
H         -3.29439        0.87161        6.07547
H         -5.28214        2.30614        5.88576
H         -5.36760        4.46232        7.07788
H         -3.46499        5.15614        8.48959
H         -1.49864        3.69678        8.70732
H         -3.44716        2.40825        2.38739
H         -0.44067        2.14413       -1.64902
H         -3.05293        2.74397       -1.45083
H         -3.77574        1.83882       -0.11356
H         -3.45638        3.56303        0.06589
H          1.96147        0.97573       -0.80482
H          2.46958        2.44283        0.03579
H          2.25305        0.93736        0.95239
H         -2.87270       -2.28740        4.03003
H         -5.09305       -0.84210        3.59989
H         -4.89380        0.90198        3.84188
H         -4.77896        0.21966        2.22145
H         -0.10245       -2.88542        3.83724
H          0.97704       -1.46927        3.67079
H          0.28508       -1.89087        5.24509
H         -1.74519        5.78344        5.66703
H         -4.08037        5.60072        4.38637
H         -3.83546        4.98858        2.74357
H         -4.51638        3.93512        3.98418
H          0.52333        4.72379        6.85639
H          1.43950        3.50992        5.93674
H          1.42265        5.19768        5.41025
