90
CSD_code = WAGYEI | q = 0 | S = 0 | Stoichiometry = C42H42N3OReSi | MND = 4
Re        -2.92567        1.94167       -4.11541
Si        -3.38709       -0.33711       -6.66168
O         -3.62379        0.85807       -5.63156
N         -4.19269        2.68450       -3.09988
N         -1.95965        0.93922       -3.00338
N         -1.89611        3.28337       -4.67574
C         -4.94751        3.42112       -2.27696
C         -5.96783        4.24588       -2.80910
C         -6.18841        4.26077       -4.28910
C         -6.74149        5.00100       -1.94822
C         -6.52136        4.97180       -0.58072
C         -5.51540        4.17480       -0.05838
C         -4.72552        3.39112       -0.87828
C         -3.64358        2.51684       -0.33090
C         -1.18730        0.33476       -2.09519
C         -1.62346       -0.87045       -1.49404
C         -2.94240       -1.45368       -1.89368
C         -0.80158       -1.49887       -0.57687
C          0.42788       -0.96180       -0.23318
C          0.85584        0.21909       -0.81931
C          0.07532        0.87702       -1.75021
C          0.51741        2.14441       -2.40624
C         -1.05091        4.29830       -4.87854
C         -0.13684        4.23777       -5.95847
C         -0.15395        3.03987       -6.85539
C          0.73065        5.29302       -6.16543
C          0.72564        6.39621       -5.32717
C         -0.16608        6.45581       -4.26864
C         -1.06369        5.43212       -4.02942
C         -2.04768        5.49461       -2.90560
C         -1.51884       -0.51035       -6.98748
C         -0.98487       -0.50391       -8.27109
C          0.38132       -0.58213       -8.47633
C          1.24210       -0.66470       -7.39469
C          0.72896       -0.67538       -6.10832
C         -0.63853       -0.60192       -5.91287
C         -4.27386        0.05600       -8.28452
C         -4.45355        1.36608       -8.71162
C         -5.06064        1.64620       -9.92257
C         -5.49730        0.61064      -10.73099
C         -5.32760       -0.70076      -10.31886
C         -4.72146       -0.97135       -9.10560
C         -4.00056       -1.96036       -5.89663
C         -3.52014       -3.18575       -6.34556
C         -3.96035       -4.37223       -5.78781
C         -4.88960       -4.35225       -4.76070
C         -5.37381       -3.14126       -4.29656
C         -4.93148       -1.95969       -4.86410
H         -5.23057        4.29976       -4.81006
H         -6.69653        3.34812       -4.60384
H         -6.79581        5.11284       -4.58397
H         -7.52351        5.62710       -2.35330
H         -7.13215        5.57147        0.07697
H         -5.34498        4.15803        1.00839
H         -3.45439        2.74072        0.71523
H         -3.92935        1.46881       -0.41875
H         -2.72454        2.64332       -0.90652
H         -3.66503       -0.65991       -2.08338
H         -2.83952       -2.03030       -2.81491
H         -3.32443       -2.11580       -1.12043
H         -1.13158       -2.42149       -0.12152
H          1.05359       -1.46410        0.48894
H          1.81760        0.63252       -0.55187
H          1.50229        2.44262       -2.05802
H          0.54308        2.01534       -3.48885
H         -0.19518        2.94484       -2.20275
H         -0.11862        2.12159       -6.26833
H         -1.07539        3.01363       -7.43875
H          0.68833        3.05285       -7.54230
H          1.42517        5.24899       -6.99196
H          1.41462        7.20891       -5.50024
H         -0.16956        7.31905       -3.61891
H         -1.79116        6.28670       -2.20767
H         -3.04926        5.68172       -3.29362
H         -2.08800        4.53804       -2.38065
H         -1.65188       -0.43349       -9.12013
H          0.77710       -0.57530       -9.48243
H          2.30959       -0.72064       -7.55374
H          1.39270       -0.74007       -5.25709
H         -1.03032       -0.61215       -4.90314
H         -4.11469        2.17775       -8.08220
H         -5.19227        2.67195      -10.23818
H         -5.97031        0.82425      -11.67897
H         -5.66918       -1.51281      -10.94559
H         -4.59549       -1.99661       -8.78612
H         -2.78470       -3.20702       -7.13885
H         -3.57669       -5.31547       -6.15112
H         -5.23264       -5.27846       -4.32194
H         -6.09545       -3.11887       -3.49181
H         -5.31086       -1.01526       -4.49736
