43
CSD_code = WAWXIB | q = 0 | S = 0 | Stoichiometry = C21H16CrO4Si | MND = 9
Cr        12.19555        5.65687       15.89007
Si         8.57641        5.32592       16.64632
O         14.79420        5.04840       14.57546
O         11.58835        3.06821       14.55899
O         13.42165        3.74004       17.80549
O          8.49055        4.48324       15.24956
C         13.79007        5.33586       15.07236
C         11.78267        4.09354       15.05814
C         12.92697        4.51292       17.10041
C         10.10279        6.39100       16.34827
C         10.44841        6.79326       15.03850
C         11.57915        7.56994       14.79574
C         12.41442        7.93880       15.86858
C         12.08669        7.56099       17.16974
C         10.94382        6.77127       17.39909
C          7.05279        6.42409       16.90109
C          5.79240        5.84669       17.03068
C          4.66468        6.62248       17.22563
C          4.77744        8.00093       17.29773
C          6.02192        8.59403       17.17339
C          7.14532        7.81064       16.97838
C          8.87537        4.23339       18.16124
C          9.90383        3.29238       18.13754
C         10.16794        2.49909       19.23881
C          9.40395        2.63077       20.38683
C          8.37679        3.55883       20.42649
C          8.11904        4.35371       19.32392
H          8.05345        3.64085       15.16742
H          9.77262        6.55176       14.22708
H         11.79141        7.93587       13.79806
H         13.26320        8.58902       15.68909
H         12.67995        7.91155       18.00637
H         10.66764        6.52292       18.41872
H          5.69775        4.77107       16.97966
H          3.69647        6.15348       17.32429
H          3.89865        8.61005       17.45093
H          6.11603        9.66902       17.22835
H          8.11317        8.28376       16.88325
H         10.50639        3.18853       17.24593
H         10.97456        1.78284       19.20079
H          9.60924        2.01385       21.24945
H          7.77785        3.66592       21.31962
H          7.31886        5.07993       19.36236
