68
CSD_code = WIBRUU | q = 0 | S = 0 | Stoichiometry = C25H32O9SiW | MND = 6
W         -1.53380       -1.87544       -1.40851
Si        -5.01734        2.32532       -4.40502
C         -0.88288        0.14876       -1.26793
O          0.26139        0.66823       -0.89431
O         -3.64736        2.08720       -3.53549
O         -3.21770        0.41711        0.78424
C         -1.82010        1.30932       -1.54748
H         -2.82400        0.92620       -1.74300
C         -1.70676       -1.77066       -3.39963
C         -2.30270        1.40443        0.90333
C          0.27532       -2.66508       -1.70033
O         -3.37419        4.94448       -2.26632
C         -2.35200        1.76237       -3.93555
H         -2.08378        2.29053       -4.85425
H         -2.28645        0.68558       -4.13352
C         -1.38573        2.11762       -2.79977
H         -0.37673        1.82053       -3.10622
C         -2.67227        4.05179       -1.86731
C         -2.19929       -3.76220       -1.49866
O         -2.55972       -4.84558       -1.53985
O          1.20801       -3.29927       -1.89879
C         -1.37636        3.63760       -2.53731
H         -0.57487        3.83921       -1.81700
O         -4.60175       -1.30414       -1.09979
C         -1.88745        1.49541        2.19927
H         -1.16723        2.18196        2.59546
C         -1.29412       -2.09345        0.56467
C         -2.98062        3.28050       -0.60190
H         -3.96053        2.81542       -0.73194
H         -3.06624        3.99032        0.22479
C         -1.93108        2.21010       -0.30075
H         -0.96673        2.67829       -0.08317
O         -1.12359       -2.27404        1.68031
C         -4.74887        0.34086       -6.45764
H         -4.84148        1.11289       -7.21787
H         -5.07152       -0.60444       -6.89391
H         -3.69817        0.24563       -6.19071
C         -2.59834        0.50212        2.91808
H         -2.52284        0.28551        3.96341
C         -5.60005        0.67713       -5.22912
C         -3.46792       -1.36976       -1.18340
C         -4.75802        3.68020       -5.72215
H         -5.65051        3.85325       -6.31379
H         -3.95317        3.43425       -6.41000
H         -4.50347        4.61744       -5.23564
O         -1.75251       -1.82607       -4.54003
C         -1.10951        4.46994       -3.78823
H         -0.26335        4.07313       -4.34442
H         -0.88987        5.49534       -3.50087
H         -1.98825        4.48909       -4.42570
C         -3.39034       -0.11904        2.00685
H         -4.09107       -0.92568        2.09329
C         -6.19108        2.91477       -3.03762
H         -7.15888        3.18047       -3.44680
H         -5.78371        3.79594       -2.55318
H         -6.34867        2.15593       -2.27814
C          1.35224       -0.14364       -0.51026
H          2.09926        0.52860       -0.08840
H          1.77402       -0.65599       -1.37848
H          1.04982       -0.87945        0.23963
C         -5.47716       -0.47564       -4.22867
H         -4.44284       -0.60961       -3.91511
H         -5.81685       -1.40932       -4.67693
H         -6.07731       -0.28664       -3.34203
C         -7.06169        0.78428       -5.66936
H         -7.19109        1.59047       -6.38744
H         -7.70606        0.98089       -4.81652
H         -7.38820       -0.14415       -6.13691
