159
CSD_code = XAFHOD | q = 0 | S = 0 | Stoichiometry = C55H96O3PSi3Ta | MND = 4
Ta         0.69370       17.93797        4.70656
P         -1.34611       15.58263        6.01568
Si        -1.47012       20.21944        2.96173
Si         2.99631       16.18912        2.75729
Si         2.25408       19.26008        7.69183
O         -0.39462       19.14580        3.54133
O          2.02652       16.71270        3.94503
O          1.59802       18.72832        6.31123
C         -0.45420       21.88192        2.72580
C         -1.17421       22.90718        1.84928
H         -0.59681       23.83094        1.79977
H         -2.15546       23.14249        2.25090
H         -1.30311       22.54106        0.83519
C          0.91430       21.57738        2.10929
H          1.51622       22.48601        2.06019
H          0.82355       21.17977        1.10489
H          1.44254       20.85195        2.72361
C         -0.17238       22.53621        4.08139
H          0.53383       23.35916        3.96191
H          0.26122       21.81201        4.76738
H         -1.07873       22.94277        4.51941
C         -2.88872       20.38016        4.30882
C         -2.28082       20.53405        5.70661
H         -3.04968       20.37667        6.46307
H         -1.87227       21.52586        5.85941
H         -1.49347       19.79584        5.85462
C         -3.83899       21.55709        4.07468
H         -4.61837       21.56201        4.83691
H         -4.31844       21.49772        3.10294
H         -3.31050       22.50451        4.13397
C         -3.70848       19.08682        4.35104
H         -4.42205       19.12118        5.17491
H         -3.04187       18.24156        4.51136
H         -4.27440       18.93944        3.43706
C         -2.14461       19.47960        1.26988
C         -2.38833       17.97458        1.43226
H         -2.52135       17.50438        0.45751
H         -3.27852       17.77974        2.01887
H         -1.54456       17.50619        1.93296
C         -1.13429       19.64001        0.12988
H         -1.51200       19.15416       -0.77128
H         -0.18669       19.17975        0.38585
H         -0.96611       20.68551       -0.10981
C         -3.44485       20.14274        0.81158
H         -3.75196       19.73492       -0.15204
H         -3.31681       21.21559        0.69873
H         -4.25031       19.96583        1.51696
C          1.87661       14.97413        1.69222
C          0.46095       15.54671        1.56412
H         -0.20067       14.81370        1.10085
H          0.44024       16.44259        0.95360
H          0.05587       15.78442        2.55168
C          1.71856       13.61701        2.38473
H          1.00050       13.00287        1.83947
H          1.34056       13.74564        3.39598
H          2.65741       13.07263        2.41936
C          2.42765       14.72129        0.28763
H          1.79378       14.00675       -0.23836
H          3.43379       14.31425        0.32677
H          2.45283       15.63480       -0.29933
C          4.55411       15.28770        3.52948
C          4.14045       14.36430        4.67817
H          5.02601       13.91429        5.12957
H          3.49194       13.56291        4.34249
H          3.62177       14.93602        5.44033
C          5.30827       14.45917        2.48807
H          6.20884       14.03445        2.93281
H          5.60697       15.06632        1.63867
H          4.70118       13.63637        2.12252
C          5.54104       16.29453        4.12799
H          6.32863       15.76716        4.66788
H          5.03704       16.95222        4.83007
H          6.01839       16.89233        3.35725
C          3.50573       17.81714        1.78388
C          4.64734       17.61519        0.78553
H          4.83399       18.54045        0.23896
H          4.40553       16.84019        0.06360
H          5.56930       17.33681        1.28788
C          3.91344       18.91943        2.76901
H          4.00511       19.87472        2.24968
H          4.86755       18.70732        3.23920
H          3.16680       19.03200        3.55552
C          2.29878       18.35616        1.01164
H          2.53624       19.32738        0.57416
H          1.44356       18.48072        1.67704
H          2.02035       17.69176        0.19804
C          2.93896       17.66217        8.58893
C          1.78031       16.86473        9.19240
H          2.13295       15.89272        9.53947
H          1.00794       16.69910        8.44442
H          1.34767       17.37932       10.04426
C          3.59709       16.74315        7.55729
H          3.80290       15.76710        7.99849
H          4.53556       17.15013        7.19706
H          2.92279       16.60533        6.71143
C          3.94456       17.96201        9.70106
H          4.24984       17.03610       10.18934
H          3.51132       18.61492       10.45332
H          4.83689       18.44227        9.30970
C          3.65846       20.50596        7.11758
C          4.85678       19.73919        6.54971
H          5.57602       20.43346        6.11237
H          4.53340       19.05232        5.77268
H          5.37114       19.17780        7.32420
C          4.16737       21.39921        8.24907
H          4.97913       22.03384        7.89211
H          4.54154       20.80317        9.07673
H          3.37997       22.04578        8.62476
C          3.13304       21.39507        5.98398
H          3.95376       21.94606        5.52320
H          2.40821       22.11656        6.34399
H          2.65579       20.78801        5.21669
C          0.81379       20.11869        8.70285
C          1.17460       20.39940       10.16287
H          0.34730       20.90606       10.66007
H          2.05320       21.03414       10.23593
H          1.37553       19.47975       10.70412
C          0.44030       21.45294        8.05117
H         -0.45209       21.86580        8.52241
H          0.23175       21.30718        6.99597
H          1.23633       22.18362        8.16107
C         -0.44251       19.23659        8.66385
H         -1.32384       19.82973        8.90624
H         -0.38344       18.42760        9.38304
H         -0.57331       18.80106        7.67424
C         -0.93143       17.15791        5.59307
C         -2.95414       15.59150        6.87600
C         -3.43965       16.80459        7.34253
H         -2.83885       17.68726        7.17550
C         -4.65921       16.85645        7.99223
H         -5.03851       17.79879        8.35998
C         -5.39692       15.69693        8.17305
H         -6.35041       15.73580        8.67955
C         -4.91545       14.48496        7.70314
H         -5.49396       13.58312        7.84355
C         -3.69513       14.42923        7.05411
H         -3.31170       13.48727        6.68496
C         -1.69306       14.42677        4.62325
C         -2.46191       14.97250        3.60082
H         -2.78231       16.00103        3.69579
C         -2.79756       14.21546        2.49540
H         -3.39713       14.64533        1.70672
C         -2.35900       12.90338        2.40135
H         -2.61575       12.30690        1.53784
C         -1.59232       12.35563        3.41610
H         -1.25247       11.33233        3.34364
C         -1.25938       13.11104        4.52810
H         -0.67100       12.67208        5.32134
C         -0.26738       14.57281        7.10989
C         -0.62041       14.21975        8.40658
H         -1.58657       14.50556        8.79704
C          0.26103       13.49437        9.18917
H         -0.01827       13.21539       10.19480
C          1.49619       13.12249        8.68534
H          2.17720       12.54649        9.29484
C          1.86467       13.49981        7.40237
H          2.83185       13.21721        7.01422
C          0.99275       14.23637        6.62381
H          1.26684       14.56248        5.62635
