90
CSD_code = XETFUX | q = 0 | S = 0 | Stoichiometry = C41H43ClOP2RuSi | MND = 8
Ru         7.71679        0.44326       11.95641
Cl         9.36808       -0.65643       10.64234
P          9.02973        2.17808       12.59280
P          6.86469        1.37632       10.06663
Si         8.38459        3.23986       17.67308
O          7.65566        3.25440       16.20671
C          8.19628        3.19623       13.89170
H          8.86386        4.00716       14.19337
H          7.28719        3.63598       13.47533
C          7.85456        2.37190       15.13270
H          8.69941        1.70386       15.35690
C          6.58343        1.52997       14.95863
H          6.35341        1.09177       15.93667
H          5.75822        2.19736       14.69508
C          6.71548        0.43086       13.94966
C          7.73645       -0.57757       13.95263
H          8.51771       -0.67141       14.69498
C          7.38540       -1.55654       12.99945
H          7.92113       -2.47822       12.81372
C          6.18160       -1.16504       12.37214
H          5.58874       -1.77394       11.70374
C          5.75598        0.05476       12.97732
H          4.78570        0.51159       12.83023
C         10.59187        1.76319       13.44772
C         11.02192        0.44264       13.48972
H         10.45092       -0.31698       12.97126
C         12.19045        0.11019       14.15398
H         12.51926       -0.91832       14.18075
C         12.93856        1.09500       14.77557
H         13.84806        0.83694       15.29829
C         12.52879        2.41840       14.71271
H         13.12205        3.19052       15.18113
C         11.36435        2.75451       14.04889
H         11.06077        3.79030       13.98558
C          9.64448        3.46937       11.46277
C         10.84886        3.23205       10.80096
H         11.40154        2.32723       11.01897
C         11.32784        4.13893        9.87510
H         12.26366        3.94940        9.37024
C         10.60580        5.28720        9.59184
H         10.97680        5.99415        8.86443
C          9.40795        5.52662       10.24304
H          8.84211        6.42097       10.02562
C          8.92542        4.62362       11.17395
H          7.99026        4.82304       11.67449
C          5.40918        0.40497        9.55772
C          5.68583       -0.88057        9.09249
H          6.71932       -1.20318        9.03339
C          4.65546       -1.72235        8.72399
H          4.87222       -2.71649        8.36064
C          3.34038       -1.29157        8.82765
H          2.53257       -1.95037        8.54412
C          3.06268       -0.01901        9.29606
H          2.03804        0.31500        9.37677
C          4.09280        0.83269        9.66133
H          3.87238        1.82859       10.02032
C          7.74098        1.47836        8.46914
C          9.11968        1.64436        8.46900
H          9.64597        1.64603        9.41195
C          9.80530        1.77191        7.27443
H         10.87813        1.89370        7.28328
C          9.11827        1.73468        6.07312
H          9.65262        1.82815        5.13878
C          7.74171        1.57156        6.06772
H          7.20387        1.54116        5.13084
C          7.05113        1.44567        7.25866
H          5.97653        1.32166        7.25067
C          6.19070        3.07071       10.20211
C          5.52466        3.39171       11.38211
H          5.43878        2.63431       12.15050
C          4.99285        4.65251       11.57456
H          4.47470        4.88969       12.49326
C          5.13275        5.61588       10.58748
H          4.72435        6.60479       10.73573
C          5.80222        5.30764        9.41552
H          5.91642        6.05834        8.64700
C          6.33005        4.04267        9.21900
H          6.85664        3.81648        8.30402
C          7.54924        4.70066       18.54568
H          7.70568        5.62884       18.00679
H          7.95402        4.82453       19.54378
H          6.47896        4.55078       18.63857
C          8.07163        1.59439       18.59219
H          7.00886        1.41672       18.73539
H          8.53647        1.58472       19.57269
H          8.47176        0.74953       18.03651
C         10.26995        3.48652       17.50215
H         10.72175        2.69210       16.91233
H         10.76572        3.49741       18.46731
H         10.50025        4.42641       17.00731
