69
CSD_code = ZECKEA | q = 0 | S = 0 | Stoichiometry = C35H25O6PSiW | MND = 6
W          6.81868       11.60564        5.43341
P          5.72865       12.85832        3.60878
Si         5.79154       15.77739        4.55337
O          5.69966       14.45005        3.56802
O          8.26505        9.93117        7.64031
O          9.50163       11.75989        3.81136
O          7.50819       14.06719        7.24983
O          4.17124       11.08735        7.03488
O          6.45461        8.85932        3.96749
C          3.99908       12.47021        3.16585
C          3.22715       13.38618        2.46024
H          3.64684       14.34635        2.19807
C          1.92572       13.07286        2.11412
H          1.32764       13.78865        1.56961
C          1.39033       11.84317        2.46254
H          0.37436       11.59917        2.18957
C          2.15645       10.92793        3.16551
H          1.73928        9.97099        3.44269
C          3.45652       11.24180        3.51987
H          4.05341       10.53532        4.08358
C          6.51651       12.54569        1.99357
C          6.36735       11.29118        1.41186
H          5.73064       10.55620        1.88645
C          7.01920       10.99039        0.23147
H          6.89983       10.01500       -0.21679
C          7.82872       11.93932       -0.37387
H          8.34236       11.70202       -1.29371
C          7.97833       13.18973        0.20082
H          8.60898       13.93005       -0.26961
C          7.32659       13.49410        1.38343
H          7.44572       14.46866        1.83537
C          7.62139       16.20610        4.76036
C          8.61606       15.26533        4.50972
H          8.33266       14.27852        4.16506
C          9.95223       15.56838        4.69249
H         10.70563       14.81997        4.49421
C         10.31881       16.82907        5.13240
H         11.36125       17.06946        5.28133
C          9.34396       17.78229        5.37805
H          9.62660       18.76871        5.71623
C          8.00957       17.47238        5.19150
H          7.25257       18.22177        5.37327
C          4.89091       17.10698        3.55646
C          4.31230       18.18938        4.21264
H          4.35166       18.23237        5.29138
C          3.68205       19.19819        3.50768
H          3.23709       20.02943        4.03527
C          3.61935       19.14167        2.12529
H          3.12621       19.92774        1.57235
C          4.19111       18.07338        1.45533
H          4.14573       18.02490        0.37676
C          4.82322       17.06931        2.16603
H          5.27159       16.24019        1.63764
C          4.94103       15.41280        6.19897
C          5.21182       16.17565        7.33252
H          5.92545       16.98374        7.26754
C          4.59722       15.89879        8.53930
H          4.82592       16.49536        9.41031
C          3.69259       14.85440        8.63290
H          3.21359       14.63510        9.57576
C          3.40597       14.09041        7.51459
H          2.69945       13.27629        7.58152
C          4.02972       14.36656        6.31126
H          3.79760       13.76724        5.43877
C          7.73627       10.55071        6.83713
C          8.52905       11.76206        4.41246
C          7.21496       13.22549        6.53592
C          5.11192       11.33523        6.43482
C          6.53182        9.89489        4.44881
