79
CSD_code = VULPEZ | q = 0 | S = 0 | Stoichiometry = C26H41N2O5PSi3W | MND = 6
W         18.72065        3.47423       -0.07621
Si        16.54865        5.68539       -2.70954
O         18.99942        1.38842        2.23009
O         18.73641        1.14291       -2.18134
C         20.71383        3.66024       -0.05791
Si        15.94693        7.06456       -4.51309
P         18.54025        5.25011       -1.98400
O         21.83798        3.72941        0.14364
C         18.91180        2.15033        1.37406
C         18.74442        2.01399       -1.43369
C         15.64220        7.40245       -0.33844
N         15.01295        4.64758       -2.45730
N         15.54656        6.32820       -1.30460
C         16.77056        3.22786        0.16451
C         14.59328        5.43205       -1.48066
O         18.74575        5.65914        2.17626
C         13.27168        5.40141       -0.83320
C         14.41024        3.47833       -3.06594
O         15.68889        2.98676        0.48331
C         12.21449        6.04293       -1.47436
H         12.38573        6.54476       -2.41546
C         18.71638        4.90631        1.31198
C         17.02174        8.03768       -0.50277
H         17.79662        7.30861       -0.27977
H         17.12479        8.88048        0.17555
H         17.16250        8.38478       -1.52227
C         14.56360        8.46509       -0.58950
H         14.67642        8.88657       -1.58621
H         14.66519        9.26655        0.13756
H         13.56620        8.04216       -0.49480
C         17.01538        8.64734       -4.42211
H         18.02460        8.42342       -4.09144
H         16.60108        9.37885       -3.73412
H         17.08809        9.12715       -5.39374
C         14.12031        7.66268       -4.56424
H         13.98309        8.41656       -5.33587
H         13.82408        8.11128       -3.62022
H         13.42875        6.85325       -4.77759
C         13.46073        3.90176       -4.19494
H         12.63764        4.49181       -3.79819
H         13.04762        3.01964       -4.67754
H         13.99299        4.48941       -4.93843
C         16.28728        6.21333       -6.19221
H         15.75838        5.27105       -6.30294
H         17.34517        6.00806       -6.31816
H         15.98209        6.85180       -7.01635
C         13.64227        2.61556       -2.06029
H         14.24677        2.42274       -1.17968
H         13.39631        1.66204       -2.52132
H         12.71563        3.09263       -1.75249
C         13.04656        4.76331        0.38166
H         13.85422        4.24912        0.87627
C         15.51543        6.85059        1.08712
H         14.48580        6.59282        1.32096
H         15.85460        7.59440        1.80309
H         16.13575        5.96244        1.19302
Si        19.70448        4.65229       -3.81352
C         10.73410        5.41034        0.30373
H          9.74918        5.41315        0.74554
C         15.56966        2.66571       -3.64414
H         16.10265        3.25237       -4.38650
H         15.20351        1.75491       -4.11003
H         16.26576        2.40085       -2.85103
C         11.78181        4.76928        0.94313
H         11.61634        4.26889        1.88515
C         10.95304        6.04640       -0.90656
H         10.14093        6.54781       -1.41187
C         21.35708        3.88096       -3.24350
H         22.01464        3.67969       -4.08475
H         21.19548        2.94238       -2.71991
H         21.88274        4.54923       -2.56806
C         18.88736        3.41716       -5.03062
H         19.58618        3.14458       -5.81592
H         18.01017        3.84179       -5.50735
H         18.58795        2.50320       -4.52898
C         20.12654        6.24294       -4.78822
H         20.58589        6.98132       -4.13995
H         19.24463        6.69418       -5.22851
H         20.82435        6.02932       -5.59119
