94
CSD_code = ADEROS | q = 0 | S = 0 | Stoichiometry = C31H55NO2RuSi4 | MND = 8
Ru         2.23977       16.17967        5.33454
Si         2.35670       13.83598        5.56938
H          3.20516       13.47977        6.76728
Si         2.75041       10.74110        5.75125
Si         3.62613       12.36172        3.14184
Si         0.53714       11.93053        3.81353
O          0.82070       13.55308        6.40769
O          1.44920       16.38656        2.47636
N          0.35197       15.77661        6.37493
C          0.08710       14.55577        6.67905
H         -0.84912       14.31879        7.20122
C         -0.49903       16.77292        6.90730
C         -1.17070       17.66000        6.05376
C         -1.96710       18.65303        6.59817
H         -2.48049       19.33480        5.93471
C         -2.13034       18.79181        7.96982
C         -1.47768       17.89489        8.79771
H         -1.59687       17.97684        9.86926
C         -0.67122       16.88135        8.29471
C         -1.03481       17.53895        4.57055
H         -1.71169       18.22141        4.06307
H         -1.24632       16.52189        4.24327
H         -0.01083       17.77404        4.27222
C         -3.00839       19.87069        8.52604
H         -2.86480       19.97646        9.59831
H         -4.05600       19.63242        8.34189
H         -2.79529       20.82419        8.04633
C         -0.00886       15.95292        9.27417
H          0.31901       16.50797       10.15240
H          0.84672       15.44214        8.83782
H         -0.71610       15.19533        9.61350
C          2.31114       12.18772        4.54105
C          4.60593       10.73019        6.22716
H          4.89871       11.66050        6.70090
H          5.25063       10.57955        5.36965
H          4.81036        9.92956        6.93188
C          2.39098        9.01401        5.01369
H          2.78454        8.23908        5.66420
H          2.84822        8.88348        4.04160
H          1.32777        8.83573        4.90418
C          1.83550       10.77650        7.43068
H          2.07755        9.89722        8.02176
H          0.76102       10.80368        7.30647
H          2.11430       11.64947        8.00889
C          5.12547       13.32509        3.81519
H          5.94476       13.34732        3.10309
H          5.50303       12.91676        4.74298
H          4.81294       14.34541        4.00616
C          3.05467       13.40428        1.65041
H          2.74557       14.39210        1.96845
H          2.22835       12.95534        1.11243
H          3.86985       13.53146        0.94363
C          4.25089       10.70599        2.41797
H          4.96138       10.89337        1.61834
H          3.44005       10.12203        1.99884
H          4.75038       10.09504        3.16035
C          0.52950       10.70974        2.34148
H         -0.48218       10.57686        1.97099
H          0.89908        9.73342        2.62990
H          1.13469       11.05855        1.51424
C         -0.23682       13.56268        3.19301
H          0.26224       13.93985        2.30895
H         -0.17503       14.33591        3.95581
H         -1.28507       13.42693        2.94160
C         -0.76136       11.20046        5.01803
H         -0.86208       11.80717        5.90958
H         -0.50914       10.19278        5.32799
H         -1.73630       11.15721        4.53937
C          1.65525       16.17820        3.59967
C          2.63053       18.12766        6.47515
C          3.10941       18.27973        5.15645
C          4.13283       17.28499        4.92985
C          4.33582       16.58765        6.16883
C          3.36214       17.04753        7.09690
C          1.75917       19.11551        7.19045
H          2.36882       19.96443        7.51063
H          1.29323       18.68156        8.07203
H          0.96574       19.49335        6.54764
C          2.79621       19.40953        4.21983
H          1.83420       19.86129        4.45398
H          2.77678       19.07338        3.18421
H          3.56443       20.18166        4.30938
C          5.08423       17.32943        3.76683
H          5.65958       16.41057        3.68544
H          5.78144       18.16093        3.89720
H          4.55043       17.47906        2.82963
C          5.50753       15.73111        6.53827
H          6.16561       16.29934        7.20045
H          6.07789       15.43412        5.66336
H          5.19605       14.83112        7.06541
C          3.44832       16.78664        8.57522
H          3.52734       15.72050        8.78812
H          2.58324       17.18420        9.10026
H          4.34008       17.27373        8.97994
