83
CSD_code = ADEXEM | q = 0 | S = 0 | Stoichiometry = C26H48ClO2Si5Y | MND = 12
Y         11.04761        4.46550        5.56702
Cl        12.73687        4.46550        3.80061
Si        10.83656        4.46550        9.08345
Si         7.94148        2.90039        7.24212
Si        12.97297        0.92931        4.96196
O          7.61481        4.46550        7.62155
O          9.51255        4.46550        3.51553
C          9.42263        4.46550       10.34924
C         12.47232        4.46550       10.07153
C         10.86636        3.09224        7.77963
C          9.77853        2.71361        6.91851
C         10.34584        2.01810        5.81417
C         11.76182        1.97122        5.95458
C         12.06114        2.66628        7.15624
C          9.40246        5.59275        2.63466
C         10.21131        5.23382        1.38413
C          7.30248        1.85849        8.69725
C          6.98165        2.49863        5.64173
C         14.73529        1.63438        5.15199
C         12.48928        0.88845        3.11283
C         12.92217       -0.85769        5.64075
H          8.45436        4.46550        9.86948
H          9.48786        3.59066       10.98738
H         13.34510        4.46550        9.42873
H         12.53326        3.59021       10.70900
H          9.77757        1.42296        5.11016
H         13.05070        2.74148        7.58977
H          8.34184        5.73894        2.38449
H          9.78562        6.47277        3.15020
H          9.76055        5.65496        0.48835
H         11.22944        5.60562        1.47724
H          6.30720        2.17417        8.99198
H          7.25410        0.80963        8.42570
H          7.94927        1.94475        9.56276
H          5.92381        2.70463        5.76814
H          7.33673        3.10068        4.80970
H          7.08137        1.45400        5.36726
H         14.77570        2.66756        4.82021
H         15.44715        1.07013        4.55786
H         15.07086        1.59927        6.18414
H         13.14483        0.22401        2.55903
H         12.58021        1.87795        2.67688
H         11.47154        0.53888        2.96278
H         13.62961       -1.49106        5.11595
H         11.93681       -1.29793        5.52710
H         13.17224       -0.88572        6.69609
C         10.21131        3.69718        1.38414
C          9.40245        3.33825        2.63466
H          8.34184        3.19207        2.38449
H          9.78561        2.45823        3.15020
H          9.76055        3.27604        0.48835
H         11.22944        3.32537        1.47724
H          9.48786        5.34034       10.98738
H         12.53326        5.34079       10.70900
C         10.86636        5.83876        7.77963
Si         7.94148        6.03061        7.24212
C          9.77853        6.21739        6.91851
C         10.34584        6.91290        5.81417
C         12.06114        6.26472        7.15624
C         11.76182        6.95978        5.95458
Si        12.97297        8.00169        4.96196
C         14.73529        7.29662        5.15199
H         14.77570        6.26344        4.82021
H         15.44715        7.86087        4.55786
H         15.07086        7.33173        6.18414
C         12.48928        8.04255        3.11283
H         13.14483        8.70699        2.55903
H         12.58021        7.05305        2.67688
H         11.47154        8.39212        2.96278
C         12.92217        9.78870        5.64075
H         13.62961       10.42207        5.11595
H         11.93681       10.22893        5.52710
H         13.17224        9.81672        6.69609
H          9.77757        7.50804        5.11016
H         13.05070        6.18952        7.58977
C          7.30248        7.07251        8.69724
H          6.30720        6.75683        8.99198
H          7.25410        8.12137        8.42570
H          7.94927        6.98625        9.56276
C          6.98165        6.43237        5.64172
H          5.92381        6.22637        5.76814
H          7.33674        5.83032        4.80970
H          7.08137        7.47700        5.36726
