114
CSD_code = AGIGEC | q = 0 | S = 0 | Stoichiometry = C42H65Cl2NP2RuSi | MND = 6
Ru         1.24146        0.33267        3.73113
Cl         1.92353       -0.02295        1.46396
Cl         0.42744        1.01426        5.88095
P         -0.77118       -0.59962        3.09960
P          2.93629        1.82784        4.17108
Si         3.98768       -3.14597        4.09364
N          0.32008        2.04871        2.91232
C          2.10981       -1.14845        4.48774
C          2.76505       -2.06975        5.11362
C          2.57191       -2.36103        6.54109
C          3.63447       -2.65378        7.38835
C          3.41080       -2.88930        8.73278
C          2.12758       -2.83607        9.24958
C          1.06444       -2.54232        8.41099
C          1.28318       -2.30854        7.06783
C          3.85057       -4.91060        4.81141
C          3.51508       -3.15707        2.25216
C          5.77996       -2.49472        4.25848
C         -2.35365       -0.47426        4.06888
C         -2.25188       -1.29053        5.35616
C         -3.55098       -1.21644        6.15196
C         -3.87725        0.23432        6.48714
C         -3.98751        1.05231        5.20548
C         -2.68502        0.97966        4.41249
C         -0.81771       -2.22755        2.20572
C         -2.17512       -2.63910        1.64089
C         -2.01078       -3.89090        0.78023
C         -1.41636       -5.02961        1.60383
C         -0.07377       -4.61132        2.19705
C         -0.23626       -3.35876        3.05372
C         -1.15747        0.55024        1.69446
C         -0.66741        1.92486        2.01913
C         -1.21148        3.03351        1.38044
C         -0.70918        4.29168        1.65592
C          0.31927        4.40490        2.57414
C          0.80741        3.26189        3.19516
C          1.88288        3.35553        4.22616
C          3.73076        1.86356        5.84881
C          4.23226        3.20184        6.38823
C          4.61999        3.02235        7.85658
C          5.69452        1.94949        8.00972
C          5.22103        0.62404        7.41907
C          4.83299        0.81147        5.95541
C          4.13800        2.23404        2.81577
C          5.04319        3.44792        3.00034
C          5.78007        3.72508        1.69009
C          6.61006        2.51333        1.27400
C          5.73108        1.27118        1.15199
C          4.98861        1.01424        2.45962
H          4.64106       -2.68152        7.00009
H          4.24610       -3.11223        9.38201
H          1.95772       -3.01940       10.30059
H          0.06041       -2.49212        8.80682
H          0.46179       -2.07674        6.40641
H          4.18580       -4.96013        5.84187
H          4.45594       -5.60130        4.23312
H          2.82529       -5.26781        4.78559
H          4.39636       -3.26032        1.62607
H          3.01422       -2.23761        1.96369
H          2.84949       -3.98156        2.01815
H          6.08114       -2.32022        5.28657
H          6.47327       -3.21514        3.83404
H          5.90350       -1.56250        3.71672
H         -3.15270       -0.87842        3.43128
H         -2.01864       -2.33273        5.12734
H         -1.43824       -0.88042        5.95828
H         -3.45230       -1.79985        7.06961
H         -4.36727       -1.64932        5.56588
H         -3.07867        0.64668        7.10652
H         -4.81125        0.29099        7.05063
H         -4.20980        2.09453        5.44498
H         -4.81010        0.66631        4.59569
H         -1.87605        1.39746        5.01630
H         -2.78547        1.58314        3.50607
H         -0.11848       -2.05753        1.37225
H         -2.60636       -1.83529        1.03945
H         -2.86365       -2.86582        2.45799
H         -1.34968       -3.66805       -0.06019
H         -2.98023       -4.18991        0.37485
H         -1.28836       -5.91375        0.97592
H         -2.10510       -5.29065        2.41111
H          0.33745       -5.42318        2.80054
H          0.62668       -4.40434        1.38546
H          0.72832       -3.04360        3.46049
H         -0.90002       -3.58612        3.89047
H         -0.58103        0.17641        0.83873
H         -2.21826        0.56083        1.42844
H         -2.01092        2.89832        0.66847
H         -1.10870        5.16549        1.16416
H          0.74143        5.36719        2.81846
H          2.45220        4.28138        4.11978
H          1.41107        3.33055        5.21805
H          2.89780        1.53370        6.48977
H          5.10507        3.54014        5.82808
H          3.46140        3.97044        6.31451
H          4.98214        3.97095        8.26013
H          3.73520        2.73018        8.42600
H          6.60310        2.27157        7.49378
H          5.93989        1.82112        9.06583
H          6.01347       -0.12286        7.50267
H          4.35602        0.25821        7.97598
H          5.71315        1.13715        5.39588
H          4.47739       -0.13002        5.53036
H          3.46516        2.42472        1.96249
H          5.77870        3.24265        3.78032
H          4.47364        4.33269        3.29386
H          5.05232        3.95176        0.90715
H          6.42768        4.59742        1.80805
H          7.38591        2.33478        2.02318
H          7.10685        2.71503        0.32274
H          5.00315        1.40917        0.35027
H          6.34488        0.40456        0.89858
H          5.71312        0.82292        3.25292
H          4.34778        0.13497        2.36160
