54
CSD_code = AMAXES | q = 0 | S = 0 | Stoichiometry = C19H25MoO6PSi2 | MND = 6
C          9.28375        5.56363       12.00829
H          9.64997        4.55720       12.19478
C         10.18163        6.67162       12.36670
C         11.55791        6.51463       12.21618
H         11.95214        5.56331       11.88731
C         12.40992        7.57059       12.47614
H         13.47473        7.44346       12.34932
C         11.90222        8.79052       12.89412
H         12.57064        9.61507       13.09060
C         10.53758        8.94668       13.06422
H         10.13707        9.89141       13.40082
C          9.67923        7.89467       12.79890
H          8.61588        8.00191       12.95823
C          7.77727        4.10576        9.99828
H          7.19092        4.33610        9.10000
C          5.06707        4.31365       11.36977
H          4.49710        4.41340       10.44958
H          5.40437        5.30779       11.65986
H          4.38599        3.96103       12.13834
C          6.03505        1.57494       10.21227
H          6.85800        0.87664       10.10588
H          5.66043        1.79923        9.21942
H          5.24430        1.06721       10.75269
C          7.28613        2.64550       12.83667
H          7.47327        3.51100       13.46306
H          8.21335        2.08998       12.74305
H          6.57919        2.00934       13.36115
C         10.68170        4.65020        8.89711
H         10.61180        5.51190        9.55992
H         10.54639        5.00971        7.88125
H         11.69538        4.26632        8.96652
C          8.92506        2.36828        7.73534
H          8.51966        3.03927        6.98389
H          8.18250        1.60070        7.92590
H          9.79462        1.88352        7.30408
C         10.16664        2.07299       10.56558
H          9.46975        1.28261       10.82375
H         10.49510        2.54287       11.48727
H         11.03626        1.60334       10.11651
C          9.42841        8.45800        9.69716
C          6.90592        8.65746       11.00846
C          5.81277        7.03921        9.06150
C          8.21424        6.81937        7.78916
C          7.18831        9.32294        8.34974
Mo         7.61291        7.74261        9.41385
O          7.87644        5.70913       12.28898
O         10.47771        8.89285        9.78674
O          6.43299        9.20241       11.88885
O          4.77331        6.64502        8.80630
O          8.49014        6.28183        6.82028
O          6.93242       10.24004        7.72230
P          8.10376        5.75869       10.67623
Si         6.56043        3.15028       11.14709
Si         9.39575        3.30426        9.32701
