47
CSD_code = APAZUO | q = 0 | S = 0 | Stoichiometry = C14H23O6PSi2W | MND = 6
W         -1.02310       -0.33091      -17.96161
P         -3.36144        0.27764      -18.29835
Si        -4.90320        2.38865      -20.03674
Si        -4.53094       -0.82308      -20.89871
O         -3.81499        1.51895      -17.27456
O          2.00925       -0.92645      -17.46336
O         -0.59786       -0.72397      -21.04621
O         -1.68540       -3.35054      -17.41387
O         -1.54972        0.20813      -14.91351
O         -0.51828        2.73724      -18.39689
C         -4.74914        0.74702      -16.50257
H         -5.69409        1.28550      -16.40629
H         -4.34582        0.55960      -15.50396
C         -4.78996       -0.49795      -17.39077
H         -5.70050       -0.57824      -17.98003
H         -4.58444       -1.43483      -16.87572
C         -3.90617        0.74218      -19.96571
H         -2.95854        0.98768      -20.45879
C         -6.53206        2.36639      -19.03929
H         -6.95995        1.37353      -18.94886
H         -6.37606        2.75693      -18.03940
H         -7.27288        2.99803      -19.51988
C         -3.76420        3.80433      -19.46436
H         -2.90850        3.91211      -20.12554
H         -4.28906        4.75523      -19.45256
H         -3.38473        3.62011      -18.46438
C         -5.33695        2.69259      -21.87049
H         -4.44936        2.69935      -22.49389
H         -6.01319        1.94369      -22.26737
H         -5.81768        3.65843      -21.98183
C         -6.43659       -0.95702      -20.86418
H         -6.91540       -0.01452      -21.10598
H         -6.76262       -1.68629      -21.59872
H         -6.81528       -1.28548      -19.90109
C         -3.92369       -0.69497      -22.69977
H         -2.84036       -0.64310      -22.74924
H         -4.23420       -1.56414      -23.27026
H         -4.31881        0.18268      -23.19927
C         -3.79937       -2.40448      -20.12714
H         -2.71663       -2.42223      -20.21678
H         -4.04198       -2.49126      -19.07214
H         -4.17943       -3.29316      -20.62289
C          0.90171       -0.71479      -17.65005
C         -0.75207       -0.61180      -19.91689
C         -1.43916       -2.25796      -17.64561
C         -1.33663        0.00408      -16.01696
C         -0.67509        1.61808      -18.23744
