80
CSD_code = ARIKUI | q = 0 | S = 0 | Stoichiometry = C24H51OSi3Y | MND = 8
Y          0.66389        5.60358       14.47560
Si        -0.22050        7.89870       17.11840
Si        -1.66654        5.68780       11.75713
Si         3.98270        4.08069       15.36807
O          2.54790        6.48459       12.62090
C          0.60496        7.79072       15.42326
H          1.60117        8.24354       15.49558
H          0.04254        8.42146       14.72241
C          1.07469        7.65160       18.50785
H          1.69839        8.53353       18.61323
H          1.72834        6.81036       18.30449
H          0.59800        7.47352       19.46633
C         -1.09026        9.57120       17.47259
H         -1.86229        9.77305       16.73649
H         -0.38591       10.39662       17.44174
H         -1.56095        9.57876       18.45077
C         -1.57673        6.54692       17.26494
H         -1.21423        5.56392       16.95765
H         -2.43047        6.79288       16.63932
H         -1.94166        6.46139       18.28438
C         -1.49815        5.24197       13.57288
H         -1.77081        4.19153       13.71881
H         -2.21616        5.83212       14.15534
C         -0.66840        4.43020       10.70562
H          0.21333        4.08474       11.24039
H         -0.34948        4.84701        9.75452
H         -1.27480        3.55787       10.48450
C         -3.44012        5.72408       11.03030
H         -3.92339        4.75767       11.13339
H         -3.44166        5.98057        9.97505
H         -4.05744        6.45323       11.54563
C         -0.94256        7.44903       11.48737
H         -1.59777        8.19606       11.92505
H         -0.84291        7.68792       10.43234
H          0.03523        7.55801       11.95507
C          2.17007        3.67763       15.08759
C          1.62477        2.88496       14.00755
C          0.43025        2.30755       14.42906
C          0.19179        2.68502       15.77573
C          1.23476        3.50747       16.19669
C          2.29860        2.60437       12.69573
H          3.04311        1.81386       12.81345
H          2.80467        3.48542       12.30482
H          1.57421        2.26096       11.95893
C         -0.44276        1.40088       13.61442
H          0.04712        0.43971       13.44710
H         -0.66455        1.83740       12.63957
H         -1.38392        1.21530       14.12572
C         -0.97633        2.23394       16.60171
H         -0.99405        1.14590       16.67723
H         -1.92204        2.55372       16.15918
H         -0.91696        2.64062       17.60837
C          1.48384        3.93490       17.61871
H          0.59902        4.38322       18.07349
H          2.30009        4.65026       17.67607
H          1.75779        3.06681       18.22321
C          4.80408        2.82429       16.55862
H          5.85144        3.05971       16.72299
H          4.75041        1.81733       16.15702
H          4.31264        2.81290       17.52538
C          5.08569        4.08557       13.80182
H          6.08875        4.41283       14.05877
H          4.70951        4.75325       13.03494
H          5.16815        3.09551       13.36919
C          4.18842        5.83947       16.13899
H          3.27791        6.43545       16.05465
H          4.99016        6.39068       15.65623
H          4.44085        5.77645       17.19339
C          2.63527        6.24093       11.21749
H          1.73019        5.71894       10.91030
H          3.51015        5.60702       11.01485
C          2.80551        7.61399       10.54282
H          3.58639        7.57718        9.78570
H          1.88127        7.93274       10.06629
C          3.18053        8.54661       11.70602
H          2.34605        9.19995       11.95856
H          4.05106        9.16067       11.48942
C          3.44234        7.56931       12.85416
H          4.47777        7.20331       12.82333
H          3.23230        7.98281       13.83972
