130
CSD_code = ARIREA | q = 0 | S = 0 | Stoichiometry = C53H71FeN3Si2 | MND = 7
C         -4.10488        3.09903       17.88525
C         -4.21761        3.51640       16.46858
C         -3.91547        2.62942       15.43712
H         -3.52134        1.65637       15.69158
C         -4.10594        2.97956       14.11452
H         -3.87787        2.27034       13.32937
C         -4.60008        4.23310       13.78822
H         -4.74999        4.50843       12.75410
C         -4.90268        5.12664       14.80169
H         -5.29218        6.10572       14.56023
C         -4.72092        4.77122       16.12555
H         -4.97801        5.47255       16.90659
C         -6.27139        1.06027       16.87115
H         -7.21308        0.57937       17.11777
H         -5.57243        0.28187       16.58385
H         -6.44014        1.68840       16.00328
C         -7.00241        3.34216       18.81713
H         -7.20189        4.01079       17.98469
H         -6.70792        3.95349       19.66550
H         -7.93482        2.84811       19.07428
C         -5.47801        0.82944       19.80825
H         -5.91084        1.22839       20.72044
H         -4.44477        0.57662       20.01674
H         -6.00764       -0.09056       19.57936
C         -3.60378        4.04705       18.83898
C         -3.50716        3.62837       20.20034
H         -4.23942        2.92874       20.58179
C         -3.03080        4.60275       21.16224
H         -3.26639        4.43252       22.20580
C         -2.37173        5.70243       20.79033
H         -2.06995        6.44602       21.51476
C         -1.91386        5.90384       19.37589
H         -0.82615        5.74692       19.39582
C         -2.51043        4.86877       18.43688
H         -2.51238        5.20053       17.40285
C         -2.07482        7.36981       18.85213
C         -3.50581        7.78217       18.60668
C         -4.60848        7.03971       19.00878
H         -4.47841        6.11962       19.55084
C         -5.89777        7.47247       18.74072
H         -6.73635        6.86762       19.05649
C         -6.11641        8.66690       18.08086
H         -7.12185        9.00103       17.86963
C         -5.02791        9.43904       17.70875
H         -5.18077       10.38711       17.21225
C         -3.74479        9.00076       17.97064
H         -2.90698        9.62315       17.69356
C         -1.46241        8.27099       19.90423
C         -0.08586        8.27070       20.11589
H          0.55005        7.67446       19.48047
C          0.49097        9.02563       21.11986
H          1.56279        9.00208       21.25941
C         -0.29838        9.81120       21.94200
H          0.14888       10.40278       22.72733
C         -1.66756        9.82648       21.74442
H         -2.29857       10.43133       22.37999
C         -2.24165        9.06313       20.74290
H         -3.31462        9.07949       20.62399
C          0.33619        6.23415       17.05557
H         -0.02335        5.21850       17.19348
H          1.12324        6.40373       17.78387
H          0.80042        6.29369       16.07502
C         -2.17080        7.29637       15.62331
H         -3.09232        7.86477       15.69373
H         -2.44346        6.26027       15.45214
H         -1.63900        7.64133       14.74132
C         -0.27222        9.26160       17.01131
H         -0.84081        9.89162       16.33435
H          0.73128        9.18156       16.60498
H         -0.19754        9.78135       17.96111
C         -2.15407        0.98795       18.99183
C         -1.19440        2.68747       17.11373
C         -0.62898        3.08170       19.77244
C         -2.09250       -1.56598       18.92849
H         -2.29369       -2.04867       19.89551
C         -3.17164       -1.97454       17.91501
H         -3.19585       -3.06476       17.85469
H         -4.14532       -1.62641       18.26470
C         -2.86896       -1.38168       16.54302
H         -3.63884       -1.68772       15.83165
H         -2.88440       -0.29163       16.61914
C         -1.49396       -1.82976       16.05884
H         -1.29129       -1.40614       15.07359
H         -1.47501       -2.91885       15.96433
C         -0.42359       -1.38439       17.05095
H         -0.42637       -0.29313       17.12597
H          0.56418       -1.70076       16.70891
C         -0.69993       -1.97754       18.42937
H         -0.65825       -3.06789       18.38142
H          0.05442       -1.63562       19.14086
C         -0.08749        2.75817       14.79464
H          1.00198        2.86449       14.90263
C         -0.39768        1.45892       14.04298
H         -1.48095        1.32875       14.00767
H          0.02953        0.61466       14.58841
C          0.16527        1.51466       12.62668
H          1.25458        1.59219       12.67093
H         -0.08177        0.59133       12.09877
C         -0.39765        2.71551       11.87253
H         -1.48120        2.61345       11.78407
H          0.02027        2.75062       10.86450
C         -0.07421        4.00676       12.61746
H         -0.49249        4.86155       12.08313
H          1.01010        4.13802       12.66292
C         -0.64399        3.96514       14.03117
H         -0.39656        4.88173       14.56825
H         -1.73211        3.88296       13.99169
C          1.12112        3.80254       21.50454
H          1.90231        3.03904       21.63043
C          0.37041        3.99476       22.82732
H         -0.06874        3.04421       23.13705
H         -0.44482        4.70198       22.66090
C          1.31366        4.52445       23.90245
H          2.09690        3.78694       24.09649
H          0.75959        4.67475       24.83078
C          1.95256        5.83686       23.45771
H          1.17412        6.58968       23.31351
H          2.63339        6.19958       24.23031
C          2.70847        5.63854       22.14761
H          3.52023        4.92216       22.29798
H          3.15166        6.58255       21.82505
C          1.76280        5.12411       21.06828
H          0.96854        5.85506       20.90600
H          2.29623        4.97855       20.12590
Fe        -2.05660        2.77719       18.70718
N         -2.13418       -0.17867       19.12821
N         -0.63962        2.70837       16.08154
N          0.23435        3.35220       20.51710
Si        -5.63951        2.07406       18.36057
Si        -1.07391        7.52570       17.17011
