65
CSD_code = ASEMAM | q = 0 | S = 0 | Stoichiometry = C24H36ClISi2Zr | MND = 12
I          2.77533        5.65299        1.57795
Zr         3.78650        2.62669        0.35726
C          2.68983        0.34064        1.38457
H          3.01871       -0.67933        1.23799
C          2.95204        1.12574        2.51531
H          3.54163        0.82961        3.37165
C          2.23763        2.32599        2.39252
H          2.14631        3.07689        3.16636
C          1.81713        1.05238        0.54174
H          1.30109        0.63183       -0.30963
C          1.53494        2.30361        1.15858
H          0.75728        3.00309        0.86543
Si         5.93333        6.30200        2.63158
Si         2.02400        4.08255       -2.47051
Cl         5.30178        3.07975        2.14719
C          4.88752        5.76710        1.12247
C          4.23701        5.23916       -1.21154
C          3.39712        4.19228       -1.16650
C          5.22875        5.49963       -0.13206
C          4.53160        1.54594       -2.21805
H          3.99269        1.55200       -3.15212
C          6.10048        2.01209       -0.63687
H          6.99600        2.39568       -0.16036
C          4.37679        0.61353       -1.18109
H          3.74777       -0.26641       -1.22237
C          5.59325        2.40190       -1.88549
H          5.99525        3.17095       -2.52779
C          6.64512        5.67342       -0.61436
H          6.97658        4.74622       -1.08813
H          7.31031        5.89527        0.21621
C          4.29565        6.36179       -2.22742
H          3.59908        6.18016       -3.04122
H          3.99994        7.29020       -1.72587
C          6.05936        8.19778        2.41877
H          6.56403        8.64429        3.26834
H          5.07496        8.64907        2.34513
H          6.61556        8.47039        1.52724
C          6.69023        6.80629       -1.64236
H          6.42094        7.74516       -1.15260
H          7.70577        6.90615       -2.03149
C          7.67949        5.53475        2.70274
H          8.00398        5.48328        3.73682
H          8.41452        6.12570        2.16530
H          7.69523        4.52469        2.30996
C          0.75162        5.48899       -2.17609
H          0.42367        5.50865       -1.14030
H         -0.12722        5.35577       -2.79891
H          1.16766        6.46603       -2.39687
C          5.71237        6.52760       -2.77675
H          6.00690        5.61516       -3.30113
H          5.73348        7.34738       -3.49837
C          5.01455        5.90720        4.24857
H          4.76779        4.85205        4.30725
H          4.09329        6.47449        4.33653
H          5.63536        6.14790        5.10608
C          1.01982        2.45775       -2.35194
H          0.37588        2.43901       -1.47922
H          1.65583        1.57730       -2.34122
H          0.37294        2.37502       -3.22024
C          2.63518        4.14609       -4.29629
H          2.16623        3.36483       -4.88636
H          3.70939        4.00674       -4.36966
H          2.39473        5.09326       -4.76932
C          5.35499        0.88803       -0.19064
H          5.61804        0.25399        0.65221
