93
CSD_code = AWEGAK | q = 1 | S = 0 | Stoichiometry = C44H42ClIrNOP2Si(1+) | MND = 6
Ir         1.91176        1.56730       12.26258
Cl         3.60121        1.80183       10.63965
P          1.96048       -0.73970       11.55408
P          2.43721        3.87599       12.73295
Si         5.02181        0.60444       16.14557
O          0.02160        1.18042       14.57064
N          0.62634        2.09588       10.70011
C          0.66748        1.34538       13.64429
C          3.08535        1.10266       13.81110
C          3.79379        0.86952       14.76223
C          0.25708        2.41343        9.66301
C         -0.21689        2.80746        8.38251
H         -0.92109        2.06556        8.00605
H          0.62816        2.88253        7.69859
H         -0.70877        3.77755        8.45573
C          6.55519       -0.22496       15.37286
H          7.33974       -0.36646       16.11039
H          6.96797        0.37655       14.56801
H          6.31006       -1.20102       14.96382
C          4.20224       -0.50645       17.45244
H          4.87331       -0.69621       18.28474
H          3.91841       -1.46676       17.03206
H          3.30415       -0.04530       17.85198
C          5.42761        2.34154       16.81624
H          6.13366        2.29385       17.63976
H          4.53070        2.83592       17.17804
H          5.86218        2.97185       16.04537
C          3.57780       -1.47178       11.17273
C          4.71815       -1.07007       11.86071
H          4.64593       -0.29664       12.61073
C          5.93577       -1.66296       11.57896
H          6.82035       -1.34401       12.10886
C          6.02217       -2.65810       10.61908
H          6.97453       -3.11470       10.39680
C          4.88434       -3.06854        9.94312
H          4.94738       -3.84800        9.19893
C          3.66267       -2.48040       10.21507
H          2.77863       -2.80581        9.68479
C          1.23205       -1.86932       12.77588
C         -0.08812       -1.65782       13.17138
H         -0.65568       -0.84886       12.72726
C         -0.66993       -2.47745       14.11864
H         -1.69476       -2.31486       14.41614
C          0.06631       -3.50437       14.69014
H         -0.38675       -4.14167       15.43368
C          1.38225       -3.70800       14.31115
H          1.95639       -4.50438       14.75955
C          1.96893       -2.89398       13.35727
H          2.99603       -3.05426       13.06430
C          1.02539       -1.00462       10.01525
C         -0.11195       -1.80039        9.93570
H         -0.48006       -2.31661       10.80972
C         -0.76277       -1.95342        8.72281
H         -1.64057       -2.57896        8.66469
C         -0.28746       -1.31875        7.58758
H         -0.79646       -1.44643        6.64425
C          0.85139       -0.53077        7.66198
H          1.23501       -0.04969        6.77419
C          1.50552       -0.37154        8.86844
H          2.39977        0.23319        8.93050
C          4.17632        4.39913       12.68944
C          5.21338        3.50786       12.93871
H          4.99303        2.46988       13.13286
C          6.52198        3.95789       12.93787
H          7.32571        3.26209       13.12565
C          6.80209        5.29213       12.69425
H          7.82411        5.63898       12.68998
C          5.76816        6.18389       12.45575
H          5.98270        7.22547       12.27040
C          4.45767        5.74395       12.45210
H          3.65429        6.44384       12.26762
C          1.86245        4.39495       14.37570
C          0.50344        4.29034       14.66909
H         -0.18132        3.93204       13.90974
C          0.03255        4.64396       15.91850
H         -1.02170        4.56988       16.13827
C          0.91670        5.08755       16.89042
H          0.54926        5.35934       17.86788
C          2.26936        5.17556       16.60854
H          2.95819        5.51551       17.36693
C          2.74633        4.82979       15.35578
H          3.80205        4.89689       15.13977
C          1.66150        5.01818       11.54618
C          0.69006        5.94985       11.89458
H          0.36140        6.04033       12.91913
C          0.15948        6.78693       10.92717
H         -0.58841        7.51429       11.20443
C          0.59124        6.70250        9.61413
H          0.17808        7.36233        8.86633
C          1.56527        5.77907        9.26492
H          1.91672        5.72325        8.24507
C          2.09798        4.93880       10.22362
H          2.86363        4.22245        9.95930
