191
CSD_code = BEGNAD | q = 0 | S = 0 | Stoichiometry = C60H121N4OSi4Y | MND = 5
Y          2.87712        1.85704       -4.11949
O          2.50361        0.49149       -6.37656
C          1.85059        1.13856       -7.48139
H          2.36288        2.09165       -7.64081
H          0.80606        1.34351       -7.22235
C          1.95622        0.19961       -8.69313
H          0.98454       -0.23982       -8.91722
H          2.30662        0.72120       -9.58040
C          2.93425       -0.87960       -8.22612
H          3.96133       -0.58648       -8.44037
H          2.74091       -1.84982       -8.67694
C          2.69185       -0.87703       -6.72072
H          1.78669       -1.45566       -6.48220
H          3.53095       -1.25723       -6.13538
N          2.77302        2.80545       -1.87184
H          1.81311        3.06587       -1.63978
C          3.53790        2.77439       -0.85380
C          3.04775        3.03194        0.56535
C          1.56672        3.42954        0.58905
H          0.93515        2.63112        0.20182
H          1.39556        4.33947        0.01710
H          1.26226        3.61871        1.61604
C          3.21250        1.72944        1.36222
H          4.25561        1.43806        1.44016
H          2.66997        0.92267        0.87456
H          2.81779        1.86048        2.36736
C          3.86285        4.15707        1.21627
H          4.90432        3.87932        1.34179
H          3.45440        4.37972        2.19955
H          3.82061        5.05812        0.60969
C          5.00479        2.51711       -1.06424
H          5.50718        2.38304       -0.10408
C          5.55271        3.73744       -1.75898
H          5.17852        3.87921       -2.76549
C          6.42056        4.59582       -1.24396
H          6.77710        4.42465       -0.23433
Si         7.07904        6.11667       -2.16056
C          8.97685        5.84990       -2.44008
C          9.72687        5.87088       -1.10686
H          9.61957        6.83578       -0.61769
H         10.78975        5.68842       -1.26541
H          9.34927        5.10171       -0.43703
C          9.21485        4.49537       -3.10944
H          8.69874        4.43966       -4.06487
H          8.85032        3.68970       -2.47542
H         10.27806        4.33470       -3.28710
C          9.54944        6.94786       -3.33710
H          9.39329        7.92972       -2.89611
H          9.07762        6.93253       -4.31632
H         10.62130        6.80624       -3.47590
C          6.77900        7.63318       -1.03959
H          7.20541        7.49644       -0.05107
H          5.71550        7.80890       -0.91455
H          7.21042        8.53387       -1.46419
C          6.16922        6.34678       -3.81313
H          6.25715        5.47199       -4.44899
H          6.55412        7.19829       -4.36554
H          5.10919        6.51524       -3.65382
N          2.99363       -0.12284       -3.23791
H          2.33013       -0.81871       -3.57585
C          3.50003       -0.55317       -2.04111
C          2.87306       -1.83355       -1.46022
C          3.43102       -2.23158       -0.09063
H          4.49296       -2.45461       -0.14247
H          2.91942       -3.12695        0.25928
H          3.27242       -1.44540        0.64305
C          1.35867       -1.63488       -1.29337
H          0.87029       -1.42603       -2.24142
H          1.16228       -0.80324       -0.61871
H          0.90739       -2.53224       -0.87327
C          3.13711       -2.99768       -2.42837
H          4.20745       -3.13373       -2.56551
H          2.69250       -2.81999       -3.40558
H          2.71634       -3.91959       -2.03094
C          4.53014        0.06018       -1.41274
H          4.88964       -0.30769       -0.46788
C          5.27219        1.25221       -1.93206
H          4.93337        1.47466       -2.95423
C          6.78000        0.99473       -1.98004
H          7.26777        1.88901       -2.37146
H          7.14572        0.86203       -0.95944
Si         7.27131       -0.54727       -3.00698
C          9.09887       -0.31083       -3.61136
C          9.19874        0.80451       -4.65307
H          8.81712        1.74294       -4.25908
H          8.63876        0.54782       -5.54914
H         10.23744        0.96120       -4.94359
C         10.00438        0.04941       -2.43261
H          9.69825        0.98984       -1.98165
H         11.03731        0.15397       -2.76409
H          9.97256       -0.72420       -1.66948
C          9.61641       -1.60372       -4.24272
H          8.98531       -1.90855       -5.07404
H          9.63524       -2.40911       -3.51361
H         10.62987       -1.46526       -4.61905
C          6.13606       -0.84415       -4.51284
H          6.40446       -0.21819       -5.35810
H          5.09905       -0.63894       -4.25444
H          6.19818       -1.87701       -4.84351
C          7.20277       -2.10349       -1.90059
H          7.85591       -2.01329       -1.03816
H          7.49707       -2.99553       -2.44456
H          6.19520       -2.25987       -1.53358
N          0.94277        2.66104       -4.65772
H          1.18668        3.46052       -5.25148
C         -0.32870        2.32831       -4.96525
C         -0.98909        1.23712       -4.11226
C         -0.60987       -0.12295       -4.71450
H          0.47550       -0.21764       -4.75279
H         -1.00236       -0.20749       -5.72650
H         -1.02060       -0.93652       -4.11731
C         -0.49274        1.31073       -2.66227
H          0.58812        1.16212       -2.61170
H         -0.97671        0.53923       -2.06439
H         -0.74285        2.28137       -2.23780
C         -2.51799        1.35532       -4.07594
H         -2.96448        1.10616       -5.03431
H         -2.81693        2.36408       -3.80269
H         -2.91961        0.66391       -3.33666
C         -1.03163        2.90467       -6.00018
H         -2.05563        2.61066       -6.16649
C         -0.53348        3.86949       -6.91576
H          0.48949        4.20760       -6.79699
C         -1.24427        4.39057       -7.94138
H         -2.27131        4.05782       -8.04844
Si        -0.57701        5.59691       -9.20379
C          0.05478        4.61429      -10.75453
C          1.20364        3.69443      -10.34090
H          0.88081        3.02169       -9.54912
H          2.04752        4.27413       -9.97404
H          1.54398        3.09619      -11.18771
C          0.54514        5.55070      -11.85830
H         -0.25741        6.20222      -12.19584
H          0.89969        4.97892      -12.71726
H          1.36541        6.17122      -11.50470
C         -1.07613        3.75055      -11.31219
H         -1.90861        4.36961      -11.63767
H         -1.43870        3.06181      -10.55250
H         -0.73279        3.16739      -12.16787
C          0.86648        6.63064       -8.50523
H          1.27558        7.31374       -9.24338
H          1.67366        5.99782       -8.15269
H          0.52427        7.22356       -7.66351
C         -1.96160        6.79803       -9.74082
H         -1.61659        7.51128      -10.48257
H         -2.32485        7.36227       -8.88815
H         -2.80698        6.26458      -10.16248
N          4.60986        2.51131       -5.29735
H          5.35130        1.83347       -5.47426
C          4.64804        3.48311       -6.23038
C          5.65865        3.32896       -7.37876
C          5.47783        1.97364       -8.07832
H          5.46856        1.14653       -7.37110
H          6.29045        1.80664       -8.78413
H          4.54001        1.96427       -8.62948
C          7.06821        3.41434       -6.77107
H          7.21865        2.66534       -5.99670
H          7.22240        4.39655       -6.32840
H          7.82307        3.26435       -7.54108
C          5.54265        4.41547       -8.45138
H          4.55235        4.41893       -8.90140
H          6.26983        4.22249       -9.23884
H          5.74800        5.39991       -8.03925
C          3.86841        4.61451       -6.12743
H          3.85147        5.32468       -6.93769
C          3.12604        4.97986       -4.97626
H          3.25428        4.35489       -4.08547
C          2.35103        6.08331       -4.85943
H          2.24453        6.70146       -5.74190
Si         1.47357        6.56354       -3.28486
C          0.79394        8.36224       -3.44183
C         -0.22839        8.44078       -4.57461
H         -1.07665        7.78964       -4.37878
H          0.21599        8.13766       -5.51897
H         -0.60148        9.45948       -4.68634
C          0.11470        8.79884       -2.14416
H          0.81908        8.78657       -1.31536
H         -0.71460        8.13839       -1.90137
H         -0.27733        9.81215       -2.23877
C          1.93382        9.33408       -3.74650
H          2.66299        9.34081       -2.93945
H          1.55210       10.34863       -3.86594
H          2.44563        9.05316       -4.66350
C          2.68890        6.48614       -1.79981
H          2.18086        6.61978       -0.84892
H          3.45350        7.25273       -1.87137
H          3.19979        5.52829       -1.77789
C          0.03971        5.36381       -2.87371
H         -0.33177        5.48369       -1.85940
H          0.37552        4.33784       -2.99842
H         -0.79650        5.50251       -3.55166
