71
CSD_code = BIBPAE | q = 0 | S = 0 | Stoichiometry = C29H39CrNSi | MND = 11
Cr         2.26477        1.81010        3.39672
Si         2.51007        1.21836        0.37930
N          1.75548        2.29011        6.35074
C          3.41006        0.64147        1.94439
C          4.34659        1.46783        2.65308
C          4.35773        1.08434        4.00538
C          3.41111        0.01087        4.16501
C          2.84303       -0.26084        2.90535
C          1.39882        2.31523        1.45385
C          1.83417        3.53349        2.07844
C          1.06675        3.74468        3.23997
C          0.13918        2.64778        3.36065
C          0.34525        1.78450        2.27053
C          5.34647        2.41111        2.06494
H          6.35541        2.02242        2.21808
H          5.29587        3.38817        2.54342
H          5.19501        2.53459        0.99971
C          5.36066        1.51107        5.03192
H          6.21478        0.82936        5.02448
H          4.92937        1.49934        6.03086
H          5.72633        2.51339        4.82281
C          3.26588       -0.83725        5.39017
H          3.99049       -1.65472        5.37135
H          2.26886       -1.26818        5.44435
H          3.43620       -0.25240        6.29174
C          1.99283       -1.46140        2.64539
H          2.58045       -2.37086        2.78939
H          1.60885       -1.46911        1.63322
H          1.15456       -1.50015        3.33925
C          2.75016        4.57091        1.51363
H          2.17478        5.44577        1.20283
H          3.28742        4.20108        0.64953
H          3.47199        4.90080        2.25955
C          1.01548        5.00836        4.04180
H          0.24765        5.67440        3.64085
H          1.96857        5.53004        4.00452
H          0.77444        4.80506        5.08349
C         -1.00364        2.57824        4.32384
H         -1.88465        3.06628        3.90011
H         -0.75567        3.07672        5.25842
H         -1.25919        1.54380        4.54212
C         -0.57848        0.65635        1.94424
H         -1.58802        1.04077        1.78383
H         -0.62803       -0.05850        2.76397
H         -0.27143        0.13850        1.04407
C          1.65548       -0.10179       -0.71362
H          2.40791       -0.60120       -1.31580
H          0.96642        0.38677       -1.39591
H          1.10306       -0.87083       -0.18972
C          3.55834        2.05637       -0.98747
H          4.05558        2.97748       -0.71275
H          2.91803        2.27799       -1.83547
H          4.32138        1.36407       -1.33022
C          2.04372        2.14981        5.19519
C          1.91106        2.99859        7.51267
C          2.85854        4.02472        7.63747
C          2.95873        4.68152        8.85643
H          3.68596        5.47390        8.96379
C          2.14664        4.34339        9.92273
H          2.24156        4.86822       10.86178
C          1.20964        3.33280        9.78553
H          0.57351        3.07056       10.61870
C          1.08031        2.65031        8.58872
C          3.74551        4.42451        6.49832
H          3.50563        3.86096        5.59812
H          4.78862        4.24826        6.75881
H          3.62883        5.48789        6.29365
C          0.06685        1.56169        8.41220
H         -0.33866        1.25123        9.37170
H          0.51585        0.70475        7.91363
H         -0.75325        1.91094        7.78459
