79
CSD_code = BIDYAP | q = 0 | S = 0 | Stoichiometry = C26H45MoN3Si4 | MND = 5
Mo         9.51306        0.25913        4.84983
Si        12.02088        1.18968        6.99537
Si         9.16851        3.06710        2.84224
Si         8.10112       -1.76840        1.96871
Si        10.47670       -3.41928        5.04550
N          8.10568        0.23705        5.87467
N         11.33537        0.62052        5.51290
N          9.94060        1.68351        3.54870
C          6.98830        0.10746        6.61134
C          6.15770       -1.01272        6.41940
C          5.00904       -1.16832        7.16300
C          4.65032       -0.22302        8.11398
C          5.45892        0.88465        8.31428
C          6.61253        1.05494        7.57766
C         11.89846        0.54291        4.26593
C         11.13584        1.11762        3.19323
C         11.66640        1.09476        1.90119
C         12.89530        0.51799        1.65414
C         13.62844       -0.04683        2.69116
C         13.13865       -0.03246        3.98139
C         13.82086        0.65684        7.36094
C         11.94203        3.10627        6.91114
C         10.82973        0.49832        8.31778
C          8.36394        2.73120        1.13544
C         10.44634        4.48362        2.68895
C          7.81202        3.45896        4.12667
C          9.09591       -1.26120        3.47403
C          9.82062       -1.77094        4.43690
C         11.94666       -3.03481        6.20968
C          9.07475       -4.26241        6.03736
C         11.08770       -4.55644        3.63423
C          9.05775       -1.26519        0.38999
C          6.46445       -0.77954        2.11866
C          7.70291       -3.63693        1.88138
H          6.45917       -1.73743        5.67120
H          4.38170       -2.03439        7.00399
H          3.74824       -0.35003        8.69357
H          5.18483        1.62359        9.05433
H          7.24994        1.91693        7.72850
H         11.10052        1.54866        1.10054
H         13.29090        0.51077        0.64932
H         14.59059       -0.49318        2.48801
H         13.70996       -0.45688        4.79317
H         13.93088       -0.42360        7.36978
H         14.12746        1.02291        8.33578
H         14.51510        1.05869        6.62895
H         12.62497        3.49627        6.16029
H         12.19915        3.56646        7.85972
H         10.93708        3.42948        6.64211
H          9.87283        0.23735        7.85966
H         10.64256        1.22523        9.10067
H         11.22427       -0.39284        8.79577
H          9.09577        2.70013        0.33299
H          7.65393        3.51503        0.89033
H          7.82655        1.78691        1.13206
H         10.88477        4.72606        3.65317
H          9.98575        5.38518        2.29854
H         11.25868        4.21125        2.02125
H          7.43894        2.53411        4.57165
H          6.97212        3.98046        3.68099
H          8.19130        4.08291        4.93094
H         12.83992       -2.78850        5.64291
H         12.18920       -3.87500        6.85368
H         11.71181       -2.18276        6.84358
H          8.62056       -3.55692        6.72847
H          9.44016       -5.10711        6.61358
H          8.29112       -4.62714        5.38050
H         10.25865       -4.95936        3.06263
H         11.65592       -5.39526        4.02549
H         11.72974       -4.01463        2.94587
H          9.29295       -0.20564        0.39640
H          8.48264       -1.47286       -0.50758
H          9.99673       -1.80548        0.31326
H          5.68722       -1.37356        2.59021
H          6.08423       -0.45554        1.15420
H          6.61567        0.10404        2.73926
H          8.56824       -4.21203        1.56857
H          6.90461       -3.83411        1.17174
H          7.38654       -4.01522        2.84840
