50
CSD_code = BIMGUB | q = 0 | S = 0 | Stoichiometry = C15H25O6PSi2W | MND = 6
C          0.29595        3.84968        9.83222
H          0.07134        4.67674        9.14417
H         -0.19491        2.93961        9.46471
C          1.77480        3.63101        9.92292
H          2.07817        2.97176       10.72545
C          2.66111        4.17244        9.10983
H          2.37048        4.82567        8.30439
H          3.71487        3.97711        9.20935
C         -0.95140        5.20412       13.36326
H         -1.25541        6.18941       13.72893
C         -3.78995        4.70859       14.41157
H         -4.01760        5.76980       14.39261
H         -3.39666        4.47381       15.39388
H         -4.72622        4.17336       14.29759
C         -2.27044        2.34610       13.03602
H         -1.87158        2.00741       13.98600
H         -1.57529        2.05190       12.25736
H         -3.20133        1.81492       12.86458
C         -3.40901        4.67800       11.36245
H         -2.82360        4.33430       10.51628
H         -3.54962        5.74983       11.25464
H         -4.38912        4.21462       11.29131
C          1.32442        3.08060       13.91294
H          2.00109        3.43718       13.14195
H          0.68944        2.32094       13.47023
H          1.92700        2.60397       14.68026
C         -0.59436        3.93641       16.22012
H         -1.25918        3.10055       16.03489
H         -1.18179        4.73653       16.65758
H          0.12947        3.62158       16.96407
C          1.45485        5.96381       15.12173
H          2.29664        5.62253       15.71652
H          0.92336        6.70754       15.70880
H          1.85488        6.46926       14.24681
C         -1.08869        9.30839        9.63777
C          0.92980        7.38481        9.42612
C         -1.78437        6.65965        9.17237
C         -2.26884        7.90646       11.75259
C          0.41458        8.49803       11.95375
O         -0.27560        4.09455       11.11135
O         -1.29972       10.29656        9.10330
O          1.87104        7.33691        8.77805
O         -2.37973        6.15707        8.33521
O         -3.11307        8.15931       12.48181
O          1.05786        8.97675       12.76830
P         -0.12999        5.55117       11.79415
H          1.23777        5.48647       12.15844
Si        -2.57787        4.22894       13.01820
Si         0.30414        4.51520       14.64305
W         -0.69651        7.59353       10.56281
