65
CSD_code = BOHZON | q = 0 | S = 0 | Stoichiometry = C23H29N2O7PSi2W | MND = 6
W          4.05579        3.30211        7.23043
P          3.35984        3.64490        9.57144
Si         2.04708        5.81829       11.27468
Si         0.52176        2.98830       10.34595
N          3.46060        2.24693       10.44044
N          5.42351        3.29087       11.06104
C          4.50959        2.99569        5.32315
O          4.76617        2.82385        4.22175
C          5.99841        3.38096        7.71661
O          7.11282        3.37140        7.96102
C          4.18312        1.34630        7.64022
O          4.29817        0.24087        7.89758
C          2.12654        3.24308        6.72515
O          1.02916        3.28630        6.40588
C          3.91381        5.25486        6.85075
O          3.77431        6.35883        6.58672
C          4.88483        4.25284       10.38897
C          4.59322        2.19323       11.09263
C          1.77282        4.41722        9.97763
H          1.45858        4.89647        9.04569
C          2.85135        7.26893       10.32450
H          2.12079        8.03565       10.08296
H          3.29389        6.93774        9.38864
H          3.63360        7.73961       10.91264
C          3.10588        5.19861       12.73212
H          2.70435        5.53822       13.68223
H          4.12690        5.56295       12.66418
H          3.14691        4.11343       12.76380
C          0.35800        6.41519       11.92568
H          0.49949        7.28854       12.55352
H         -0.14356        5.66154       12.52218
H         -0.30752        6.69943       11.11786
C          0.70764        1.51564        9.14955
H          1.74399        1.37049        8.85861
H          0.12036        1.65454        8.24671
H          0.36661        0.59721        9.61823
C          0.71264        2.41548       12.15351
H         -0.05089        1.68439       12.39977
H          0.61618        3.23967       12.85276
H          1.67926        1.94994       12.31646
C         -1.21589        3.72190       10.06073
H         -1.95997        2.93710       10.13809
H         -1.31031        4.16284        9.07361
H         -1.46885        4.48272       10.78857
C          5.00782        1.01474       11.82666
C          4.20338       -0.12649       11.82943
H          3.27726       -0.11256       11.27527
C          4.60234       -1.24828       12.52772
H          3.98175       -2.13210       12.52741
C          5.80059       -1.24360       13.22664
H          6.11069       -2.12431       13.76963
C          6.60241       -0.11240       13.22695
H          7.53542       -0.11315       13.77076
C          6.21294        1.01478       12.53023
H          6.82331        1.90398       12.51519
C          5.57231        5.53699       10.17953
C          6.26900        7.09453        8.55277
H          6.06797        7.82512        9.34269
H          5.81574        7.42241        7.61565
C          7.76514        6.87621        8.39566
H          8.19695        6.56009        9.34235
H          8.23699        7.80376        8.08466
H          7.95734        6.11087        7.64743
O          5.99646        6.22270       11.07375
O          5.60369        5.86763        8.88360
