70
CSD_code = BOLXUW | q = 0 | S = 0 | Stoichiometry = C26H41ClSiTi | MND = 12
Ti         8.22617        0.75112        3.23669
Cl         9.49234       -0.63864        4.36284
Si         6.89198       -2.27517        2.39228
C          8.82481        1.89546        0.97906
C          9.74652        1.19402        1.88657
C         10.60992        2.25434        2.42125
C         10.26013        3.45108        1.85324
C          9.14998        3.23142        0.96176
C          7.85416        1.19538        0.07282
C         10.46180       -0.05355        1.36757
H         11.10956        0.23319        0.53274
H          9.75742       -0.80830        1.01456
H         11.08887       -0.49673        2.14205
C         11.74794        1.98413        3.35774
H         12.64442        1.70755        2.79787
H         11.50424        1.16302        4.03384
H         11.98944        2.86410        3.95257
C         10.92781        4.77706        2.03732
H         11.57734        4.77273        2.90932
H         10.20214        5.58159        2.14890
H         11.54100        5.00645        1.16483
C          8.54983        4.30100        0.10372
H          9.19991        4.49498       -0.75134
H          8.44117        5.24012        0.64572
H          7.57537        4.00567       -0.28033
C          6.05513        1.07073        4.18548
C          6.95708        0.97498        5.27333
C          7.89908        2.03145        5.15580
C          7.55597        2.81942        4.02286
C          6.43495        2.19904        3.39950
C          6.87845        0.07716        6.47226
H          6.05820       -0.63069        6.38892
H          6.71979        0.68088        7.36904
H          7.80562       -0.48205        6.61035
C          8.97210        2.34139        6.15747
H          8.55088        2.87586        7.01343
H          9.74916        2.96559        5.71740
H          9.43189        1.42379        6.52690
C          8.00859        4.23227        3.80814
H          7.44246        4.88848        4.47638
H          7.82678        4.55765        2.78831
H          9.06505        4.35548        4.03446
C          5.59566        2.76649        2.29256
H          5.21810        1.97234        1.64759
H          6.16468        3.47137        1.69062
H          4.73586        3.29704        2.71163
C          4.76607        0.32966        3.98278
H          4.59498       -0.38592        4.78228
H          4.75399       -0.20521        3.03214
H          3.93521        1.03897        3.98113
C          7.27623       -0.10773        0.59869
C          7.30489       -0.48553        1.88324
C          6.71266       -0.91465       -0.54922
H          6.06901       -1.71454       -0.21036
H          7.52951       -1.35114       -1.12542
H          6.14739       -0.26761       -1.22015
C          5.26304       -3.03901        1.69255
H          5.43849       -3.59548        0.77770
H          4.50156       -2.29294        1.48544
H          4.84269       -3.73447        2.41194
C          8.35882       -3.35355        1.77710
H          9.27772       -3.06322        2.27997
H          8.51788       -3.25264        0.70738
H          8.18562       -4.40490        1.98596
C          6.72771       -2.63404        4.26531
H          6.83432       -3.70303        4.42780
H          5.75793       -2.34788        4.65736
H          7.49541       -2.14166        4.84951
H          7.02844        1.86895       -0.18641
H          8.36787        0.96887       -0.87293
