83
CSD_code = BOLYEH | q = 0 | S = 0 | Stoichiometry = C30H49ClSi2Ti | MND = 12
Ti         7.55181        4.67988        4.17867
Si        11.30254        0.72992        2.38578
Si         7.83195        1.37302        4.95340
Cl         5.54496        3.95327        3.69523
C          9.55548        5.13734        2.46950
C          9.90793        6.41439        2.11698
C          8.74134        7.10018        1.61227
C          7.67370        6.24912        1.67294
C          8.11828        4.94620        2.19486
C         10.48139        4.04073        2.90669
C         11.27195        7.02902        2.15190
H         11.95599        6.44718        2.76649
H         11.24214        8.04981        2.53375
H         11.68427        7.07347        1.14236
C          8.77319        8.49572        1.07623
H          9.30195        8.51420        0.12212
H          9.29300        9.17402        1.75253
H          7.76793        8.87526        0.90967
C          6.27282        6.49812        1.20229
H          6.16143        6.19472        0.15865
H          6.01466        7.55437        1.26718
H          5.55892        5.92776        1.79941
C          7.71880        3.73968        1.34113
H          6.63803        3.70132        1.19795
H          8.04766        2.80311        1.79189
H          8.18485        3.83426        0.35494
C          7.99221        4.98670        6.49867
C          8.82166        5.84680        5.72027
C          7.98559        6.78865        5.05294
C          6.64016        6.46810        5.38275
C          6.64524        5.37855        6.29229
C          8.53226        4.03368        7.52494
H          9.24204        4.55608        8.17027
H          9.05166        3.19310        7.06071
H          7.73508        3.64128        8.15096
C         10.31551        5.91073        5.84691
H         10.75669        6.45395        5.01445
H         10.74548        4.90966        5.88224
H         10.58851        6.42843        6.77122
C          8.43093        8.10562        4.49186
H          8.42683        8.84985        5.29413
H          7.76563        8.45588        3.70624
H          9.44021        8.04668        4.09589
C          5.41834        7.23760        4.97559
H          4.58706        6.56229        4.76721
H          5.61094        7.83540        4.08572
H          5.10982        7.91257        5.77852
C          5.41871        4.91584        7.02227
H          4.64353        4.58640        6.32779
H          5.00848        5.74456        7.60467
H          5.64187        4.09905        7.70367
C          9.86965        2.93509        3.74881
C          8.65465        2.96342        4.31357
C         10.83560        1.81698        3.88459
C         11.46656        1.65466        5.04260
C         13.12130        1.12449        1.93928
H         13.77753        0.96456        2.78910
H         13.24571        2.15594        1.62283
H         13.47153        0.49019        1.13070
C         10.22686        1.00719        0.83515
H         10.51444        0.30772        0.05526
H         10.33182        2.00685        0.42654
H          9.17328        0.84800        1.03894
C         11.16914       -1.11084        2.87331
H         10.13813       -1.40566        3.04331
H         11.72638       -1.32642        3.77942
H         11.56616       -1.74686        2.08779
C          7.09879        0.49449        3.40904
H          6.52678       -0.38148        3.69933
H          7.87674        0.16450        2.72761
H          6.43081        1.15770        2.86536
C          6.35295        1.64695        6.14108
H          5.73606        0.75277        6.15219
H          5.72201        2.46830        5.82179
H          6.66797        1.82809        7.16303
C          8.88013        0.05969        5.87997
H          9.41049        0.48231        6.72677
H          9.61438       -0.40234        5.23314
H          8.23172       -0.72352        6.26112
H         10.90869        3.56410        2.01409
H         11.33407        4.45926        3.45411
H         12.20508        0.88482        5.19351
H         11.26529        2.28569        5.89639
