61
CSD_code = CAQBEC | q = 0 | S = 0 | Stoichiometry = C20H34MoO2P2Si2 | MND = 10
Mo         3.04650        2.91699        7.03649
P          3.24005        3.88368        9.48579
P          4.04120        4.96230        7.86348
Si         1.14106        6.09096        8.41491
Si         2.81578        6.51637        5.62936
O          0.52858        4.24933        5.92565
O          1.01898        1.80983        9.06006
C          4.72204        2.50073        5.43541
H          5.51261        3.15445        5.09599
C          3.46804        2.31938        4.81538
H          3.11446        2.82062        3.92369
C          2.81584        1.23666        5.44379
H          1.90230        0.76330        5.10666
C          3.66490        0.76123        6.47722
H          3.51623       -0.15530        7.03722
C          4.84734        1.53455        6.45336
H          5.74192        1.33831        7.03216
C          1.57418        4.15419        6.49615
C          1.77707        2.33570        8.36089
C          4.80211        3.02106       10.06358
H          5.57115        3.09456        9.27987
C          4.51118        1.55205       10.36063
H          3.70458        1.49182       11.09706
H          4.16644        1.05010        9.45019
C          5.75552        0.85967       10.90818
H          5.53049       -0.18600       11.12850
H          6.54521        0.88019       10.15221
C          6.24630        1.56504       12.16931
H          7.14589        1.07300       12.54527
H          5.47799        1.49595       12.94265
C          6.53937        3.03414       11.87870
H          7.34836        3.10515       11.14723
H          6.86812        3.53701       12.79057
C          5.29775        3.72707       11.32533
H          5.51850        4.77352       11.09611
H          4.50135        3.71054       12.07570
C          2.36697        5.30903        7.09931
C         -0.01145        4.83912        9.27942
H          0.49090        4.24155       10.03445
H         -0.45786        4.16012        8.55815
H         -0.82169        5.37321        9.76729
C          2.15256        7.09602        9.69094
H          2.23722        6.55207       10.62685
H          1.66504        8.04182        9.90195
H          3.16097        7.30638        9.34545
C         -0.04780        7.24424        7.46596
H         -0.80042        7.60926        8.15637
H         -0.56073        6.70821        6.67575
H          0.43953        8.10683        7.02881
C          3.42453        8.14130        6.42828
H          3.67244        8.85417        5.64945
H          4.32141        7.97403        7.01733
H          2.68591        8.60059        7.07419
C          4.29708        5.86016        4.61562
H          4.03116        5.01368        3.99129
H          5.12457        5.57043        5.25748
H          4.65896        6.64441        3.95757
C          1.38017        6.80900        4.40971
H          1.76554        6.90683        3.39969
H          0.83698        7.71772        4.64067
H          0.67091        5.98817        4.41666
