62
CSD_code = CAXVIH | q = 0 | S = 0 | Stoichiometry = C24H34ClNSiTi | MND = 12
Ti         2.86039       -0.00003        2.90463
Cl         2.06442        0.00069        0.79159
Si         0.64153       -0.00000        5.27532
N          4.69839        0.00002        2.34145
C          1.63511        1.34611        4.37474
C          1.34336        1.81671        3.06452
C          2.52539        2.37276        2.50935
C          3.55682        2.26869        3.47300
C          3.02963        1.60568        4.60969
C         -0.01346        1.95385        2.43986
H         -0.07343        2.90464        1.91020
H         -0.78513        1.94196        3.20392
H         -0.21465        1.16333        1.71482
C          2.65124        3.09835        1.20557
H          2.57772        4.17681        1.36826
H          1.87015        2.79524        0.51158
H          3.61868        2.88976        0.74684
C          4.88294        2.95761        3.36121
H          5.36283        2.73799        2.40707
H          5.55710        2.66164        4.16075
H          4.73323        4.03861        3.41971
C          3.70955        1.63580        5.94807
H          4.72511        1.24382        5.90517
H          3.15203        1.08091        6.69370
H          3.77811        2.67369        6.28472
C         -1.24549       -0.00013        4.96356
H         -1.53507       -0.00020        3.92112
H         -1.68810        0.87345        5.43313
H         -1.68797       -0.87373        5.43321
C          0.71021        0.00023        7.19368
H         -0.30356        0.00028        7.57872
H          1.20139        0.87825        7.59788
H          1.20136       -0.87769        7.59811
C          5.76388       -0.00004        3.19435
H          5.62445       -0.00002        4.26465
C          6.94189       -0.00004        2.49236
H          7.93435       -0.00006        2.90277
C          6.58905       -0.00021        1.12820
H          7.25898       -0.00032        0.28937
C          5.21767       -0.00006        1.07989
H          4.58335       -0.00007        0.20782
C          1.63514       -1.34617        4.37484
C          1.34341       -1.81669        3.06457
C          2.52545       -2.37274        2.50940
C          3.55686       -2.26873        3.47308
C          3.02964       -1.60578        4.60980
C         -0.01338       -1.95378        2.43987
H         -0.07318       -2.90426        1.90968
H         -0.78503       -1.94252        3.20395
H         -0.21485       -1.16293        1.71530
C          2.65131       -3.09822        1.20557
H          2.57772       -4.17669        1.36818
H          1.87027       -2.79501        0.51157
H          3.61878       -2.88966        0.74688
C          4.88299       -2.95760        3.36136
H          5.36284       -2.73813        2.40716
H          5.55716       -2.66143        4.16083
H          4.73333       -4.03859        3.42007
C          3.70958       -1.63605        5.94817
H          4.72475       -1.24301        5.90556
H          3.15143       -1.08219        6.69412
H          3.77914       -2.67410        6.28414
