48
CSD_code = CENREU | q = 0 | S = 0 | Stoichiometry = C17H27NbOSi2 | MND = 12
H          2.31289       -0.47363        2.72921
Nb         2.60206        0.83181        3.70039
O          4.16747       -0.85828        5.84970
Si         1.63216        1.56947        7.37334
Si         3.55901        1.34923        0.03763
C          1.12934        1.38103        5.56488
C          1.03744        2.41597        4.60443
H          1.29537        3.45326        4.78673
C          0.33031        1.94471        3.47709
H         -0.00239        2.54348        2.63814
C         -0.03192        0.61178        3.72348
H         -0.64644       -0.01198        3.08735
C          0.48216        0.24597        4.98819
H          0.25764       -0.67702        5.50984
C          1.56981       -0.13497        8.22360
H          2.20285       -0.85481        7.71373
H          0.56000       -0.53338        8.24135
H          1.91056       -0.06494        9.25152
C          0.38360        2.76045        8.20003
H          0.61142        2.88378        9.25383
H         -0.63211        2.38477        8.12408
H          0.40276        3.74523        7.74310
C          3.38504        2.31713        7.51496
H          4.11468        1.71553        6.98018
H          3.69915        2.36830        8.55299
H          3.42540        3.32756        7.11771
C          3.90628        1.74989        1.84815
C          4.85945        1.10531        2.69016
H          5.54180        0.32340        2.37667
C          4.95235        1.83341        3.90551
H          5.68031        1.66265        4.68820
C          4.20269       -0.40792       -0.32640
H          5.28791       -0.44101       -0.33167
H          3.86187       -0.75849       -1.29512
H          3.85014       -1.10701        0.42787
C          4.04720        2.90132        3.83569
H          3.95122        3.69127        4.56894
C          3.40042        2.84632        2.58678
H          2.74460        3.61240        2.18658
C          1.67145        1.44110       -0.25044
H          1.14761        0.79634        0.45251
H          1.40815        1.12184       -1.25396
H          1.29541        2.45310       -0.12551
C          4.44900        2.64303       -1.05475
H          4.09575        3.65033       -0.85607
H          4.27813        2.43628       -2.10598
H          5.52149        2.63289       -0.88678
C          3.57417       -0.29988        5.02066
