143
CSD_code = CIGNUE | q = 0 | S = 0 | Stoichiometry = C70H66P4RuSi2 | MND = 6
Ru         5.77443        0.20178        6.50915
P          7.69351       -0.37169        7.65535
P          7.20311        1.63280        5.44345
Si         4.64381        6.82122       14.18682
C          5.66387        1.59465        7.95719
C          5.22272        4.01318       10.84327
C          5.54307        2.38549        8.88465
C          5.37905        3.24547        9.90471
C          4.88816        5.63365       12.80013
C          5.04746        4.86322       11.86758
C          6.67052        3.26680        4.84172
C          8.73843       -1.82873        7.27263
C          7.59987       -0.42581        9.47365
C          9.49829       -2.52765        8.20351
H          9.47299       -2.25561        9.24856
C          5.24993        5.17966        5.18042
H          4.50083        5.69374        5.76487
C          9.64212       -3.21083        5.51569
H          9.69796       -3.46545        4.46744
C          7.75167        0.72537       10.24222
H          8.01040        1.66390        9.77484
C          5.71441        3.94519        5.59312
H          5.33123        3.49057        6.49823
C          8.83959       -2.16355        5.92484
H          8.27306       -1.59773        5.19610
C         10.36714       -3.92857        6.45281
H         10.99001       -4.75421        6.14104
C         10.30170       -3.57638        7.79060
H         10.88397       -4.11975        8.52106
C          7.19602       -0.50469       12.22763
H          7.03570       -0.53351       13.29525
C          7.23621       -1.61603       10.10237
H          7.10328       -2.51178        9.51291
C          5.73846        5.74586        4.01338
H          5.37114        6.70664        3.68356
C          7.16498        3.84185        3.67617
H          7.90347        3.31894        3.08499
C          7.54895        0.68367       11.61026
H          7.65744        1.58662       12.19311
C          6.69689        5.07848        3.26792
H          7.07946        5.52184        2.35977
C          7.04462       -1.65562       11.47107
H          6.76671       -2.58647       11.94388
C          8.46073        2.15249        6.69232
H          9.23679        2.77101        6.22867
H          7.91973        2.76973        7.41897
C          9.02572        0.90006        7.34578
H          9.55447        1.11816        8.27896
H          9.73284        0.41255        6.66568
C          8.20777        1.02028        4.04643
C          7.48329        0.48113        2.98424
H          6.40531        0.51447        3.01913
C          9.59789        0.99590        3.99270
H         10.19560        1.43101        4.77999
C          8.12664       -0.08930        1.90344
H          7.54705       -0.51097        1.09576
C          9.51079       -0.13123        1.87026
H         10.02045       -0.58917        1.03552
C         10.24034        0.42133        2.90937
H         11.32061        0.40380        2.88019
C          3.11725        7.90717       13.82245
H          3.24283        8.46157       12.89706
H          2.22016        7.30324       13.72246
H          2.94244        8.62760       14.61682
C          4.36941        5.85078       15.80745
H          3.49329        5.21256       15.73923
H          5.22033        5.21513       16.03416
H          4.22434        6.51962       16.65136
C          6.19288        7.92398       14.34855
H          7.07992        7.32951       14.54661
H          6.37183        8.48353       13.43511
H          6.08905        8.64053       15.15869
P          3.85561        0.77535        5.36262
P          4.34562       -1.22899        7.57500
Si         6.90162       -6.41684       -1.16970
C          5.88470       -1.19154        5.06153
C          6.32318       -3.61212        2.17676
C          6.00474       -1.98337        4.13480
C          6.16785       -2.84399        3.11514
C          6.65665       -5.23201        0.21922
C          6.49778       -4.46199        1.15219
C          4.87807       -2.86313        8.17652
C          2.81160        2.23325        5.74451
C          3.94959        0.82831        3.54430
C          2.05311        2.93315        4.81325
H          2.07859        2.66112        3.76821
C          6.29917       -4.77571        7.83824
H          7.04881       -5.28945        7.25418
C          1.90867        3.61641        7.50104
H          1.85262        3.87109        8.54927
C          3.79707       -0.32319        2.77636
H          3.53740       -1.26123        3.24420
C          5.83490       -3.54111        7.42567
H          6.21878       -3.08609        6.52107
C          2.71008        2.56813        7.09227
H          3.27552        2.00157        7.82129
C          1.18508        4.33511        6.56355
H          0.56308        5.16152        6.87501
C          1.25077        3.98285        5.22579
H          0.66953        4.52694        4.49505
C          4.35430        0.90523        0.79038
H          4.51503        0.93326       -0.27720
C          4.31437        2.01786        2.91496
H          4.44783        2.91386        3.50392
C          5.80974       -5.34244        9.00464
H          6.17687       -6.30332        9.33437
C          4.38272       -3.43872        9.34143
H          3.64366       -2.91617        9.93222
C          4.00021       -0.28247        1.40835
H          3.89118       -1.18567        0.82601
C          4.85062       -4.67546        9.74957
H          4.46736       -5.11922       10.65723
C          4.50639        2.05650        1.54629
H          4.78521        2.98683        1.07301
C          3.08741       -1.74821        6.32651
H          2.31116       -2.36624        6.79048
H          3.62794       -2.36585        5.59984
C          2.52287       -0.49562        5.67293
H          1.99371       -0.71365        4.73998
H          1.81624       -0.00754        6.35314
C          3.34164       -0.61654        8.97254
C          4.06688       -0.07917       10.03513
H          5.14480       -0.11370       10.00000
C          1.95156       -0.59069        9.02651
H          1.35324       -1.02434        8.23888
C          3.42434        0.49086       11.11661
H          4.00451        0.91109       11.92461
C          2.04024        0.53421       11.15008
H          1.53122        0.99181       11.98539
C          1.30992       -0.01651       10.11054
H          0.22967        0.00211       10.13995
C          8.42883       -7.50250       -0.80721
H          8.30261       -8.06055        0.11590
H          9.32503       -6.89785       -0.70365
H          8.60564       -8.21968       -1.60407
C          7.17586       -5.44292       -2.78828
H          8.05093       -4.80346       -2.71813
H          6.32414       -4.80817       -3.01453
H          7.32269       -6.10996       -3.63332
C          5.35307       -7.51985       -1.33458
H          4.46590       -6.92523       -1.53164
H          5.17389       -8.08168       -0.42259
H          5.45755       -8.23439       -2.14642
