82
CSD_code = CIXMII | q = 0 | S = 0 | Stoichiometry = C30H46N3NbSi2 | MND = 5
Nb         9.02570       11.10912       12.21826
Si        11.54474       12.42688        9.93622
Si         9.64909       11.87448       15.59439
N          9.58040        9.46894       12.65154
N          8.11105       13.19389       11.61173
N          7.51546       10.68839       10.96891
C          9.89420        8.20130       12.95360
C         11.13253        7.63215       12.56305
C         11.40849        6.30770       12.85240
H         12.35707        5.89114       12.54203
C         10.49818        5.51538       13.52856
H         10.72646        4.48189       13.74266
C          9.29357        6.06532       13.93537
H          8.58266        5.45507       14.47536
C          8.97907        7.38340       13.66720
C         12.15464        8.47342       11.85651
H         11.68126        9.35604       11.42854
H         12.91788        8.80088       12.56411
H         12.64934        7.90221       11.07275
C          7.68984        7.97291       14.15003
H          7.29442        8.65817       13.40043
H          6.96129        7.19114       14.35261
H          7.86354        8.53618       15.06854
C          8.44522       14.40523       12.04741
H          9.14782       14.43841       12.87144
C          7.93249       15.56768       11.50711
H          8.23498       16.52865       11.89176
C          7.02417       15.46654       10.45925
H          6.60456       16.35213       10.00608
C          6.66509       14.20960       10.01497
H          5.95882       14.08252        9.20845
C          7.23126       13.08960       10.62200
C          6.86154       11.70356       10.18763
H          5.76308       11.60977       10.23772
H          7.11375       11.60212        9.11118
C          6.92636        9.41645       10.81904
C          7.58399        8.41659       10.08591
C          6.99643        7.16649        9.95935
H          7.50976        6.39951        9.39768
C          5.76999        6.89374       10.53531
H          5.32112        5.91820       10.42337
C          5.12714        7.87372       11.26750
H          4.17802        7.66037       11.73891
C          5.68952        9.13228       11.42336
C          8.92288        8.67489        9.46076
H          9.06976        9.73928        9.26947
H          9.70543        8.34120       10.14406
H          9.02058        8.12250        8.52773
C          4.99432       10.14896       12.28723
H          5.71495       10.85773       12.70177
H          4.24185       10.70334       11.72239
H          4.48484        9.64943       13.10910
C         11.02293       12.13287       11.72899
H         10.93310       13.12539       12.19271
H         11.85895       11.64415       12.24606
C         10.09353       13.06766        8.85379
H          9.29349       12.33472        8.78806
H          9.67387       13.99167        9.24413
H         10.42893       13.27098        7.84104
C         12.23315       10.86414        9.07170
H         11.52083       10.04530        9.07272
H         12.48511       11.08129        8.03751
H         13.13740       10.51522        9.55969
C         12.90834       13.77217        9.81774
H         12.56580       14.72660       10.20781
H         13.78917       13.48639       10.38410
H         13.21891       13.93253        8.78991
C          8.27266       11.68725       14.30399
H          7.71608       12.62969       14.21944
H          7.56046       10.93862       14.66167
C         10.93096       10.46218       15.46796
H         11.71940       10.56668       16.20779
H         10.46134        9.49483       15.61914
H         11.38755       10.44306       14.48027
C         10.56210       13.55270       15.38038
H         11.28294       13.70087       16.17850
H         11.10906       13.59512       14.44237
H          9.87302       14.39302       15.41112
C          8.93221       11.87710       17.37471
H          9.71767       12.00107       18.11309
H          8.21866       12.68268       17.51874
H          8.42179       10.94490       17.59444
