101
CSD_code = CUJJOH | q = 0 | S = 0 | Stoichiometry = C38H55N3OPSi2Y | MND = 6
Y         16.32992        8.53546       15.11134
N         15.52456       11.05973       15.44689
N         17.11015       10.33789       13.65354
N         18.66579        8.71362       13.52377
O         14.16013        8.56527       16.83503
P         16.53900       11.65869       14.37580
Si        14.46605        6.94958       12.42648
Si        17.92727        6.47756       17.58658
C         19.86209        8.26132       13.17009
H         20.04094        7.21305       13.37549
C         20.83570        9.05121       12.59051
H         21.79590        8.63815       12.32656
C         20.54307       10.39330       12.35954
H         21.27920       11.04424       11.90930
C         19.30526       10.88208       12.70403
H         19.02863       11.91274       12.53471
C         18.37320       10.01148       13.29238
C         17.94744       12.62479       15.05392
C         18.77379       11.93041       15.93036
H         18.52712       10.90202       16.17239
C         19.88355       12.54532       16.47706
H         20.52565       12.00194       17.15488
C         20.17111       13.86175       16.15042
H         21.03756       14.34676       16.57542
C         19.35050       14.55566       15.27661
H         19.57787       15.58069       15.02116
C         18.24062       13.93997       14.72355
H         17.60603       14.47752       14.03243
C         15.71129       12.79261       13.21073
C         15.69379       12.51294       11.85092
H         16.24302       11.65680       11.48421
C         14.97871       13.32545       10.98904
H         14.96688       13.11106        9.93021
C         14.27475       14.41132       11.48476
H         13.71405       15.04294       10.81132
C         14.28400       14.68747       12.84345
H         13.73007       15.53136       13.22831
C         14.99963       13.87971       13.70772
H         15.00663       14.07883       14.77104
C         14.45277       11.72135       16.04893
C         14.60837       12.39508       17.26764
C         13.50190       12.96177       17.88245
H         13.63595       13.48415       18.82049
C         12.23503       12.87170       17.32739
C         12.09012       12.18538       16.12858
H         11.10660       12.09907       15.68562
C         13.17212       11.61136       15.48395
C         15.96554       12.49917       17.89418
H         16.56281       13.25962       17.38759
H         16.49469       11.55018       17.80382
H         15.88866       12.76943       18.94509
C         12.99108       10.86676       14.19631
H         13.34642       11.46500       13.35580
H         11.94162       10.63330       14.02736
H         13.57503        9.94088       14.21282
C         11.04506       13.49740       17.99299
H         10.67906       14.33700       17.40168
H         11.30178       13.86283       18.98436
H         10.23251       12.77788       18.08483
C         14.20468        8.95681       18.20736
H         14.00278       10.03283       18.28208
H         15.21118        8.74723       18.57125
C         13.11865        8.14690       18.94236
H         12.44986        8.81266       19.48540
H         13.55343        7.44514       19.65050
C         12.38014        7.41860       17.81245
H         11.30176        7.40882       17.94936
H         12.73529        6.39232       17.72422
C         12.80366        8.21924       16.58193
H         12.76624        7.65261       15.65140
H         12.19977        9.13299       16.49119
C         15.34722        6.63264       14.06278
H         16.16735        5.92951       13.86606
H         14.66933        6.10181       14.74229
C         15.18215        8.50566       11.56689
H         14.97978        9.40879       12.13999
H         14.76530        8.64830       10.57350
H         16.26139        8.41741       11.45947
C         12.57973        7.21382       12.67004
H         12.12290        6.34900       13.14124
H         12.08334        7.36298       11.71641
H         12.36410        8.08021       13.28649
C         14.63213        5.50892       11.16850
H         15.67499        5.31788       10.93480
H         14.12202        5.72468       10.23458
H         14.21354        4.58934       11.56529
C         17.76689        8.25624       16.99942
H         18.76769        8.60482       16.70785
H         17.44575        8.90410       17.82552
C         19.00651        6.19099       19.15122
H         20.02222        6.54147       18.99588
H         19.06059        5.13911       19.41479
H         18.60703        6.72260       20.00975
C         16.19538        5.75659       17.99239
H         15.83595        6.11167       18.95344
H         16.21878        4.67229       18.03808
H         15.47109        6.04487       17.23332
C         18.71432        5.46389       16.16379
H         18.27732        5.74540       15.20693
H         18.57271        4.39623       16.29750
H         19.78304        5.64535       16.10508
