54
CSD_code = DANRIV | q = 0 | S = 0 | Stoichiometry = C18H26NO5PSi2W | MND = 6
W          8.39881        9.19945       11.55614
P          9.33043        7.05184       12.31935
H          9.10830        5.97042       11.45711
Si         9.49988        7.22234       15.42913
Si         7.25673        5.36383       13.86223
O          7.32881       11.91916       10.44004
O          6.95648        7.76120        9.16813
O         10.85705        9.47072        9.62450
O         10.07480       10.86208       13.62017
O          5.74054        9.04080       13.21561
N         11.00511        7.09859       12.13764
H         11.41359        8.01964       12.24765
C          9.01027        6.17514       13.89064
H          9.72669        5.34541       13.87295
C          6.46543        5.46401       12.13063
H          6.95908        4.81615       11.41205
H          6.50419        6.48024       11.74313
H          5.42110        5.16831       12.16614
C          6.03411        6.13362       15.10059
H          5.10816        5.56698       15.09406
H          5.78766        7.15864       14.84889
H          6.41580        6.12082       16.11514
C          7.53842        3.52855       14.31045
H          6.59566        2.99354       14.35336
H          8.01578        3.42778       15.27986
H          8.16663        3.02297       13.58296
C          8.34497        8.70135       15.75119
H          7.45698        8.41034       16.30081
H          8.02346        9.17177       14.82574
H          8.85820        9.45671       16.33892
C          9.47963        6.03157       16.91920
H          9.66836        6.57416       17.83912
H         10.24772        5.27022       16.82805
H          8.52742        5.52449       17.02757
C         11.28992        7.87149       15.26946
H         11.35888        8.70736       14.57998
H         11.97506        7.09848       14.93253
H         11.64692        8.22245       16.23344
C         11.92888        6.06591       12.29730
C         11.56725        4.72971       12.15290
H         10.54538        4.47414       11.91245
C         12.51468        3.73209       12.28733
H         12.21831        2.69997       12.17153
C         13.83369        4.04692       12.56540
H         14.56895        3.26465       12.67361
C         14.20318        5.37540       12.69519
H         15.23088        5.63451       12.90193
C         13.26168        6.37748       12.56368
H         13.55528        7.41373       12.66100
C          7.71133       10.92534       10.85566
C          7.45370        8.25134       10.07136
C          9.97843        9.35250       10.34534
C          9.42844       10.21820       12.92936
C          6.74581        9.07313       12.67098
