78
CSD_code = DIDROZ | q = 0 | S = 0 | Stoichiometry = C24H48N3ScSi2 | MND = 5
C          8.51836        2.37711       13.05339
C          8.81633        2.11829       14.37283
H          9.76425        1.80881       14.77211
C          7.62817        2.33261       15.10038
H          7.49868        2.22350       16.16122
C          6.67341        2.71502       14.18496
C          5.23526        3.11122       14.35803
H          4.84264        2.67605       15.28661
H          5.15761        4.20426       14.44363
C          4.27338        1.24641       13.13055
H          5.24513        0.77561       13.30065
H          3.93083        0.98259       12.12329
C          3.26333        0.71529       14.15456
H          3.64171        0.86068       15.16793
H          3.14251       -0.35820       14.00089
C          1.92413        1.42888       14.00169
H          1.49605        1.19587       13.02347
H          1.22214        1.08918       14.76588
C          2.14494        2.93394       14.11050
H          2.50319        3.18412       15.11082
H          1.20877        3.47047       13.94729
C          3.16856        3.37908       13.06124
H          2.76687        3.16291       12.06388
H          3.32992        4.45859       13.13260
C          9.35060        2.23865       11.81066
H          9.26221        1.21590       11.42322
H         10.40726        2.40511       12.05587
C          9.39468        4.51494       10.96298
H          8.82609        5.19287       10.31577
H          9.21778        4.79641       12.00559
C         10.88578        4.65938       10.63239
H         11.48971        4.08528       11.33739
H         11.16766        5.70810       10.73908
C         11.16346        4.17536        9.21257
H         10.64386        4.81994        8.49924
H         12.23245        4.22692        8.99645
C         10.65579        2.74484        9.06144
H         10.79702        2.39629        8.03704
H         11.21689        2.08077        9.72165
C          9.16537        2.69447        9.41077
H          8.78153        1.67632        9.30176
H          8.62090        3.33896        8.71043
C          5.86772        5.60735       11.24721
H          5.06866        5.82489       11.97708
H          6.77398        6.06784       11.67790
C          3.69379        5.96482        9.08318
H          3.62953        4.88001        9.04707
H          3.45465        6.34452        8.09511
H          2.92385        6.31769        9.76230
C          6.69813        6.04531        8.29384
H          7.67155        6.49078        8.47850
H          6.37261        6.38007        7.31417
H          6.82442        4.96346        8.24970
C          5.41995        8.44096        9.74928
H          4.69339        8.79411       10.47497
H          5.16925        8.88870        8.79204
H          6.39022        8.82806       10.04663
C          5.26848        2.13600        9.52540
H          4.17291        2.25021        9.59634
H          5.52275        2.60344        8.56056
C          6.70665       -0.34335       10.81312
H          6.92034        0.46265       11.52061
H          7.65577       -0.73925       10.46265
H          6.21568       -1.14100       11.36250
C          4.02619       -0.78556        9.35356
H          3.45768       -0.65085       10.26955
H          4.25617       -1.84317        9.26686
H          3.37554       -0.52344        8.52500
C          6.55329       -0.13322        7.73076
H          5.92796        0.04332        6.86144
H          6.86217       -1.17387        7.70549
H          7.44493        0.47664        7.61696
N          7.20868        2.74259       12.92745
N          4.46691        2.70489       13.16415
N          8.85641        3.15957       10.76703
Sc         6.19399        3.34799       11.21409
Si         5.43355        6.52362        9.65874
Si         5.61766        0.28720        9.35156
