72
CSD_code = DIFPIU | q = 0 | S = 0 | Stoichiometry = C24H37Cl5NOP2SiV | MND = 5
V          8.04040        9.68049        9.04905
Cl        10.30847       10.47491       10.04721
Cl        12.84045       10.27607       11.87433
Cl        13.87300        7.46535       12.77687
Cl        12.36034        4.90721       11.84283
Cl         9.83119        5.15353       10.03093
P          9.26126        9.25041        7.06394
P          7.26329        9.09575       11.17577
Si         4.72431        9.13737        7.95662
O          9.13992        7.92031        9.38613
N          7.58550       11.21887        8.94552
C          7.35863       12.53273        8.87429
C          6.82172       13.11590        7.69715
C          6.60841       14.48065        7.63579
C          6.89772       15.30465        8.70929
H          6.72228       16.36793        8.64609
C          7.41018       14.74778        9.86783
H          7.63544       15.38135       10.71454
C          7.64730       13.38913        9.96950
C          6.48098       12.25391        6.51981
H          6.67905       11.21186        6.76857
H          5.42903       12.36925        6.26536
H          7.06678       12.55328        5.65092
C          8.21500       12.83029       11.24031
H          8.00943       11.76086       11.29390
H          9.29545       12.98108       11.26961
H          7.78353       13.33195       12.10540
C         10.16861        7.82007       10.11595
C         10.90407        8.95039       10.56231
C         12.02102        8.85041       11.36766
C         12.48103        7.59893       11.77204
C         11.79926        6.45701       11.35129
C         10.67949        6.56592       10.54762
C          6.50595        8.83967        8.45700
C          4.06659       10.83412        8.55684
H          3.60143       11.39199        7.75116
H          3.32166       10.72371        9.33958
H          4.88256       11.43311        8.94966
C          4.54411        8.98459        6.04824
H          3.52514        9.19560        5.73895
H          5.19830        9.67402        5.52460
H          4.78386        7.97984        5.71250
C          3.57724        7.77986        8.69845
H          2.56038        7.88740        8.33338
H          3.91533        6.78426        8.42589
H          3.53816        7.82812        9.78349
C          8.84334        7.60971        6.36726
H          7.79596        7.61965        6.06524
H          9.47600        7.39056        5.50564
H          8.98408        6.84592        7.12939
C          9.13593       10.25637        5.52566
H          8.11539       10.20750        5.15219
H          9.37696       11.29363        5.75341
H          9.81928        9.88149        4.76301
C         11.09724        9.11765        7.14309
H         11.40011        8.40806        7.91196
H         11.47964        8.77861        6.17925
H         11.52477       10.09394        7.37432
C          5.73800        9.91549       11.78030
H          4.97757        9.80611       11.01028
H          5.40101        9.45744       12.71126
H          5.91702       10.97705       11.93678
C          8.31410        9.17373       12.69859
H          9.12138        8.44445       12.62177
H          8.75044       10.16453       12.81960
H          7.70770        8.94104       13.57483
C          6.73004        7.34832       11.30120
H          5.86210        7.20167       10.66031
H          7.52964        6.69052       10.96562
H          6.47394        7.10845       12.33450
H          6.20152       14.90347        6.72773
H          6.72264        7.76744        8.42164
