70
CSD_code = DIZJOL | q = 0 | S = 0 | Stoichiometry = C32H34ClPSiZr | MND = 12
Zr         3.33954        3.65820        7.33201
Cl         2.30791        1.49013        7.56903
C          5.03913        3.74791        5.54646
C          4.53505        2.42633        5.47992
C          3.22700        2.49069        4.96297
C          2.90970        3.83652        4.72711
C          5.15687        4.12448        8.59860
Si         6.31378        5.61940        8.52163
C          5.79895        6.70806       10.01448
C          8.18662        5.27424        8.74903
C          6.12961        6.70468        6.94857
P          3.45659        2.27044       10.09464
C          4.95826        1.71902        9.18117
C          5.67228        2.75075        8.51235
C          6.82051        2.37301        7.80225
C          7.20746        1.04860        7.70810
C          6.46617        0.05219        8.32170
C          5.34365        0.39408        9.06095
C          4.02615        4.62050        5.08386
C          1.80957        5.63853        6.86147
C          0.98902        4.53457        7.17882
C          1.18305        4.23215        8.54365
C          2.14431        5.12118        9.05853
C          2.54681        5.98348        8.01183
C          4.24788        2.95841       11.62019
C          3.36732        3.42007       12.59433
C          3.84020        3.99236       13.75953
C          5.20535        4.12209       13.95891
C          6.08861        3.67265       12.99177
C          5.61550        3.09484       11.82675
C          2.88838        0.70697       10.87472
C          1.62101        0.22477       10.57203
C          1.14638       -0.92435       11.18035
C          1.93123       -1.59610       12.10159
C          3.19222       -1.11433       12.41653
C          3.66871        0.03337       11.81192
H          6.07026        4.01985        5.71707
H          5.09342        1.51729        5.67241
H          2.60462        1.64177        4.71381
H          2.01218        4.19183        4.23762
H          4.15095        5.67399        4.87250
H          1.77535        6.21011        5.94323
H          0.23947        4.08622        6.53578
H          0.62096        3.50401        9.11419
H          2.42315        5.21921       10.10079
H          3.16454        6.86380        8.12556
H          4.73468        6.92238       10.01417
H          6.02674        6.21290       10.95396
H          6.32258        7.65829       10.01153
H          8.35835        4.43148        9.41109
H          8.68746        5.06277        7.80949
H          8.67797        6.13798        9.18630
H          6.62230        6.27879        6.08057
H          5.08744        6.87348        6.69120
H          6.58214        7.67610        7.12343
H          7.42212        3.13087        7.32369
H          8.09625        0.79228        7.14936
H          6.76056       -0.98243        8.23350
H          4.76498       -0.38147        9.54142
H          2.30194        3.31684       12.42797
H          3.14726        4.34251       14.51081
H          5.57934        4.57397       14.86579
H          7.15370        3.77296       13.14485
H          6.31325        2.74637       11.07794
H          1.01502        0.74498        9.84468
H          0.16170       -1.29550       10.93578
H          1.56228       -2.49348       12.57665
H          3.80574       -1.63540       13.13757
H          4.65030        0.41020       12.06507
H          4.65236        4.24066        9.56975
