68
CSD_code = DODZAY | q = 0 | S = 0 | Stoichiometry = C28H34CrO4Si | MND = 9
Cr         6.07935       10.43377       20.55940
Si         5.94950       13.35413       22.84325
O          2.97298        9.12496       19.61702
O          7.24048        7.78603       19.86830
O          7.94110       11.17808       18.36216
O          8.66487       10.28559       22.01513
C          7.37805       14.04245       21.78851
C          6.61605       12.56807       24.44405
C          4.66006       14.70926       23.24325
C          3.70732       10.08893       20.21703
C          4.12454        9.78861       21.54109
C          4.75492       10.75288       22.32630
C          5.07501       12.02658       21.80627
C          4.76018       12.26395       20.46540
C          4.05426       11.32740       19.67823
C          2.47382        9.30456       18.28118
C          3.66613        9.48634       17.35472
C          3.67325       10.32568       16.24536
C          4.80594       10.45044       15.45995
C          5.95326        9.73896       15.76254
C          5.95556        8.88976       16.85414
C          4.82377        8.76611       17.63955
C          1.63757        8.02329       17.93069
C          1.29196        8.14275       16.43314
C          0.24136        9.26811       16.38678
C          0.10388        9.66281       17.86175
C          1.38443       10.40825       18.25288
C          0.25757        8.31319       18.58663
C          0.23568        8.41217       20.11216
C         -0.83508        7.30069       18.23025
C          2.31182        6.71544       18.29203
C          6.72098        8.79219       20.11895
C          7.63678       10.36714       21.48384
C          7.18422       10.92370       19.20089
H          8.02920       14.67967       22.37818
H          7.01808       14.63419       20.95224
H          7.98034       13.23309       21.38329
H          7.17983       13.29606       25.01830
H          7.28304       11.74057       24.22159
H          5.82131       12.19843       25.08548
H          5.11825       15.51281       23.81036
H          3.83552       14.32099       23.83427
H          4.24061       15.14418       22.34085
H          3.80899        8.84095       21.96217
H          4.93952       10.54079       23.37250
H          4.95317       13.24080       20.03633
H          3.74506       11.60611       18.68079
H          2.79608       10.89217       15.97037
H          4.78659       11.11105       14.60533
H          6.83642        9.84567       15.15221
H          6.83783        8.32148       17.10336
H          4.83927        8.09414       18.48317
H          2.17243        8.37020       15.83569
H          0.89405        7.19774       16.06641
H         -0.70952        8.92301       15.98299
H          0.56558       10.11025       15.77610
H         -0.80253       10.22428       18.08658
H          1.28658       10.85537       19.24345
H          1.60348       11.21435       17.55548
H         -0.76437        8.69402       20.43869
H          0.93656        9.13376       20.51047
H          0.47322        7.44358       20.54600
H         -1.80329        7.70172       18.52483
H         -0.67564        6.37611       18.78064
H         -0.88061        7.05973       17.17551
H          3.19067        6.55971       17.67063
H          1.62530        5.88853       18.12630
H          2.61559        6.71663       19.33504
