71
CSD_code = DOPSEH | q = 0 | S = 0 | Stoichiometry = C23H43OScSi3 | MND = 8
Sc         5.53586        3.75299        7.01900
Si         4.58110        1.47113        3.90936
Si         7.51035        6.39316        8.32331
Si         7.10090        1.32278        9.12144
O          3.52468        3.14580        7.96871
C          3.80361        4.05526        5.09249
C          4.83647        3.15921        4.66929
C          6.02662        3.94034        4.60432
H          6.95619        3.60021        4.16414
C          5.78260        5.25104        5.03503
H          6.47200        6.07972        4.96389
C          4.39382        5.34929        5.34606
C          3.57212        6.43056        5.70692
H          4.00415        7.40742        5.88360
C          2.21290        6.24143        5.78757
H          1.56796        7.06925        6.04752
C          1.63478        4.99236        5.50888
H          0.55809        4.89602        5.54762
C          2.40996        3.90932        5.16928
H          1.95306        2.95850        4.92299
C          3.57610        1.59535        2.29372
H          4.10487        2.17874        1.54517
H          2.61683        2.07610        2.45813
H          3.38558        0.61312        1.87179
C          6.26274        0.66464        3.53112
H          6.88410        0.59753        4.41884
H          6.81263        1.22804        2.78314
H          6.12870       -0.34102        3.14605
C          5.94189        5.35452        8.51864
H          5.07090        6.03316        8.50317
H          5.94951        4.89912        9.52104
C          7.13297        8.07922        7.49001
H          6.56380        8.72514        8.15145
H          6.55391        7.95227        6.58067
H          8.04623        8.60433        7.22736
C          8.77040        5.43926        7.21972
H          8.98265        5.97241        6.29833
H          8.37966        4.45184        6.95395
H          9.71641        5.29178        7.72952
C          8.39561        6.79081        9.97793
H          8.68408        5.88137       10.49598
H          7.75316        7.35708       10.64519
H          9.29646        7.37500        9.81663
C          6.54666        1.79738        7.38368
H          5.86764        1.01625        6.99850
H          7.43883        1.75350        6.73614
C          5.65664        1.51837       10.37261
H          4.93900        0.70730       10.29217
H          5.12928        2.45519       10.20924
H          6.02367        1.52114       11.39381
C          7.71750       -0.48809        9.30035
H          8.58206       -0.66916        8.66924
H          6.94993       -1.20039        9.01179
H          8.00615       -0.71509       10.32220
C          8.52145        2.47131        9.68703
H          8.22804        3.51394        9.60831
H          9.40521        2.33187        9.07287
H          8.80689        2.27782       10.71640
C          2.94444        1.82788        7.92002
H          3.71250        1.10458        8.20346
H          2.61861        1.63137        6.89136
C          1.75515        1.84212        8.87461
H          0.98966        1.12569        8.58799
H          2.08137        1.62691        9.89264
C          1.29451        3.29168        8.76212
H          0.69927        3.62151        9.60963
H          0.72588        3.43946        7.84411
C          2.62823        4.02284        8.67336
H          2.56036        4.96616        8.12494
H          3.03682        4.21101        9.67499
H          3.83033        0.56915        4.83247
