81
CSD_code = DOPZOA | q = 0 | S = 0 | Stoichiometry = C25H50FeNP3Si | MND = 4
Fe        -0.66133       -2.21477       -3.53686
Si         2.00311       -2.31143       -5.88840
P         -0.70420       -3.53929       -5.17631
P         -0.16282       -0.51173       -4.68121
P          1.30493       -2.65688       -2.92730
N         -1.75436       -2.27154       -2.33527
C          3.44453       -2.36508       -7.14917
C         -2.54773       -2.38222       -1.25715
C         -3.11613       -1.21545       -0.68188
C         -2.83984       -3.64929       -0.69527
C         -3.70638       -3.72495        0.37924
C         -4.27528       -2.58763        0.92312
C         -3.97397       -1.34410        0.39224
C          0.49752       -3.27401       -6.56089
H         -0.01001       -2.67069       -7.31699
H          0.75503       -4.23591       -7.00748
C         -2.78976        0.12079       -1.30382
H         -1.75324        0.05978       -1.66572
C         -2.23759       -4.89615       -1.29580
H         -1.45842       -4.57552       -2.00071
C          2.54894       -3.08561       -4.22921
H          2.55514       -4.17431       -4.31898
H          3.53926       -2.76390       -3.90178
C          1.46404       -0.50858       -5.57087
H          2.18757       -0.02245       -4.91249
H          1.37545        0.08807       -6.48057
C          4.02254       -3.77228       -7.22169
C          2.94321       -1.96539       -8.53066
C          4.54435       -1.40058       -6.72521
C         -3.30718       -5.66392       -2.07661
H         -4.12914       -5.94854       -1.42259
H         -2.88775       -6.56885       -2.51481
H         -3.70467       -5.04059       -2.87578
C         -2.89717        1.29620       -0.33631
H         -3.93507        1.50864       -0.08886
H         -2.47408        2.18917       -0.79391
H         -2.35220        1.09063        0.58285
C         -3.69609        0.33731       -2.52070
C         -1.59106       -5.79083       -0.23830
H         -0.89352       -5.21878        0.37017
H         -1.04633       -6.60309       -0.71720
H         -2.33944       -6.22866        0.41816
C         -2.26275       -3.72179       -6.13983
H         -3.01045       -4.15556       -5.47370
H         -2.11783       -4.36833       -7.00756
H         -2.61582       -2.74121       -6.45856
C          1.58562       -4.04595       -1.75420
H          2.65180       -4.20451       -1.57993
H          1.13241       -4.95683       -2.14420
H          1.08783       -3.78803       -0.81811
C         -0.40587       -5.32851       -4.87079
H          0.59653       -5.47113       -4.46825
H         -0.51930       -5.90315       -5.79179
H         -1.13392       -5.66865       -4.13391
C         -0.04738        1.13344       -3.85888
H         -1.05533        1.43629       -3.57512
H          0.38517        1.87551       -4.53302
H          0.55719        1.05286       -2.95567
C          2.24284       -1.37309       -2.00417
H          1.63491       -1.07523       -1.14762
H          2.40360       -0.50365       -2.64054
H          3.20271       -1.76191       -1.65971
C         -1.26049        0.00230       -6.06648
H         -1.25529       -0.75944       -6.84530
H         -0.93818        0.95791       -6.48362
H         -2.27415        0.09602       -5.67261
H         -3.94779       -4.68977        0.80168
H          3.76122       -1.97043       -9.25062
H          2.51646       -0.96568       -8.51364
H          4.17291       -0.37948       -6.69955
H          3.26055       -4.48928       -7.51691
H         -4.95344       -2.66785        1.76056
H         -4.42328       -0.46515        0.82895
H          4.42382       -4.07458       -6.25789
H          4.82908       -3.81713       -7.95315
H          5.37825       -1.43978       -7.42565
H          4.92241       -1.65367       -5.73787
H         -4.74371        0.28243       -2.22988
H         -3.49637       -0.43431       -3.26499
H         -3.51130        1.31235       -2.96961
H          2.18197       -2.65805       -8.87997
