53
CSD_code = EDUMAR | q = 0 | S = 0 | Stoichiometry = C20H30Si2Zr | MND = 14
Zr         1.22653        9.90288        3.73949
Si        -1.29621       10.00454        0.82402
Si         4.99408       10.62856        3.34296
C          3.46364        9.67118        2.83163
C          2.55997       10.21826        1.88856
C          1.41863       10.57932        1.54751
C          0.05456       10.83162        1.83014
C          0.88397        7.97092        5.35557
H          0.99159        8.01030        6.43270
C          1.88802        7.57992        4.44618
H          2.89346        7.27322        4.71222
C          1.29124        7.45924        3.16889
H          1.76305        7.05354        2.28190
C         -0.06961        7.80356        3.28774
H         -0.82230        7.65970        2.52946
C         -0.32204        8.12517        4.64049
H         -1.30118        8.29014        5.07513
C          1.56052       10.88479        6.04112
H          2.05622       10.40290        6.87594
C          2.17418       11.76659        5.12319
H          3.20326       12.08606        5.15781
C          1.16222       12.34147        4.32915
H          1.30076       13.14496        3.61565
C         -0.07958       11.80503        4.74409
H         -1.05888       12.13160        4.41238
C          0.16870       10.92221        5.81506
H         -0.58792       10.46322        6.43969
C          4.75774       12.49984        2.99344
H          5.36296       12.80803        2.14680
H          5.04496       13.12138        3.83596
H          3.72125       12.72093        2.74897
C          5.24215       10.21636        5.20943
H          4.33810        9.78995        5.64686
H          5.51530       11.09140        5.79104
H          6.04110        9.49250        5.33594
C          6.61128       10.10455        2.45368
H          6.81274        9.04708        2.59682
H          7.46713       10.65379        2.83453
H          6.55462       10.28416        1.38422
C         -0.62018        8.43254       -0.04291
H         -0.51400        8.60229       -1.10971
H         -1.27251        7.57373        0.08160
H          0.36185        8.16883        0.34333
C         -2.06291       11.10386       -0.54864
H         -2.46325       12.02461       -0.13478
H         -2.87626       10.59435       -1.05645
H         -1.32649       11.37654       -1.29866
C         -2.70753        9.64582        2.08723
H         -2.34881        9.72145        3.11514
H         -3.13928        8.65852        1.95547
H         -3.51593       10.36052        1.96836
H          3.72024        8.62734        2.60053
H         -0.15166       11.90572        1.94332
