61
CSD_code = EMAGII | q = 0 | S = 0 | Stoichiometry = C23H33BCl2SiZr | MND = 12
Zr         6.12851        6.06549        5.71891
Cl         5.06666        5.18792        3.83152
Cl         7.74624        4.38334        5.77635
Si         4.63773        8.81568        6.73556
C          6.17662        8.50087        5.67147
C          7.43166        8.07921        6.20351
H          7.81746        8.33604        7.18440
C          8.17485        7.46355        5.17459
H          9.20823        7.14254        5.23860
C          7.37985        7.45791        4.00663
H          7.69349        7.11726        3.02621
C          6.15199        8.08354        4.31325
H          5.36552        8.30393        3.59984
C          4.91719       10.08662        8.12561
H          5.07449       11.07732        7.71364
H          5.78094        9.84100        8.73419
H          4.05423       10.13381        8.78058
C          3.13077        9.22051        5.64316
H          2.22131        9.25125        6.23312
H          2.99717        8.47763        4.86106
H          3.24460       10.18862        5.16800
C          4.56008        7.02321        7.34690
C          5.59724        6.42843        8.11911
H          6.21747        6.94727        8.84133
C          5.55777        5.03132        7.93667
H          6.15096        4.29844        8.47215
C          4.52121        4.73485        7.01396
C          3.91077        5.96198        6.65178
H          3.03085        6.06057        6.02376
C          4.10757        3.36110        6.56597
H          4.98495        2.70340        6.55019
H          3.69901        3.41154        5.55044
C          3.04449        2.77265        7.50541
H          3.44908        2.72877        8.51839
H          2.18185        3.44133        7.52099
C          2.60576        1.37515        7.06505
H          3.48795        0.72812        7.02187
H          2.25559        1.43106        6.02855
B          1.49098        0.66992        7.92379
C          0.71943        1.26848        9.16160
H          1.01385        2.28781        9.43484
C          1.02951        0.38777       10.39035
H          2.08543        0.53833       10.63269
H          0.44549        0.73538       11.24731
C          0.78183       -1.10974       10.19880
H         -0.27930       -1.32469       10.30530
H          1.28497       -1.64641       11.00929
C          1.29177       -1.66508        8.86769
H          2.37983       -1.76191        8.92367
H          0.88210       -2.66881        8.72338
C          0.97831       -0.79412        7.63319
H          1.46770       -1.28078        6.78093
C         -0.52362       -0.72384        7.28771
H         -0.60628       -0.21907        6.32089
H         -0.91983       -1.73547        7.16209
C         -1.38959        0.02326        8.30395
H         -2.35135        0.25024        7.83320
H         -1.61082       -0.62616        9.14828
C         -0.78051        1.33426        8.80461
H         -1.34940        1.67840        9.67310
H         -0.88996        2.09090        8.02236
