93
CSD_code = EPAKAJ | q = 1 | S = 0 | Stoichiometry = C39H48FeNP2Si2(1+) | MND = 8
Fe         6.18632       12.79033        0.15333
P          7.59862       11.15100       -0.15281
C          9.25303       11.90190       -0.57027
H         10.05755       11.17326       -0.43702
H          9.21030       12.20291       -1.62306
C          9.45470       13.11601        0.32327
H         10.33705       13.70182        0.05167
H          9.58149       12.80081        1.36238
C          8.10801       10.05164        1.21048
C          8.37051        8.69682        1.04276
H          8.23547        8.23109        0.07785
C          8.79617        7.93693        2.11839
H          8.99451        6.88465        1.98264
C          8.96529        8.51827        3.36403
H          9.29554        7.92044        4.19932
C          8.70399        9.86806        3.53775
H          8.83157       10.32403        4.50831
C          8.27337       10.62765        2.46654
H          8.04775       11.67719        2.59611
C          7.34417       10.05429       -1.58093
C          6.05085        9.94706       -2.07973
H          5.26288       10.50332       -1.59493
C          5.78742        9.14628       -3.17607
H          4.78046        9.06666       -3.55751
C          6.81663        8.44578       -3.78396
H          6.61440        7.81710       -4.63753
C          8.10926        8.55305       -3.29558
H          8.91173        8.00791       -3.76924
C          8.37771        9.35541       -2.20086
H          9.38946        9.43115       -1.82989
P          7.91674       14.14347        0.23053
C          8.26871       15.35125        1.54820
C          8.30968       14.88707        2.86080
H          8.12840       13.84018        3.06360
C          8.58056       15.75271        3.90268
H          8.61241       15.38401        4.91700
C          8.80899       17.09523        3.64357
H          9.01643       17.77370        4.45645
C          8.77374       17.56289        2.34101
H          8.95700       18.60671        2.13653
C          8.50418       16.69783        1.29431
H          8.48423       17.06985        0.28023
C          8.14204       15.13129       -1.28585
C          7.02678       15.87715       -1.66348
H          6.14261       15.82437       -1.04625
C          7.05121       16.66109       -2.79996
H          6.18348       17.24170       -3.07505
C          8.19331       16.69839       -3.58592
H          8.22030       17.30854       -4.47587
C          9.30109       15.95041       -3.22532
H         10.19123       15.97766       -3.83568
C          9.28068       15.16807       -2.08182
H         10.16227       14.60134       -1.82445
C          4.56683       13.97809        0.87720
C          4.04724       12.81027        0.26359
H          3.35794       12.81695       -0.56419
C          4.51885       11.64893        0.91457
C          5.34233       12.11781        1.99139
H          5.75239       11.48312        2.75776
C          5.35470       13.51779        1.97724
H          5.80521       14.16143        2.71330
Si         3.81069       15.69263        0.66197
C          2.17819       15.64533        1.64455
H          2.35414       15.46521        2.70095
H          1.51717       14.86211        1.28471
H          1.64769       16.58863        1.55785
C          4.95995       17.02578        1.38671
H          5.92369       17.07376        0.89053
H          5.14850       16.84675        2.44094
H          4.50011       18.00523        1.30439
C          3.45337       15.95094       -1.19857
H          2.39763       15.81001       -1.40730
H          4.00634       15.25283       -1.82071
H          3.70969       16.95597       -1.51740
Si         3.69452        9.94834        0.86141
C          4.97568        8.56493        1.10517
H          5.54741        8.70271        2.01751
H          5.67790        8.51548        0.27861
H          4.48274        7.60080        1.17387
C          2.47944        9.99645        2.33074
H          1.75788       10.80165        2.22641
H          2.99718       10.14146        3.27425
H          1.92470        9.06594        2.40203
C          2.74649        9.70883       -0.77856
H          3.17529        8.90393       -1.36651
H          2.73933       10.60118       -1.39662
H          1.71193        9.44704       -0.58170
N          6.07345       13.00284       -1.61393
C          5.88466       13.16530       -2.74039
C          5.67602       13.36233       -4.14132
H          6.26149       14.21746       -4.48165
H          4.62062       13.55255       -4.33665
H          5.98494       12.47165       -4.68937
