124
CSD_code = FEFRUG | q = 0 | S = 0 | Stoichiometry = C36H76NbO2P3Si6 | MND = 6
Nb         3.78134       14.37442       16.79857
P          4.49741       12.16670       15.89926
P          6.04231       15.11042       16.10776
P          3.16462       14.85838       14.42902
Si         1.54093       13.89256       17.59353
Si         0.59805       16.92964       20.47657
Si        -1.01645       17.48771       17.62537
Si         0.50918       10.31926       19.46634
Si        -1.50184       10.45917       16.83256
Si         5.84817       13.56335       13.42590
O          3.32969       17.29690       17.84770
O          4.89200       13.78380       19.67724
C         -0.15965       13.81371       18.42555
C         -0.74426       14.99110       18.91999
C         -1.98850       14.93710       19.53288
H         -2.40919       15.86433       19.87746
C         -2.67187       13.74205       19.69995
C         -2.07656       12.58226       19.21274
H         -2.57596       11.63310       19.31972
C         -0.85185       12.60009       18.56971
C         -0.04747       16.30086       18.77554
H          0.88201       16.11821       18.22597
C          1.33630       18.67389       20.28822
H          2.09137       18.67658       19.51098
H          1.81082       18.99659       21.20968
H          0.58507       19.41241       20.02804
C          1.93857       15.68341       21.00270
H          1.52055       14.68913       21.12905
H          2.41155       15.96179       21.93916
H          2.71474       15.61310       20.24404
C         -0.75283       16.98824       21.82991
H         -1.58999       17.61851       21.54835
H         -0.34367       17.38617       22.75364
H         -1.13775       15.99682       22.04359
C          0.20318       18.74201       16.86441
H          0.25051       19.65515       17.44718
H         -0.08263       19.01632       15.85330
H          1.20625       18.33032       16.82789
C         -1.73381       16.40270       16.22152
H         -0.93939       15.86230       15.71423
H         -2.26486       16.99073       15.47906
H         -2.42365       15.66315       16.61477
C         -2.44310       18.44070       18.46792
H         -3.26628       17.78618       18.73420
H         -2.83873       19.20499       17.80540
H         -2.10533       18.93501       19.37314
C         -4.03168       13.65434       20.37538
C         -3.92554       12.73341       21.59902
H         -3.62696       11.72904       21.31217
H         -4.88473       12.67172       22.10974
H         -3.18736       13.12274       22.29725
C         -5.05017       13.07831       19.38097
H         -5.11578       13.71535       18.50102
H         -6.03551       13.02169       19.83980
H         -4.76657       12.08017       19.05835
C         -4.54583       15.01716       20.84725
H         -3.86549       15.46289       21.56852
H         -5.51492       14.89452       21.32789
H         -4.67021       15.69813       20.00856
C         -0.27538       11.32978       18.02750
H          0.57854       11.61231       17.40058
C          1.99124       11.31232       20.13538
H          2.72089       11.53871       19.36174
H          2.50517       10.77788       20.92859
H          1.66537       12.26404       20.54226
C          1.12941        8.62909       18.82210
H          0.31367        7.99754       18.48710
H          1.65513        8.09351       19.60619
H          1.81707        8.74259       17.99087
C         -0.71602       10.00498       20.89384
H         -1.05394       10.94205       21.32370
H         -0.24385        9.43195       21.68640
H         -1.59114        9.45159       20.56933
C         -2.55601       11.79358       15.96536
H         -3.21327       12.29274       16.66899
H         -3.17233       11.37129       15.17733
H         -1.92545       12.55758       15.52086
C         -0.47931        9.55436       15.49532
H          0.07156       10.25965       14.88092
H         -1.12091        8.98125       14.83384
H          0.23614        8.86769       15.93328
C         -2.65856        9.17797       17.65179
H         -2.09854        8.42534       18.19680
H         -3.25268        8.66431       16.90159
H         -3.35099        9.63981       18.34769
C          5.10769       11.95650       14.15049
H          4.24676       11.65552       13.54842
H          5.82927       11.13584       14.12814
C          3.39044       10.68907       15.98849
H          3.14988       10.51449       17.03734
H          3.87113        9.80498       15.56612
H          2.46118       10.89067       15.45601
C          5.92792       11.44067       16.80549
H          6.80247       12.07905       16.68947
H          6.16146       10.43495       16.45157
H          5.66494       11.40842       17.86391
C          7.01789       14.34888       14.71463
H          7.66173       13.57830       15.14479
H          7.66268       15.11132       14.27144
C          6.14395       16.88085       15.61844
H          5.57642       17.05500       14.70518
H          7.17938       17.19357       15.47028
H          5.69415       17.46694       16.42093
C          7.32498       15.14729       17.42283
H          6.95250       15.79184       18.22061
H          8.27667       15.52839       17.04649
H          7.46288       14.14787       17.83564
C          4.42380       14.78743       13.05825
H          4.83764       15.79306       12.95081
H          3.91194       14.54149       12.12467
C          2.40813       16.49995       14.06307
H          1.47767       16.57294       14.62768
H          2.21063       16.62659       12.99703
H          3.07352       17.28934       14.41188
C          1.84202       13.81493       13.66340
H          2.16265       12.77448       13.63088
H          1.60505       14.15302       12.65364
H          0.95349       13.88172       14.29258
C          6.78990       13.17578       11.82291
H          7.16900       14.08081       11.36407
H          6.14826       12.68333       11.10241
H          7.63362       12.52395       12.01406
C          3.46300       16.19617       17.45601
C          4.43527       13.97939       18.61805
