72
CSD_code = FERNEX | q = 0 | S = 0 | Stoichiometry = C26H42Si3Zr | MND = 14
Zr        12.43819        2.48910        3.01457
Si        12.71129       -1.16357        2.29331
Si         9.35367        4.74871        3.48613
Si         8.53979       -1.11900        3.62159
C         11.73990        0.43482        2.28417
C         10.69301        0.71773        3.23923
C         10.08582        1.93641        3.54821
C         10.29322        3.23708        2.90234
C          9.93671       -0.01807        4.33651
C          9.43827        1.37196        4.72775
C          8.77856        1.80626        5.79325
C         14.53476       -0.73443        1.83786
C         12.78919       -2.05482        3.98577
C         12.12419       -2.43868        0.98298
C         10.02017        5.47750        5.13202
C          9.55967        6.15762        2.19747
C          7.45682        4.48520        3.65362
C          9.02010       -2.96634        3.66897
C          6.93796       -0.90028        4.63690
C          8.22975       -0.55983        1.82442
C         12.78508        1.51853        5.29052
C         12.32802        2.84061        5.47241
C         13.35634        3.71494        5.05065
C         14.44947        2.93056        4.63661
C         14.08768        1.57396        4.74523
C         12.47590        3.27846        0.54207
C         12.69194        4.40880        1.35783
C         13.93314        4.24499        2.00410
C         14.47135        2.99968        1.60919
C         13.56758        2.40584        0.70275
H         11.47262        0.78111        1.27051
H         10.16707        3.11694        1.80968
H         10.52328       -0.52976        5.10117
H          8.54791        2.84673        5.94056
H          8.45750        1.12455        6.56255
H         14.67152       -0.68026        0.76206
H         15.21604       -1.49768        2.20153
H         14.84677        0.22045        2.26210
H         13.42416       -2.93313        3.91542
H         11.81172       -2.38734        4.31367
H         13.20299       -1.41722        4.76032
H         12.18444       -2.02202       -0.01829
H         11.09539       -2.74486        1.14360
H         12.73997       -3.33243        0.99932
H         11.09698        5.62197        5.09681
H          9.79593        4.85046        5.98830
H          9.56783        6.44717        5.31861
H          8.76345        6.88605        2.31030
H          9.51646        5.78933        1.17713
H         10.49712        6.69048        2.32259
H          6.99833        5.25584        4.26643
H          7.22393        3.52450        4.10094
H          6.97565        4.51320        2.68017
H          9.90095       -3.17718        3.07269
H          8.20883       -3.57460        3.28213
H          9.21902       -3.30050        4.68279
H          6.60847        0.13346        4.63974
H          7.07595       -1.20375        5.66993
H          6.13491       -1.50344        4.22491
H          9.09083       -0.76320        1.19505
H          8.03695        0.50844        1.78236
H          7.37441       -1.06720        1.38913
H         12.29140        0.62970        5.65503
H         11.41650        3.12317        5.98002
H         13.36703        4.79104        5.18129
H         15.43423        3.30140        4.38402
H         14.75592        0.73037        4.62462
H         11.67046        3.15717       -0.17215
H         12.09078        5.30689        1.36555
H         14.44668        5.00914        2.57489
H         15.47441        2.64663        1.81752
H         13.75139        1.51283        0.12080
