52
CSD_code = FEYQEI | q = 0 | S = 0 | Stoichiometry = C17H31NOSiW | MND = 10
W         14.37441       12.34630        8.66225
Si        13.94512        8.76053        8.74737
C         14.60642       14.61832        7.96098
C         15.47182       13.78454        7.20532
C         14.66495       12.87284        6.44896
C         15.19139       12.03760        5.31276
C         13.28595       13.17763        6.73483
C         13.25855       14.22520        7.68923
C         12.03288       14.98267        8.11665
C         12.09687       12.67048        5.97289
C         16.95655       13.94309        7.05516
C         15.03812       15.86246        8.67896
N         15.81735       11.40751        9.04818
O         16.87878       10.88500        9.19634
C         13.43462       10.42104        7.98596
C         14.37424        8.73873       10.61375
C         15.47205        8.08725        7.81362
C         12.51149        7.50691        8.51585
C         12.67443       11.92154       10.23589
C         13.87239       12.15777       10.91182
C         14.51965       13.39639       10.67926
H         14.41964       11.38798        4.90606
H         15.54516       12.68661        4.50879
H         16.02495       11.41646        5.64146
H         11.14527       14.35227        8.08152
H         11.86591       15.82940        7.44674
H         12.13189       15.37748        9.12814
H         11.20636       12.63554        6.59882
H         11.89193       13.33737        5.13213
H         12.27066       11.67234        5.57748
H         17.44064       12.97199        6.96047
H         17.18347       14.52600        6.15980
H         17.38409       14.45603        7.91391
H         14.25075       16.25490        9.31855
H         15.92333       15.68704        9.28809
H         15.28458       16.63211        7.94421
H         14.61398        7.72648       10.92669
H         15.24525        9.35360       10.81569
H         13.55572        9.08348       11.23792
H         12.78709        6.52514        8.88547
H         11.61880        7.81810        9.04905
H         12.24607        7.39961        7.46931
H         14.34845       11.37381       11.49633
H         15.75457        7.10407        8.17689
H         16.32394        8.74478        7.95025
H         15.28543        8.00150        6.74736
H         12.15385       10.98806       10.40808
H         13.87853       14.27773       10.66507
H         15.45892       13.56697       11.19907
H         12.01737       12.76977       10.03908
H         13.72400       10.34621        6.93393
H         12.34408       10.50400        7.99422
