135
CSD_code = FEYRIL | q = 0 | S = 0 | Stoichiometry = C46H78NS3Si6V | MND = 4
V          7.71444       11.98021        2.98234
S          5.46274       11.86954        2.81800
S          8.33368       10.43279        4.41966
S          8.49606       11.66655        0.92043
Si         3.69934       13.72283        4.77104
Si         5.08547        8.60478        2.88938
Si         8.26420       11.85651        7.42569
Si        10.82525        8.41392        3.93506
Si        11.70154       11.81695        0.23206
Si         6.30820       13.71236       -0.64005
N          8.34473       13.38902        3.39151
C          4.80765       11.12042        4.27062
C          4.18194       11.93871        5.21427
C          3.77803       11.34917        6.40710
C          3.97460       10.00078        6.64239
C          4.46025        9.19462        5.62837
C          4.85703        9.72858        4.40712
C          2.52175       13.63940        3.26662
C          5.13975       14.93660        4.46198
C          2.70087       14.44040        6.23228
C          4.82058        6.79942        3.44414
C          6.76622        8.63269        1.99922
C          3.68297        9.06229        1.67025
C          9.82741       10.74100        5.29483
C          9.83965       11.61656        6.38638
C         11.08429       12.02352        6.85627
C         12.25610       11.53005        6.30952
C         12.19403       10.49625        5.39237
C         10.97723       10.06163        4.87879
C          7.56868       10.10868        7.76868
C          6.89519       12.94972        6.69419
C          8.78955       12.62554        9.09298
C         12.53874        7.57325        3.98372
C         10.29406        8.46194        2.10407
C          9.63798        7.31265        4.95668
C          9.09907       13.08461        0.05586
C         10.48301       13.23747       -0.10426
C         10.94419       14.41355       -0.68481
C         10.07040       15.38633       -1.13348
C          8.71176       15.14218       -1.08981
C          8.19250       13.98492       -0.51327
C         11.17345       10.33891       -0.85765
C         11.89740       11.41453        2.08158
C         13.43145       12.34693       -0.38138
C          5.74957       14.54051       -2.27167
C          5.50554       14.65154        0.80973
C          5.76309       11.89045       -0.77877
C          9.07011       14.56140        3.61452
C          8.95242       15.05784        5.06926
C          8.59302       15.68664        2.67265
C         10.55648       14.26108        3.32825
C          9.80608       16.30928        5.26435
C          9.45346       16.93138        2.87755
C         11.39877       15.51642        3.52722
C          9.32453       17.41235        4.32239
C         10.91513       16.60764        2.57363
C         11.27106       15.99120        4.97309
H          3.30053       11.95774        7.16037
H          3.69365        9.56712        7.59174
H          4.52059        8.12758        5.78013
H          2.19469       14.63135        2.96920
H          3.00425       13.17646        2.41222
H          1.63509       13.05635        3.50002
H          5.44952       15.41605        5.38592
H          6.00244       14.42932        4.03285
H          4.83273       15.71798        3.77318
H          3.28646       14.49004        7.14457
H          2.37998       15.44979        5.99858
H          1.80980       13.85700        6.43758
H          3.84086        6.65645        3.88694
H          4.88928        6.13713        2.58786
H          5.56560        6.47690        4.16428
H          7.56084        8.30149        2.66182
H          6.74896        7.96324        1.14275
H          7.02196        9.62258        1.62434
H          3.73639       10.10307        1.36552
H          3.73130        8.45248        0.77285
H          2.70862        8.90526        2.12472
H         11.13248       12.72770        7.67316
H         13.21308       11.89123        6.65850
H         13.10394       10.01540        5.06874
H          6.83279       10.13170        8.56712
H          7.07850        9.70697        6.88666
H          8.35171        9.41314        8.05801
H          7.00842       13.98906        6.98171
H          6.88890       12.88907        5.60581
H          5.92817       12.61482        7.05381
H          9.53905       12.02498        9.59686
H          9.18788       13.62793        8.97444
H          7.93098       12.69596        9.75191
H         12.47766        6.58625        3.53798
H         13.28599        8.13102        3.42862
H         12.90075        7.45002        4.99878
H          9.67025        9.31980        1.87172
H         11.15663        8.50166        1.44756
H          9.73620        7.56514        1.84985
H          8.64199        7.74029        5.01694
H          9.54771        6.32287        4.51799
H         10.00019        7.18908        5.97379
H         12.00734       14.56294       -0.79124
H         10.44696       16.30600       -1.55803
H          8.03040       15.86278       -1.51432
H         10.18846        9.97287       -0.59013
H         11.14144       10.63065       -1.90424
H         11.87399        9.51357       -0.77075
H         10.93414       11.37187        2.58484
H         12.39006       10.45821        2.21769
H         12.50183       12.16295        2.58542
H         14.13570       11.53290       -0.24602
H         13.42884       12.60003       -1.43622
H         13.81729       13.19997        0.16720
H          5.78695       15.62243       -2.20941
H          6.36589       14.23605       -3.11117
H          4.72478       14.26956       -2.50211
H          5.90271       14.28656        1.75426
H          5.70502       15.71787        0.74785
H          4.42926       14.51504        0.82513
H          4.79905       11.81583       -1.27442
H          6.47499       11.29776       -1.34656
H          5.66107       11.43548        0.20200
H          7.90886       15.28731        5.28205
H          9.28105       14.26057        5.73896
H          8.66186       15.33809        1.64082
H          7.54745       15.91290        2.88907
H         10.88089       13.46612        4.00489
H         10.64445       13.90612        2.30034
H          9.70521       16.64640        6.30236
H          9.10562       17.71656        2.19714
H         12.44604       15.27869        3.30971
H          8.28351       17.65973        4.54034
H          9.92243       18.31439        4.46958
H         11.00986       16.26423        1.54150
H         11.52673       17.50491        2.69207
H         11.88466       16.88080        5.13166
H         11.62358       15.21040        5.65036
