46
CSD_code = FIJLAL | q = 0 | S = 0 | Stoichiometry = C13H27NOSSi2W | MND = 8
W          0.31986        2.61248        3.71956
S         -1.90068        2.94058        2.99405
Si         3.24673        3.94241        2.55281
Si        -2.64983        2.84358        0.10282
N          0.21325        4.18686        4.49998
O          0.15860        5.19309        5.12803
C          1.46150        3.47522        2.06677
C          0.29335        0.23411        3.45747
C          1.62925        0.66378        3.61478
C          1.76239        1.21130        4.92139
C          0.49315        1.11927        5.56019
C         -0.40154        0.50353        4.65815
C          3.92985        5.26880        1.35357
C          4.45422        2.45084        2.44090
C          3.32808        4.64758        4.32683
C         -1.97232        1.80527        1.56637
C         -4.40544        3.41684        0.55938
C         -2.67007        1.72146       -1.44029
C         -1.46499        4.31496       -0.13103
H          1.49783        2.75717        1.23246
H          0.99590        4.38996        1.68111
H         -0.08350       -0.36018        2.63583
H          2.44233        0.45070        2.93340
H          2.69504        1.46633        5.41065
H          0.29524        1.33088        6.60407
H         -1.41900        0.20693        4.88119
H          3.31279        6.16138        1.36200
H          4.93570        5.56405        1.63388
H          3.96864        4.90587        0.33113
H          4.27253        1.84561        1.55755
H          5.47530        2.81280        2.37510
H          4.40101        1.80291        3.31019
H          2.88272        3.97321        5.05621
H          4.35372        4.83872        4.62849
H          2.78826        5.58673        4.39042
H         -0.96476        1.45107        1.35150
H         -2.61371        0.96502        1.82474
H         -4.39728        3.96438        1.49692
H         -4.81550        4.06984       -0.20454
H         -5.08586        2.57783        0.67355
H         -3.32074        0.86337       -1.30559
H         -3.03581        2.27595       -2.29701
H         -1.68123        1.34973       -1.68986
H         -0.51175        4.00484       -0.55003
H         -1.88506        5.06438       -0.79446
H         -1.26678        4.79219        0.82655
