40
CSD_code = FIRKUO | q = 0 | S = 0 | Stoichiometry = C19H16FeO3Si | MND = 7
Fe         4.27931       21.78048        5.66046
Si         7.26943       21.23173        5.44224
C          6.29872       22.35587        6.63068
H          6.43436       23.43185        6.60169
C          5.47895       21.82466        7.60240
H          5.61580       20.79770        7.91873
H          5.03889       22.46956        8.35520
C          5.79644       20.41076        4.57945
H          5.65113       20.51048        3.50966
C          4.92619       19.61926        5.29572
H          5.23753       19.19519        6.24203
H          4.16552       19.04343        4.78172
C          8.36760       20.00327        6.37664
C          8.89460       20.31438        7.62716
H          8.64853       21.26305        8.08287
C          9.72504       19.42836        8.28967
H         10.12616       19.68615        9.25930
C         10.04305       18.21139        7.71021
H         10.69210       17.51863        8.22574
C          9.52519       17.88550        6.46755
H          9.77004       16.93664        6.01242
C          8.69567       18.77492        5.80910
H          8.29272       18.51817        4.83996
C          8.25759       22.26728        4.21442
C          7.61195       23.20817        3.41699
H          6.54310       23.33889        3.51447
C          8.31718       23.97255        2.50634
H          7.80040       24.69881        1.89578
C          9.68633       23.80627        2.37717
H         10.23970       24.40202        1.66591
C         10.34288       22.87358        3.16240
H         11.41066       22.74038        3.06432
C          9.63167       22.11222        4.07231
H         10.14530       21.38438        4.68409
C          4.26001       23.50531        5.32872
O          4.14791       24.62953        5.10340
C          3.31201       21.83546        4.21352
O          2.66776       21.94080        3.26575
C          2.95106       21.32664        6.77949
O          2.03144       21.15028        7.43972
