84
CSD_code = FOKRIH | q = 0 | S = 0 | Stoichiometry = C34H46Cl2HfSi | MND = 12
Hf         8.10882        4.98701        3.31071
Cl        10.34956        4.88840        3.89041
Cl         7.80172        2.69152        3.41475
Si         6.18315        7.50904        2.74229
C          6.74949        6.61774        4.31780
C          7.95587        6.83941        5.06480
C          8.18912        5.76308        5.92484
H          8.98398        5.71774        6.65247
C          7.15213        4.80626        5.75257
C          6.87461        3.58195        6.40291
C          5.72662        2.91919        6.04352
H          5.48284        1.98087        6.51571
C          4.82279        3.41324        5.08023
C          5.08082        4.60191        4.43788
H          4.36868        5.01319        3.74174
C          6.24903        5.32658        4.75166
C          8.80761        8.07494        5.04697
H          8.18965        8.96981        5.02191
H          9.47951        8.08448        4.18687
H          9.42297        8.10577        5.94408
C          7.86709        3.05595        7.41246
H          8.23212        3.91035        7.99415
C          3.60993        2.56658        4.76820
H          3.29565        2.08696        5.70260
C          4.29456        7.55912        2.47054
H          3.85389        8.25688        3.17481
H          3.78320        6.61413        2.59715
H          4.07493        7.92396        1.47227
C          7.27430        2.04268        8.38841
H          6.37669        2.43882        8.85813
H          7.99966        1.81717        9.16726
H          7.02770        1.11282        7.88199
C          9.05349        2.43734        6.66303
H          9.51114        3.16119        5.98852
H          8.71757        1.58898        6.07083
H          9.80851        2.09379        7.36685
C          2.42169        3.35894        4.22648
H          2.20226        4.20955        4.86803
H          1.54158        2.72055        4.18911
H          2.61341        3.71775        3.21753
C          4.00921        1.46281        3.78253
H          4.85677        0.89890        4.16331
H          4.29748        1.89339        2.82591
H          3.17794        0.78066        3.61745
C          7.17083        6.36138        1.59668
C          6.80508        5.04019        1.18252
C          7.95010        4.32526        0.79566
H          7.93842        3.34495        0.34274
C          9.08657        5.16999        0.94810
C         10.45596        4.98594        0.64345
C         11.30638        6.03984        0.87380
H         12.35694        5.92392        0.66804
C         10.86312        7.28514        1.36019
C          9.53010        7.48551        1.63658
H          9.18514        8.46437        1.93516
C          8.60919        6.43588        1.45713
C          5.41658        4.48996        1.02976
H          5.33774        3.95180        0.08539
H          4.67740        5.28520        1.03196
H          5.18847        3.78204        1.82938
C         10.91261        3.64039        0.13039
H         10.14172        3.26749       -0.55409
C         11.85676        8.39762        1.59160
H         11.30851        9.27031        1.96654
C          6.65237        9.35276        2.60898
H          6.01889        9.93794        3.26759
H          6.47556        9.69918        1.59596
H          7.67961        9.58164        2.85836
C         11.02326        2.66903        1.31173
H         10.07441        2.58796        1.84300
H         11.77532        3.02178        2.01403
H         11.30972        1.67946        0.96231
C         12.23289        3.69168       -0.63502
H         12.19864        4.45105       -1.41322
H         12.42256        2.72789       -1.10266
H         13.06265        3.90676        0.03368
C         12.55242        8.80228        0.29064
H         11.81725        9.09658       -0.45535
H         13.13559        7.97736       -0.11011
H         13.22229        9.64091        0.46804
C         12.87843        7.98475        2.65384
H         12.37208        7.63577        3.55119
H         13.51479        8.82770        2.91483
H         13.50917        7.17870        2.28887
