108
CSD_code = FOLZEM | q = 0 | S = 0 | Stoichiometry = C32H66N3O3ScSi3 | MND = 6
Sc         3.52877       18.02087        2.72431
C          4.85380       16.94414        4.32495
Si         5.00240       17.33671        6.15492
C          3.37423       17.02571        7.12898
C          6.32232       16.29535        7.10095
C          5.46626       19.16932        6.42260
C          1.79185       19.25768        3.68709
Si         1.60525       21.12377        3.77673
C          0.07631       21.73242        4.78356
C          3.13826       21.92954        4.58058
C          1.38830       21.94703        2.05294
C          4.78753       19.27490        1.20247
Si         6.54826       19.89914        1.38850
C          7.84526       18.48353        1.49251
C          6.74042       20.94232        2.97616
C          7.17066       21.00225       -0.06688
C          1.91514       15.33473        0.74317
C          1.25159       14.22728       -0.07397
C          1.73599       15.11212        2.21992
O          1.45453       13.86467        2.62155
C          1.38255       13.91021        4.04747
C          1.48303       15.41680        4.38462
C          0.17997       16.05017        4.91361
C         -0.98787       15.87470        3.94469
C         -0.16214       15.50160        6.29607
N          1.83917       16.01539        3.10224
C          1.33169       16.68250        0.41894
O          0.10988       16.70365       -0.13238
C         -0.23244       18.08108       -0.29352
C          1.06223       18.84038        0.08193
C          1.78085       19.51960       -1.10177
C          2.13356       18.53257       -2.21298
C          0.95135       20.68254       -1.63907
N          1.90803       17.78910        0.63793
C          3.39352       15.40451        0.47548
O          3.83452       14.86365       -0.66903
C          5.24367       15.09509       -0.70417
C          5.56516       15.69170        0.68663
C          6.36598       14.76156        1.62082
C          7.78407       14.56018        1.09397
C          5.66596       13.42327        1.84951
N          4.24184       15.93862        1.25008
H          5.87015       17.08938        3.91463
H          4.65691       15.86076        4.23007
H          3.44851       17.41832        8.13851
H          2.53177       17.51601        6.65047
H          3.15069       15.96540        7.21535
H          5.42196       19.45074        7.47042
H          6.47361       19.37326        6.07375
H          4.78825       19.81511        5.87298
H          6.37771       16.56304        8.15231
H          6.10421       15.23185        7.04777
H          7.31069       16.44408        6.67576
H          1.82959       18.92021        4.73933
H          0.84716       18.84692        3.28647
H          0.01039       22.81631        4.81304
H         -0.85311       21.36212        4.35864
H          0.12411       21.38207        5.81059
H          3.11384       23.01246        4.50492
H          3.20606       21.67903        5.63427
H          4.04591       21.58064        4.09769
H          1.45343       23.02799        2.13157
H          2.16326       21.62374        1.36441
H          0.42072       21.71751        1.61386
H          4.16859       20.18411        1.09008
H          4.71821       18.75704        0.22850
H          8.81866       18.87346        1.77186
H          7.56313       17.74806        2.23963
H          7.96797       17.97513        0.53999
H          7.77764       21.19888        3.16968
H          6.18389       21.87128        2.90430
H          6.36454       20.39650        3.83618
H          8.19200       21.34024        0.08357
H          7.14178       20.46728       -1.01259
H          6.54906       21.88624       -0.17665
H          1.68007       13.26488        0.19221
H          0.18404       14.20885        0.12760
H          1.40995       14.40557       -1.13408
H          2.21940       13.33454        4.45318
H          0.44451       13.44946        4.35865
H          2.28262       15.62353        5.09919
H          0.38505       17.12072        5.00402
H         -1.85915       16.40514        4.32097
H         -0.73595       16.28290        2.96766
H         -1.25851       14.82726        3.82470
H         -1.04035       16.00879        6.68729
H         -0.37554       14.43533        6.25956
H          0.66149       15.66478        6.98533
H         -1.06225       18.31106        0.38089
H         -0.55274       18.23682       -1.32417
H          0.88629       19.59054        0.85583
H          2.71515       19.91628       -0.69427
H          2.70944       19.03899       -2.98369
H          2.73544       17.71568       -1.81914
H          1.24300       18.11514       -2.67928
H          1.50046       21.19555       -2.42448
H          0.00697       20.33863       -2.05578
H          0.73933       21.39682       -0.84858
H          5.45811       15.79332       -1.51827
H          5.74237       14.14601       -0.90350
H          6.09408       16.64407        0.61052
H          6.42151       15.28135        2.58152
H          8.35876       13.96597        1.79983
H          7.78338       14.04182        0.13738
H          8.28317       15.51671        0.96742
H          6.22479       12.83654        2.57454
H          4.66216       13.58103        2.23965
H          5.59506       12.84310        0.93123
