136
CSD_code = FOMZIQ | q = 0 | S = 0 | Stoichiometry = C65H63N3O2Si2Ti | MND = 4
Ti        20.38730        2.00686        3.17059
C         17.26775       -0.71694        3.65194
C         16.97480       -1.92052        4.25887
C         17.78793       -2.42851        5.25909
C         18.92552       -1.72620        5.63105
C         19.24028       -0.53090        5.02249
C         18.40536        0.01060        4.03051
N         18.75833        1.20455        3.47175
C         17.89744        1.93600        2.61491
C         18.49428        2.37901        1.43437
N         19.83603        2.12203        1.34977
C         20.60547        2.21434        0.21502
C         20.18288        1.79649       -1.05248
C         21.04410        1.85141       -2.13025
C         22.34392        2.30674       -1.97806
C         22.78368        2.70465       -0.72378
C         21.92797        2.66132        0.35720
C         16.63911        2.44077        3.11271
N         15.78992        2.95564        2.29751
C         14.69725        3.70795        2.65083
C         14.85909        4.96094        3.25494
C         13.77231        5.78144        3.47607
C         12.49933        5.37769        3.10629
C         12.32934        4.14686        2.49270
C         13.41168        3.32364        2.25596
C         16.42316        2.41351        4.59931
Si        14.89449        1.44435        5.25741
C         15.49697        0.36631        6.71500
C         13.63264        2.70953        5.93830
C         14.02585        0.34189        3.96388
C         17.80280        3.21094        0.41578
Si        16.43987        2.33288       -0.63084
C         17.05310        2.04861       -2.43545
C         14.97017        3.52738       -0.83965
C         15.97473        0.62113        0.06761
O         20.28154        3.65055        3.70909
C         19.46077        4.47147        4.33920
C         19.09456        4.22434        5.68228
C         18.23394        5.10528        6.32804
C         17.73466        6.21984        5.68028
C         18.07587        6.45531        4.36104
C         18.92582        5.59723        3.67131
C         19.60877        3.03862        6.39212
C         20.94661        2.64898        6.28176
C         21.42201        1.56620        7.00598
C         20.57721        0.85116        7.83878
C         19.24906        1.22709        7.95205
C         18.77110        2.31075        7.24058
C         19.24657        5.84763        2.25606
C         20.52330        5.61191        1.74559
C         20.80277        5.83691        0.40951
C         19.81674        6.30789       -0.44093
C         18.54962        6.56170        0.05650
C         18.26555        6.33159        1.38963
O         21.83792        1.21272        3.57619
C         22.85410        0.40449        3.83243
C         24.01628        0.87553        4.48278
C         25.03571       -0.01941        4.78830
C         24.93147       -1.36026        4.46933
C         23.79409       -1.82800        3.83506
C         22.75743       -0.96659        3.50522
C         24.13463        2.29544        4.85750
C         24.61838        2.66088        6.11324
C         24.68879        3.99151        6.48197
C         24.28565        4.98249        5.60235
C         23.82999        4.63483        4.34123
C         23.75540        3.30347        3.97194
C         21.54401       -1.45201        2.82555
C         21.03780       -0.76201        1.72253
C         19.88119       -1.19813        1.09661
C         19.22624       -2.32971        1.55327
C         19.74436       -3.04073        2.62291
C         20.89008       -2.60268        3.25947
H         16.63863       -0.32728        2.86724
H         16.10027       -2.47373        3.94712
H         17.54316       -3.36343        5.73992
H         19.57239       -2.11781        6.40328
H         20.13791        0.01966        5.29439
H         19.18354        1.41248       -1.16843
H         20.69871        1.52473       -3.10049
H         23.01125        2.34507       -2.82530
H         23.79854        3.05410       -0.59415
H         22.24412        2.98324        1.34851
H         15.85302        5.28286        3.53458
H         13.91878        6.74506        3.94398
H         11.64980        6.01910        3.28764
H         11.34165        3.82783        2.19126
H         13.27495        2.37268        1.76497
H         17.32090        2.03093        5.08225
H         16.29865        3.44900        4.92074
H         14.72993       -0.34006        7.01598
H         16.38479       -0.20164        6.45537
H         15.73443        0.97281        7.58352
H         14.09421        3.38915        6.64938
H         13.19999        3.31274        5.14639
H         12.81757        2.20722        6.45078
H         12.94832        0.46766        4.01214
H         14.33674        0.59120        2.95531
H         14.24521       -0.70797        4.12730
H         17.28136        4.00877        0.94475
H         18.54718        3.66947       -0.23629
H         17.47768        1.06141       -2.59313
H         16.21859        2.14411       -3.12385
H         17.79856        2.77993       -2.73380
H         15.25865        4.38140       -1.44616
H         14.14108        3.03850       -1.34196
H         14.60648        3.90296        0.10851
H         15.33731        0.72412        0.93761
H         15.44180        0.02562       -0.66784
H         16.85859        0.06643        0.37171
H         17.97674        4.92406        7.36149
H         17.08148        6.90323        6.20142
H         17.69751        7.33373        3.85842
H         21.63675        3.24760        5.69765
H         22.46296        1.28796        6.92932
H         20.95389        0.00897        8.40015
H         18.58376        0.67598        8.60018
H         17.73568        2.59997        7.34400
H         21.31077        5.27994        2.40993
H         21.79636        5.64870        0.02832
H         20.03620        6.47816       -1.48470
H         17.77435        6.93019       -0.59937
H         17.26545        6.51097        1.75682
H         25.93005        0.35290        5.26678
H         25.73648       -2.03799        4.70947
H         23.71062       -2.87169        3.56939
H         24.92766        1.89489        6.81017
H         25.05682        4.25737        7.46214
H         24.33428        6.02085        5.89463
H         23.53938        5.40658        3.64206
H         23.43823        3.03439        2.97233
H         21.60670        0.06239        1.30071
H         19.50907       -0.66501        0.23282
H         18.32365       -2.66841        1.06692
H         19.24801       -3.93542        2.96728
H         21.28047       -3.14826        4.10602
