67
CSD_code = FOPDOF | q = 0 | S = 0 | Stoichiometry = C24H38O2Si2Ti | MND = 12
C          1.02531        2.45066        6.08646
C          1.04700        1.25539        5.45059
C          1.87582        1.19942        4.25579
C          2.72195        2.19820        3.94686
C         -0.22973        3.64129        7.76345
H         -1.20017        3.74446        7.25166
H          0.38127        4.52892        7.53688
C         -0.45506        3.51966        9.26451
H         -1.04223        2.63019        9.47720
H         -0.98342        4.39325        9.63658
H          0.49726        3.43100        9.78169
C          1.08800       -0.48763        8.00817
H          0.57770       -1.25522        8.58250
H          1.07924        0.42548        8.59218
H          2.12213       -0.79998        7.89007
C         -1.62753        0.08274        6.53697
H         -2.12225        0.29698        5.59341
H         -1.80443        0.92282        7.19914
H         -2.11154       -0.78693        6.97091
C          0.43372       -1.91323        5.40107
H          0.37132       -2.72688        6.11739
H          1.38813       -1.99002        4.89281
H         -0.34909       -2.06877        4.66622
C          0.59129        0.05810        2.67002
H          0.52346        0.98637        2.08146
H         -0.28444        0.01335        3.33278
C          0.62393       -1.14751        1.74423
H          1.49568       -1.09295        1.09724
H         -0.27444       -1.17220        1.13304
H          0.68577       -2.06190        2.32690
C          2.96278        2.16285        0.77520
H          2.36987        1.28480        0.54355
H          3.68212        2.29089       -0.02832
H          2.29837        3.02228        0.76091
C          4.76221        0.27474        2.45878
H          5.41276        0.17165        3.32238
H          5.37562        0.16199        1.56961
H          4.05185       -0.54272        2.48776
C          5.27055        3.27299        2.47298
H          4.91020        4.28556        2.62639
H          5.79460        3.25661        1.52247
H          6.00377        3.06121        3.24494
C          2.12263        5.06602        3.24934
H          2.74362        5.03368        2.36654
C          2.26683        5.94919        4.32920
H          3.01468        6.72805        4.41099
C          1.17531        5.76044        5.20219
H          0.93556        6.38752        6.05385
C          0.34867        4.75657        4.65226
H         -0.64601        4.48889        4.98624
C          0.94462        4.31986        3.44698
H          0.49866        3.63084        2.74129
C          4.40507        2.92505        5.96403
H          4.97605        2.13979        5.48753
C          4.55478        4.31475        5.74996
H          5.25059        4.77816        5.06262
C          3.79676        4.98942        6.72895
H          3.79523        6.05835        6.90565
C          3.16479        4.02945        7.53298
H          2.60351        4.23029        8.43566
C          3.53372        2.75047        7.06506
H          3.30410        1.80756        7.54403
O          0.41423        2.46447        7.31879
O          1.78025        0.07314        3.43516
Si         0.24835       -0.23832        6.30446
Si         3.86108        1.96558        2.46422
Ti         2.37639        3.74497        5.25321
