115
CSD_code = FOQRUY | q = 0 | S = 0 | Stoichiometry = C50H59O2PRuSi2 | MND = 9
Ru         5.51480       12.48704        2.34065
P          4.49775       14.54190        2.37783
C          5.50648       15.91561        3.04239
C          6.84684       15.67904        3.31336
C          7.64941       16.68461        3.82185
C          7.11238       17.93690        4.06617
C          5.77229       18.17997        3.80434
C          4.96921       17.17647        3.29590
C          3.93263       15.22496        0.77611
C          4.31539       16.46884        0.28400
C          3.84790       16.90740       -0.94292
C          2.99655       16.11289       -1.69166
C          2.63807       14.85987       -1.22233
C          3.11467       14.41021       -0.00436
C          2.99075       14.73154        3.41339
C          3.11166       15.12791        4.74549
C          2.01523       15.10590        5.58822
C          0.78239       14.68521        5.11946
C          0.64831       14.31141        3.79364
C          1.74139       14.33393        2.94667
C          5.54546       12.68346        4.56193
C          6.83832       12.64646        5.21458
O          7.68968       11.77683        5.16162
O          7.04503       13.79229        5.92897
C          8.31181       13.91483        6.54397
C          4.86062       11.48154        4.12355
C          5.20503       10.14765        4.58525
C          4.58823        9.02272        4.20256
Si         4.90008        7.30937        4.91222
C          3.25915        6.70702        5.67972
C          6.27918        7.34672        6.22611
C          5.40351        6.12822        3.49294
C          3.81943       11.71753        3.19272
C          2.55470       11.28832        3.04735
C          1.77325       10.75298        4.17630
C          2.05506       11.14342        5.48300
C          1.33962       10.61615        6.53979
C          0.32995        9.69552        6.31123
C          0.03333        9.31357        5.01352
C          0.74466        9.83986        3.95245
C          1.90740       11.32693        1.79233
C          1.34371       11.29356        0.71907
Si         0.36715       11.19445       -0.84702
C         -0.72571        9.63410       -0.76399
C          1.54044       11.06051       -2.34750
C         -0.73391       12.74715       -0.98916
C          7.05507       10.93744        1.82348
C          7.66524        9.79764        2.57738
C          5.97725       10.85853        0.88312
C          5.18500        9.63397        0.53982
C          5.90359       12.09819        0.18551
C          5.19418       12.29335       -1.12073
C          6.96114       12.95344        0.70072
C          7.40314       14.22685        0.03732
C          7.68186       12.21662        1.67985
C          8.99028       12.57415        2.31329
H          7.24177       14.68750        3.13352
H          8.69146       16.49278        4.03380
H          7.73405       18.72434        4.46661
H          5.35263       19.15593        4.00165
H          3.92077       17.36076        3.10234
H          4.98650       17.09768        0.85029
H          4.15230       17.87498       -1.31515
H          2.62772       16.46250       -2.64468
H          1.99567       14.22573       -1.81479
H          2.87944       13.41168        0.33981
H          4.06450       15.46909        5.12815
H          2.12843       15.41213        6.61821
H         -0.06840       14.65207        5.78347
H         -0.30992       13.98780        3.41524
H          1.61517       14.03621        1.91857
H          4.92622       13.49892        4.93849
H          8.28302       14.83559        7.12171
H          9.10165       13.96570        5.78972
H          8.50797       13.05977        7.19573
H          5.98732       10.10365        5.33067
H          3.81786        9.10443        3.44369
H          3.35988        5.72188        6.12491
H          2.47626        6.65226        4.92939
H          2.91626        7.38880        6.45234
H          6.50271        6.35123        6.59835
H          5.99019        7.95732        7.07600
H          7.19815        7.76013        5.82201
H          5.46880        5.10182        3.84123
H          6.37042        6.39133        3.07334
H          4.67680        6.15251        2.68594
H          2.83270       11.87095        5.66482
H          1.56809       10.92694        7.54944
H         -0.22599        9.28145        7.13985
H         -0.75603        8.59882        4.82850
H          0.51560        9.53936        2.93976
H         -1.34976        9.53518       -1.64780
H         -1.38234        9.66450        0.10037
H         -0.12221        8.73471       -0.68502
H          0.98140       10.94468       -3.27221
H          2.19624       10.19946       -2.25425
H          2.16912       11.93945       -2.45429
H         -1.21803       12.80662       -1.96014
H         -0.16324       13.66020       -0.84790
H         -1.51430       12.73453       -0.23401
H          8.00695       10.12645        3.55675
H          6.95759        8.98310        2.71352
H          8.52797        9.42156        2.02206
H          5.19437        8.91900        1.35953
H          5.61777        9.15412       -0.34097
H          4.15027        9.89100        0.31662
H          5.07458       13.34733       -1.35877
H          4.21424       11.82246       -1.10633
H          5.78266       11.82902       -1.91640
H          8.03216       14.82421        0.69417
H          6.54796       14.83418       -0.25864
H          7.97696       13.98702       -0.86077
H          9.21837       13.63282        2.20321
H          9.78979       12.00220        1.83725
H          8.98879       12.31544        3.37211
