98
CSD_code = FOYYUP | q = 0 | S = 0 | Stoichiometry = C26H58B9NSi3Zr | MND = 12
Zr         2.61117        5.34844       14.19679
N          0.73661        3.72434       13.91279
Si         2.99598        4.93507       17.81534
Si         3.62088        2.50560       11.00546
Si         6.43138        6.34448       13.95523
C          0.30183        6.65858       13.83507
C          0.92213        7.11988       15.16614
H          0.53021        6.66600       16.07926
C         -0.84372        5.65356       13.89370
H         -1.68742        6.04982       14.46943
H         -1.22218        5.47443       12.88257
C         -0.44568        4.33469       14.54799
H         -0.20559        4.50519       15.60559
H         -1.29451        3.62874       14.50803
C          0.35047        3.21070       12.59595
H         -0.51040        2.53014       12.67530
H          1.18165        2.66624       12.15582
H          0.08208        4.02863       11.92876
C          1.13416        2.59418       14.76878
H          1.85981        1.98046       14.22469
H          0.25572        1.95346       14.96478
C          1.72774        3.07106       16.09247
C          1.60489        2.00992       17.16800
H          0.64314        1.49333       17.09044
H          1.65486        2.47348       18.14921
C          2.73160        0.97813       17.04770
H          2.64195        0.44269       16.09917
H          3.68867        1.50446       17.04426
C          2.70794       -0.03079       18.19284
H          2.79619        0.50130       19.14229
H          1.74815       -0.55317       18.19543
C          3.83734       -1.04719       18.07548
H          3.80486       -1.75417       18.90111
H          4.80287       -0.54634       18.09026
H          3.75629       -1.60402       17.14418
C          2.30460        4.27904       16.18784
C          4.70251        5.74779       17.46560
H          4.81419        6.03501       16.42289
H          5.51724        5.07762       17.72303
H          4.82386        6.63895       18.07325
C          3.39149        3.84615       19.35944
H          2.49696        3.54779       19.89862
H          4.01254        4.40213       20.05706
H          3.93471        2.94449       19.09534
C          1.80657        6.26827       18.53403
H          1.83529        7.19228       17.96776
H          2.09140        6.50620       19.55404
H          0.77723        5.92129       18.56374
C          4.39721        4.79006       12.54193
H          4.47561        5.38457       11.64058
C          3.83043        3.49174       12.58517
C          4.13547        2.97561       13.87644
H          3.97831        1.95703       14.19982
C          4.83324        3.93959       14.60097
H          5.28182        3.77628       15.57002
C          5.03059        5.09187       13.78011
C          5.32615        2.37377       10.15038
H          5.70212        3.35502        9.87791
H          5.27452        1.77714        9.24428
H          6.06058        1.91602       10.80595
C          3.04063        0.71198       11.35558
H          3.02416        0.14290       10.43166
H          2.04850        0.64173       11.79114
H          3.72962        0.21179       12.02846
C          2.41913        3.37913        9.79087
H          2.18240        4.38921       10.11534
H          1.48421        2.84122        9.66756
H          2.87207        3.45671        8.80806
C          6.14462        8.01255       14.84707
H          5.23361        8.50892       14.53149
H          6.97433        8.67713       14.62447
H          6.10763        7.90311       15.92561
C          7.05648        6.73092       12.18654
H          6.33858        7.32680       11.63250
H          7.24587        5.82443       11.62032
H          7.98344        7.29393       12.22245
C          7.83881        5.44083       14.89370
H          7.57805        5.26414       15.93186
H          8.74742        6.03371       14.88578
H          8.06845        4.48026       14.44413
B          2.49356        7.58065       14.98661
H          3.22315        7.51940       15.92843
B          2.85048        7.46800       13.26371
H          3.93730        7.42222       12.76919
B          1.40268        6.73186       12.61827
H          1.28284        5.98165       11.67996
B         -0.21492        8.23217       14.44504
H         -1.29282        8.28326       14.92012
B          1.23402        8.83758       15.19676
H          1.14355        9.40855       16.22422
B          2.43446        9.05500       13.93654
H          3.24840        9.90915       14.00277
B          1.71242        8.51288       12.39195
H          2.00913        8.97160       11.34486
B          0.08957        7.98108       12.73061
H         -0.82965        7.93228       11.99121
B          0.72269        9.40745       13.58773
H          0.31936       10.49579       13.39073
