113
CSD_code = FUMJOM | q = 0 | S = 0 | Stoichiometry = C58H50O3SiTi | MND = 4
Ti         5.70448        4.28790        4.74688
Si         7.17064        5.85223        7.40041
O          4.21963        3.42411        4.65519
O          5.91810        5.69575        3.76308
O          6.96190        3.12783        4.93025
C          3.10236        2.72766        4.79501
C          2.94290        1.50453        4.11120
C          1.77322        0.77289        4.24374
C          0.75042        1.21671        5.06260
C          0.90420        2.40254        5.75523
C          2.05606        3.17079        5.63304
C          6.07889        6.43464        2.67679
C          4.96709        6.71755        1.85138
C          5.11130        7.49729        0.71282
C          6.34659        8.00039        0.35194
C          7.43419        7.75854        1.16688
C          7.32831        7.00839        2.33523
C          7.68236        2.02537        4.82653
C          7.82867        1.15600        5.93177
C          8.66035        0.04819        5.82539
C          9.35264       -0.22043        4.65851
C          9.21328        0.62427        3.57294
C          8.38410        1.73725        3.63297
C          5.58948        5.18580        6.62614
C          7.64605        7.46203        6.46856
C          6.88733        6.32644        9.24370
C          8.62515        4.60606        7.41418
C          4.02557        0.97776        3.24326
C          3.98457        1.15756        1.86335
C          4.96925        0.61635        1.05503
C          5.99841       -0.12307        1.61305
C          6.03659       -0.32360        2.98228
C          5.06021        0.22755        3.79403
C          2.14906        4.43783        6.38071
C          1.82167        4.47229        7.73550
C          1.83887        5.66402        8.43517
C          2.16465        6.84548        7.78957
C          2.49110        6.82275        6.44437
C          2.49832        5.62696        5.74529
C          3.61361        6.21208        2.16700
C          2.57637        7.12642        2.34704
C          1.27962        6.69312        2.55337
C          0.99610        5.33737        2.56350
C          2.01719        4.42054        2.37877
C          3.32298        4.84970        2.19496
C          8.54071        6.84978        3.15738
C          9.42122        7.92429        3.30018
C         10.60824        7.78164        3.99200
C         10.95064        6.55809        4.54371
C         10.07597        5.49194        4.42884
C          8.87297        5.64039        3.76212
C          7.11714        1.42626        7.19355
C          7.78217        1.30402        8.41296
C          7.12310        1.54547        9.60362
C          5.78575        1.90626        9.59965
C          5.11210        2.02140        8.39571
C          5.77142        1.78891        7.20070
C          8.24791        2.61897        2.46108
C          6.99389        3.07258        2.04341
C          6.88550        3.89564        0.93421
C          8.01813        4.29931        0.24625
C          9.26420        3.85828        0.65729
C          9.37795        3.01764        1.74849
H          1.67542       -0.15497        3.69801
H         -0.15787        0.64191        5.15940
H          0.10786        2.76237        6.39091
H          4.24213        7.68777        0.09895
H          6.45799        8.58165       -0.55077
H          8.40307        8.14539        0.88725
H          8.74873       -0.62026        6.66970
H          9.99177       -1.08812        4.59367
H          9.73330        0.41036        2.65037
H          3.17084        1.71428        1.42024
H          4.92921        0.76725       -0.01402
H          6.76362       -0.54892        0.98150
H          6.82380       -0.91663        3.42271
H          5.08178        0.04615        4.85967
H          1.55782        3.55407        8.24174
H          1.59039        5.67390        9.48658
H          2.16484        7.77829        8.33379
H          2.74378        7.74028        5.93144
H          2.75099        5.62083        4.69443
H          2.79894        8.18385        2.32448
H          0.48738        7.41297        2.69794
H         -0.01657        4.99409        2.71272
H          1.78753        3.36518        2.37774
H          4.11324        4.12581        2.02765
H          9.16341        8.88574        2.88051
H         11.27309        8.62722        4.09613
H         11.88878        6.44107        5.06624
H         10.33340        4.53294        4.85418
H          8.19314        4.80225        3.68899
H          8.82865        1.03490        8.42245
H          7.65482        1.45345       10.53980
H          5.27180        2.09342       10.53088
H          4.06440        2.28813        8.38260
H          5.22736        1.86409        6.26683
H          6.10112        2.73409        2.56691
H          5.91396        4.22164        0.58985
H          7.92565        4.95460       -0.60669
H         10.15087        4.16988        0.12501
H         10.35299        2.68306        2.07120
H          4.91160        6.03486        6.48690
H          5.09397        4.48467        7.30493
H          7.25510        8.33948        6.97467
H          7.23138        7.44863        5.46312
H          8.72013        7.58850        6.37842
H          6.07519        7.03906        9.35018
H          7.77455        6.77269        9.68155
H          6.63399        5.45223        9.83603
H          8.62326        4.00448        6.51049
H          8.54802        3.93022        8.26042
H          9.58449        5.11044        7.48046
