71
CSD_code = GANPIV | q = 0 | S = 0 | Stoichiometry = C28H38Cl2Si2Zr | MND = 12
Zr        -0.00008       -0.00003       -0.14494
Cl         1.56714        0.46430        1.55577
Si         1.97901        3.19601       -0.25649
C         -1.37945        1.40267       -1.87628
C          0.01855        1.71154       -1.88524
C          0.34028        2.31699       -0.62461
C         -0.81886        2.28031        0.20079
C         -1.89681        1.74942       -0.56940
C         -3.27926        1.65445       -0.31944
H         -3.67657        1.91221        0.65206
C         -4.11922        1.28021       -1.33773
H         -5.18342        1.22816       -1.16555
C         -3.62411        0.98911       -2.62197
H         -4.32291        0.73834       -3.40618
C         -2.28127        1.04287       -2.89806
H         -1.92702        0.86873       -3.90483
C          0.84030        1.82182       -3.14043
H          0.71770        2.81773       -3.57357
H          0.50792        1.10284       -3.88793
H          1.90045        1.66657       -2.94950
C         -0.94846        2.81405        1.59793
H         -0.96926        3.90567        1.59583
H         -0.11514        2.48606        2.22044
H         -1.87297        2.45721        2.05123
C          3.41352        2.00483       -0.69203
H          4.12271        1.95016        0.12715
H          3.96105        2.32604       -1.57306
H          3.05033        0.99230       -0.86403
C          2.21781        3.87627        1.50973
H          3.17918        4.37821        1.56615
H          2.21699        3.08672        2.25226
H          1.45782        4.60174        1.77898
C          2.04364        4.72185       -1.41553
H          2.89029        5.34781       -1.15590
H          1.14870        5.32921       -1.32693
H          2.15195        4.44781       -2.45877
Cl        -1.56701       -0.46446        1.55566
Si        -1.97903       -3.19599       -0.25647
C          1.37946       -1.40266       -1.87626
C         -0.01852       -1.71159       -1.88524
C         -0.34026       -2.31706       -0.62461
C          0.81886       -2.28030        0.20082
C          1.89681       -1.74940       -0.56937
C          3.27926       -1.65439       -0.31940
H          3.67656       -1.91208        0.65212
C          4.11923       -1.28017       -1.33770
H          5.18342       -1.22804       -1.16548
C          3.62413       -0.98906       -2.62193
H          4.32292       -0.73835       -3.40616
C          2.28129       -1.04284       -2.89802
H          1.92704       -0.86884       -3.90482
C         -0.84023       -1.82191       -3.14045
H         -0.71750       -2.81780       -3.57360
H         -0.50791       -1.10287       -3.88792
H         -1.90040       -1.66677       -2.94954
C          0.94849       -2.81406        1.59795
H          0.96938       -3.90568        1.59580
H          0.11512       -2.48618        2.22044
H          1.87296       -2.45718        2.05128
C         -3.41349       -2.00475       -0.69200
H         -4.12249       -1.94979        0.12732
H         -3.96125       -2.32611       -1.57283
H         -3.05022       -0.99230       -0.86433
C         -2.21774       -3.87633        1.50974
H         -3.17915       -4.37820        1.56617
H         -2.21684       -3.08683        2.25232
H         -1.45780       -4.60188        1.77890
C         -2.04385       -4.72177       -1.41557
H         -2.89066       -5.34754       -1.15599
H         -1.14905       -5.32933       -1.32693
H         -2.15205       -4.44768       -2.45881
