46
CSD_code = GETKAT | q = 0 | S = 0 | Stoichiometry = C15H24O4RuSi2 | MND = 8
Ru         0.27123        0.18251       19.16945
H          0.05192       -0.51232       20.52584
Si         3.31202        1.69968       20.87002
Si         0.83471        1.10909       15.58174
O          1.78561        2.87462       18.10486
H          1.94828        3.34399       18.93252
O          2.66349       -2.72957       18.45885
O         -1.44882        2.52332       19.91112
O         -1.94779       -1.35415       17.88098
C          1.81483        1.52845       18.31672
C          2.37281        0.86361       19.46154
C          2.36691       -0.52855       19.10204
C          3.08751       -1.79628       19.45081
H          4.17858       -1.63715       19.38192
H          2.85260       -2.22473       20.42763
C          2.14759       -2.05276       17.31402
H          1.31725       -2.64791       16.92591
H          2.92568       -1.97676       16.53372
C          1.79714       -0.68351       17.81754
C          1.42339        0.60188       17.30266
C          2.25012        3.15345       21.52499
H          2.47688        3.34847       22.56857
H          1.18599        2.93014       21.46511
H          2.43270        4.08192       20.98786
C          4.94275        2.37155       20.13263
H          5.48485        2.95101       20.87303
H          4.77184        3.01479       19.27322
H          5.59436        1.56497       19.80933
C          3.64141        0.42860       22.24437
H          4.31814       -0.35377       21.91422
H          2.71956       -0.04556       22.56829
H          4.08978        0.90661       23.10947
C          2.28452        2.02733       14.74990
H          1.99863        2.37466       13.76246
H          3.15609        1.38906       14.63472
H          2.58136        2.89325       15.33335
C          0.38386       -0.47468       14.62272
H         -0.37730       -1.05188       15.13945
H          1.24459       -1.11975       14.47451
H         -0.00749       -0.22263       13.64279
C         -0.68757        2.23623       15.78195
H         -1.48897        1.72683       16.31328
H         -1.07671        2.55259       14.81903
H         -0.43547        3.12913       16.34687
C         -0.82606        1.58912       19.65594
C         -1.13319       -0.77061       18.44344
