54
CSD_code = GOCJIU | q = 0 | S = 0 | Stoichiometry = C22H28Cl2HfSi | MND = 12
C          0.66593       10.76726        3.19108
C          0.21438        9.60273        3.90269
C          0.45522        8.43242        3.14715
C          1.56723        8.10021        0.80728
C          1.96636        8.79093       -0.32302
C          1.93908       10.20712       -0.36176
C          1.51484       10.95417        0.72403
C          1.15794       10.28630        1.91698
C          1.08965        8.84193        1.91449
C         -0.60984        9.58720        5.16044
H         -1.66108        9.44140        4.90125
H         -0.53516       10.52145        5.70448
H         -0.31363        8.76674        5.81514
C         -0.15081        7.09029        3.46218
H         -1.02556        7.22042        4.09700
H          0.54785        6.43277        3.98237
H         -0.47143        6.59730        2.54797
C          1.69204        6.60327        0.90203
H          0.82551        6.09831        0.47294
H          1.80014        6.29919        1.93920
H          2.57978        6.26879        0.37151
C          2.41034        8.03812       -1.54662
H          3.49802        7.96490       -1.57234
H          2.08073        8.54195       -2.45086
H          1.99890        7.03409       -1.56002
C          2.40124       10.90373       -1.61167
H          1.62563       10.88495       -2.37854
H          3.28603       10.41329       -2.00856
H          2.65920       11.93826       -1.41339
C          1.30684       12.43663        0.60193
H          2.24701       12.98439        0.63256
H          0.66724       12.78630        1.40563
H          0.81549       12.66339       -0.34237
C          2.06715       13.80195        3.41979
H          1.36161       14.44172        2.90292
H          2.85628       13.53909        2.72616
H          2.51319       14.38952        4.21693
C         -0.14437       12.98936        5.33932
H         -0.06966       14.07060        5.36515
H         -0.05310       12.64062        6.36249
H         -1.13933       12.74213        4.98573
C          2.60634       11.34845        5.09451
C          3.94207       11.27856        4.60307
H          4.40291       11.99442        3.93604
C          4.61759       10.23385        5.26541
H          5.66763        9.99982        5.17004
C          3.71457        9.62432        6.15130
H          3.95537        8.85066        6.86567
C          2.46690       10.27164        6.02614
H          1.63309       10.12819        6.69923
Cl         4.24556        9.41538        2.11602
Cl         3.10671        7.18824        4.30100
Hf         2.62506        9.39935        3.76586
Si         1.21914       12.28422        4.19933
