98
CSD_code = GOTKOR | q = 0 | S = 0 | Stoichiometry = C36H56O2Si3Ti | MND = 12
C         11.95745        6.84581        7.75358
C         10.96862        7.76367        8.24246
C         11.55344        9.04268        8.34024
C         12.92538        8.93893        7.95211
C         13.16852        7.58298        7.61079
C          9.70716        7.34465        8.93867
H          9.97529        6.93092        9.91456
H          9.17279        6.57350        8.39420
H          9.04255        8.18646        9.11364
C         10.98387       10.28426        8.95954
H          9.93431       10.16608        9.21933
H         11.09000       11.12763        8.27696
H         11.53085       10.52068        9.87535
C         13.97619        9.95482        8.29892
H         14.24875        9.83938        9.35211
H         13.60980       10.96847        8.15022
H         14.87519        9.82259        7.69923
C         14.53359        7.00627        7.39031
H         15.19941        7.73980        6.93636
H         14.49440        6.12620        6.75236
H         14.96325        6.71660        8.35226
C         10.10188        9.75961        4.95000
C         10.77832        8.95971        3.97706
C         10.43229        7.60137        4.18450
C          9.56234        7.53501        5.29972
C          9.35204        8.86356        5.76572
C         11.51444        9.44780        2.76900
H         12.22278        8.69522        2.42449
H         12.04721       10.36949        2.98211
H         10.80457        9.63851        1.95939
C         10.77613        6.47653        3.25476
H         10.33243        6.65794        2.27280
H         10.40060        5.52758        3.62979
H         11.85456        6.39382        3.11657
C          8.76807        6.30732        5.64259
H          8.12397        6.05114        4.79722
H          8.12534        6.46760        6.50469
H          9.41730        5.45494        5.83895
C          8.24830        9.29954        6.68486
H          7.46836        9.78642        6.09633
H          8.59878       10.01688        7.42236
H          7.79396        8.45556        7.19763
C         12.29678        4.37312        5.89473
H         13.13227        3.67916        5.86970
H         12.54475        5.21885        5.25579
H         11.44658        3.86143        5.45243
C         13.28968        4.27246        8.86242
H         13.05750        3.24941        9.14264
H         13.35651        4.85262        9.77811
H         14.27365        4.26663        8.40654
C         10.34857        4.09209        8.31281
H          9.45341        4.33287        7.75133
H         10.15756        4.32027        9.35589
H         10.49229        3.01800        8.23946
C          8.11936       11.66728        3.77349
H          7.27143       11.33827        4.36476
H          8.16401       11.03546        2.89166
H          7.90834       12.67894        3.44313
C         10.99143       12.64202        3.71082
H         10.73029       13.69320        3.79146
H         10.95347       12.38055        2.65835
H         12.01174       12.53627        4.06038
C          9.48654       12.63802        6.35953
H         10.42264       12.80296        6.88028
H          8.78431       12.18491        7.05008
H          9.08741       13.61083        6.08673
C         12.69509       10.11773        5.73007
C         13.87503        9.76185        5.02184
H         14.63930       10.48797        4.76673
C         13.99513        8.42849        4.70426
C         15.22437        7.87248        4.05077
H         15.29579        6.81407        4.30157
H         16.09897        8.37533        4.46161
C         15.11154        9.87611        1.62008
H         15.16186        9.98518        0.54098
H         15.91503       10.47293        2.04166
H         14.17441       10.30497        1.95747
C         17.02568        7.43287        1.60805
H         17.14715        7.50340        0.53185
H         17.18309        6.39489        1.88458
H         17.81685        8.01863        2.06594
C         14.01366        6.91724        1.31940
C         13.16798        7.36314        0.30686
H         13.21829        8.39456       -0.00948
C         12.26300        6.51096       -0.30026
H         11.61520        6.88098       -1.08219
C         12.18785        5.18512        0.09098
H         11.48323        4.51723       -0.38286
C         13.02281        4.71975        1.09258
H         12.96997        3.68645        1.40421
C         13.92240        5.57890        1.69720
H         14.56590        5.20369        2.48019
O         13.03614        7.61618        4.99575
O         12.36176       11.23907        6.10372
Si         9.76898       11.61516        4.76682
Si        11.93609        4.96463        7.68674
Si        15.29666        8.05427        2.13783
Ti        11.64430        8.38437        6.04201
