84
CSD_code = GUBTUS | q = 0 | S = 0 | Stoichiometry = C42H24BF15SiZr | MND = 14
Zr         1.86845        4.46560        2.46268
C          3.11826        2.76392        3.67324
C          4.15908        3.53540        3.08955
C          4.16399        3.37834        1.69610
C          3.08650        2.51738        1.34915
C          2.66000        1.97067        0.12200
C          1.63847        1.05391        0.12067
C          1.02350        0.64743        1.31861
C          1.40014        1.16425        2.53507
C          2.43461        2.12094        2.58258
C          1.27207        4.38350        4.82808
C          0.10052        4.06432        4.08904
C         -0.36476        5.19469        3.38729
C          0.49924        6.28107        3.71151
C          0.42108        7.66136        3.44600
C          1.35972        8.49780        3.99793
C          2.39382        7.99995        4.81264
C          2.49738        6.66224        5.10514
C          1.54283        5.76913        4.57786
C          3.17730        6.24092        1.94921
C          2.75253        5.77923        0.64176
C          1.44280        5.73896        0.26190
C          1.00789        5.12272       -1.04017
C          1.53140        1.54623        6.18862
C          3.82576        3.60963        6.61575
Si         2.45484        3.02953        5.42763
B         -0.60540        5.23683       -1.34610
C         -0.95713        6.81343       -1.13810
C         -0.43563        7.77855       -1.99814
C         -0.63731        9.14198       -1.82882
C         -1.36755        9.60102       -0.73826
C         -1.86177        8.67629        0.17012
C         -1.64292        7.32038       -0.04362
C         -1.53442        4.27813       -0.38913
C         -1.10939        3.50267        0.67109
C         -1.92247        2.65358        1.40924
C         -3.26405        2.53379        1.08772
C         -3.75287        3.29498        0.02777
C         -2.89894        4.13824       -0.67309
C         -0.92453        4.67626       -2.85513
C         -1.61438        5.34709       -3.86081
C         -1.83957        4.80147       -5.12225
C         -1.39184        3.52107       -5.41770
C         -0.74456        2.79805       -4.42459
C         -0.53608        3.38043       -3.18190
F          0.32188        7.39687       -3.03749
F         -0.11236       10.01758       -2.69250
F         -1.56144       10.90976       -0.54883
F         -2.52011        9.08781        1.26401
F         -2.08872        6.47754        0.92100
F          0.22543        3.54457        1.12483
F         -1.39083        1.98412        2.44375
F         -4.06315        1.72266        1.78091
F         -5.04058        3.21101       -0.30453
F         -3.44102        4.85418       -1.66072
F         -2.13333        6.56230       -3.64316
F         -2.49829        5.50472       -6.04922
F         -1.59842        2.98517       -6.62441
F         -0.33242        1.54384       -4.65979
F          0.05329        2.60553       -2.24470
H          4.91983        4.06311        3.65374
H          4.93455        3.72824        1.02347
H          3.16663        2.23410       -0.79701
H          1.30858        0.62115       -0.81013
H          0.24734       -0.10155        1.27506
H          0.94887        0.80081        3.44818
H         -0.43094        3.12622        4.18671
H         -1.32244        5.29028        2.89175
H         -0.39560        8.05667        2.85818
H          1.29869        9.56115        3.82401
H          3.10296        8.69710        5.23228
H          3.26228        6.30453        5.77971
H          2.67214        7.15621        2.27219
H          4.25881        6.32363        2.07220
H          3.49074        5.36159       -0.04626
H          0.70260        6.30316        0.84391
H          1.35834        4.08626       -1.07140
H          1.53613        5.62949       -1.85322
H          0.55565        1.38273        5.74398
H          1.37965        1.70851        7.25046
H          2.10698        0.63332        6.07626
H          4.40274        2.75741        6.95790
H          3.39781        4.08657        7.49074
H          4.51599        4.30885        6.15639
