106
CSD_code = GUFRUU | q = 0 | S = 0 | Stoichiometry = C54H48P2RuSi | MND = 8
Ru         4.78274        4.08213        0.74212
P          4.20191        2.23350        1.92075
C          2.58812        1.86736        2.70394
C          1.45823        2.20525        1.96494
C          0.19957        1.84786        2.40909
C          0.05678        1.15463        3.59971
C          1.17806        0.81393        4.33741
C          2.44201        1.15601        3.88990
C          4.26749        0.67053        0.96805
C          4.09827        0.72487       -0.40985
C          4.08328       -0.43995       -1.15663
C          4.23562       -1.66558       -0.53053
C          4.38683       -1.72567        0.84626
C          4.39350       -0.56499        1.59664
C          5.39526        1.93621        3.26505
C          6.57596        1.23245        3.04467
C          7.53132        1.14429        4.04094
C          7.32418        1.76482        5.26248
C          6.16045        2.48476        5.48272
C          5.20749        2.57901        4.48660
P          3.75211        5.64434        2.01244
C          1.98625        5.46342        2.44928
C          0.96978        5.85511        1.58526
C         -0.35302        5.62609        1.91876
C         -0.67595        5.01327        3.11752
C          0.33143        4.61575        3.98106
C          1.65380        4.82681        3.64278
C          3.78398        7.26505        1.15582
C          3.38562        7.27817       -0.18088
C          3.40900        8.45201       -0.90960
C          3.85203        9.62626       -0.32156
C          4.27640        9.61461        0.99537
C          4.24440        8.44297        1.73327
C          4.43766        6.10092        3.64706
C          3.74686        6.94514        4.51569
C          4.30482        7.29714        5.72987
C          5.55547        6.81709        6.09007
C          6.24658        5.97982        5.23204
C          5.68718        5.62382        4.01711
C          3.06341        3.97575       -0.28175
C          2.09774        3.94813       -1.01824
C          0.92686        3.87217       -1.80574
C          0.44198        4.99198       -2.48928
C         -0.70770        4.90900       -3.24256
C         -1.40612        3.70178       -3.33355
C         -2.58344        3.61157       -4.10780
C         -3.59178        3.52887       -4.77304
C         -0.92545        2.58099       -2.64982
C          0.22375        2.66528       -1.89720
Si        -5.13199        3.38906       -5.79047
C         -6.64558        3.43480       -4.62963
C         -5.09042        1.73677       -6.74290
C         -5.19813        4.85165       -7.01289
C          6.02422        3.93262       -1.13462
C          6.03177        5.27455       -0.67272
C          6.67540        5.28768        0.59831
C          7.02936        3.96763        0.93393
C          6.61401        3.12317       -0.13820
H          1.58696        2.76084        1.04571
H         -0.66961        2.11309        1.82557
H         -0.92578        0.87636        3.95225
H          1.06980        0.26878        5.26452
H          3.30785        0.86997        4.47022
H          3.96853        1.69078       -0.88463
H          3.95158       -0.39159       -2.22790
H          4.22993       -2.57590       -1.11218
H          4.49505       -2.68274        1.33622
H          4.50051       -0.61452        2.67154
H          6.74152        0.74984        2.09046
H          8.44315        0.59174        3.86345
H          8.07178        1.69238        6.03885
H          5.99938        2.97997        6.42955
H          4.30558        3.15606        4.64318
H          1.21127        6.34416        0.65467
H         -1.13538        5.93053        1.23882
H         -1.71013        4.84364        3.37877
H          0.08633        4.13195        4.91536
H          2.43913        4.50452        4.31322
H          3.08024        6.34727       -0.64499
H          3.09246        8.45132       -1.94303
H          3.87814       10.54341       -0.89164
H          4.63949       10.52307        1.45447
H          4.58870        8.45394        2.75719
H          2.77224        7.32024        4.23377
H          3.76477        7.95123        6.39928
H          5.98718        7.09642        7.04011
H          7.21984        5.60038        5.50860
H          6.21503        4.95738        3.34897
H          0.97993        5.92790       -2.42106
H         -1.08117        5.77527       -3.77092
H         -1.46696        1.64794       -2.72064
H          0.59632        1.79903       -1.36719
H         -7.57592        3.34822       -5.18413
H         -6.68169        4.36391       -4.06870
H         -6.61328        2.62080       -3.91156
H         -5.97617        1.60880       -7.35897
H         -5.03877        0.89295       -6.06130
H         -4.22441        1.68274       -7.39582
H         -6.08943        4.81342       -7.63305
H         -4.33661        4.84857       -7.67394
H         -5.20355        5.80172       -6.48701
H          5.72127        3.60529       -2.12112
H          5.79837        6.15040       -1.26451
H          6.94903        6.18282        1.14510
H          7.65707        3.66068        1.76089
H          6.86951        2.07552       -0.24778
