92
CSD_code = GUSQIU | q = 0 | S = 0 | Stoichiometry = C32H54NO2ScSi2 | MND = 5
Sc         3.76318        2.82892        0.23080
Si         6.65322        4.73875        0.99896
Si         0.42632        4.19263        0.92840
O          3.49114        1.67354        1.78057
O          3.76271        3.63873       -2.16073
N          3.18775        0.77684       -0.78073
C          3.05373        0.53590        2.19505
C          2.91795        0.24218        3.59334
C          3.30737        1.29926        4.61948
C          2.43343        2.54578        4.42282
H          2.72346        3.31957        5.13105
H          1.38630        2.29906        4.58923
H          2.54252        2.93710        3.41414
C          4.78784        1.66112        4.43361
H          5.40934        0.77728        4.56768
H          5.08372        2.40783        5.16763
H          4.96212        2.06534        3.43973
C          3.12139        0.82007        6.06389
H          3.74019       -0.04934        6.27479
H          2.08115        0.57836        6.27031
H          3.42005        1.61613        6.74309
C          2.43868       -0.99080        3.96428
H          2.32170       -1.23311        5.00817
C          2.08589       -1.97774        3.03632
H          1.71473       -2.92919        3.38596
C          2.21908       -1.72699        1.70163
H          1.95526       -2.47940        0.97047
C          2.69630       -0.48139        1.25192
C          2.81993       -0.29381       -0.15190
H          2.57360       -1.18070       -0.75148
C          3.25682        0.66423       -2.19428
C          2.12502        0.92100       -2.97155
C          0.82937        1.27764       -2.30743
H          0.99834        2.02085       -1.52356
H          0.38677        0.39837       -1.83792
H          0.11873        1.66980       -3.03148
C          2.22733        0.84670       -4.35355
H          1.35190        1.05150       -4.95460
C          3.41937        0.51015       -4.97665
C          3.52161        0.42917       -6.47035
H          3.69539       -0.60068       -6.78115
H          4.35611        1.02891       -6.83124
H          2.60815        0.78078       -6.94314
C          4.52666        0.23713       -4.18346
H          5.45997       -0.03714       -4.65554
C          4.46407        0.30106       -2.80038
C          5.66004       -0.01820       -1.95449
H          6.56765       -0.01677       -2.55357
H          5.54945       -1.00452       -1.50156
H          5.75670        0.70921       -1.14196
C          2.27403        4.50659        0.71871
H          2.63901        4.86277        1.69998
H          2.39639        5.37894        0.05663
C         -0.56375        4.69081       -0.64678
H         -1.63107        4.66406       -0.45089
H         -0.37547        4.03064       -1.48826
H         -0.31921        5.70136       -0.96020
C          0.05676        2.33245        1.26197
H         -0.88457        2.01583        0.82137
H         -0.00175        2.13412        2.32749
H          0.84519        1.69381        0.86219
C         -0.39258        5.16244        2.36960
H         -1.43846        4.89668        2.49424
H         -0.34474        6.23456        2.20289
H          0.11153        4.95596        3.30942
C          6.04815        3.07074        0.36420
H          6.39398        2.30297        1.08194
H          6.59226        2.84764       -0.56913
C          8.55746        4.95263        1.15908
H          8.82112        5.93675        1.53497
H          9.05246        4.82687        0.20031
H          8.97866        4.21959        1.84060
C          5.90163        5.07056        2.72951
H          5.94379        6.12165        2.99704
H          6.42999        4.51624        3.49853
H          4.85865        4.75788        2.75543
C          6.06483        6.12610       -0.19393
H          6.21609        7.11123        0.23554
H          5.00485        6.01646       -0.41277
H          6.60714        6.09742       -1.13453
C          2.68011        4.25441       -2.85523
H          1.87294        4.42585       -2.14512
H          2.34058        3.58867       -3.66058
C          3.27263        5.53714       -3.43538
H          3.28366        6.31523       -2.67318
H          2.71274        5.89563       -4.29543
C          4.70335        5.11027       -3.78950
H          4.82095        4.95942       -4.86121
H          5.42831        5.85313       -3.46535
C          4.88625        3.78178       -3.03195
H          4.90401        2.93531       -3.73094
H          5.78419        3.76587       -2.41551
