83
CSD_code = HABMOP | q = 0 | S = 0 | Stoichiometry = C32H46BrO2SiTa | MND = 5
Ta         6.17795        4.76111       10.20135
Br         4.84146        4.65248       12.33980
Si         6.29330        7.43811        7.46722
O          6.19581        6.65001       10.43180
O          7.03148        4.71601        8.63202
C          4.96073        2.98438        9.54823
C          5.59576        1.90291       10.01595
H          5.21668        0.89705        9.86297
C          6.85563        1.97608       10.75383
H          7.26619        1.01961       11.06405
C          7.47843        3.13115       11.00856
C          3.97589        3.48643        7.34593
H          4.45634        4.46286        7.38904
H          3.05451        3.57650        6.77419
H          4.64232        2.80679        6.81745
C          3.05600        1.55851        8.64405
H          3.72311        0.87790        8.12013
H          2.12410        1.61542        8.08585
H          2.84130        1.15527        9.63049
C          2.65900        3.88191        9.44669
H          2.45436        3.53164       10.45656
H          1.72500        3.89483        8.88881
H          3.03372        4.90423        9.50648
C          3.67606        2.95712        8.75882
C          8.47634        3.60671       13.21895
H          7.87858        4.51120       13.30952
H          9.40146        3.74809       13.77372
H          7.91838        2.78979       13.67090
C          9.56019        4.46331       11.12176
H          9.76098        4.26823       10.06861
H         10.51267        4.59558       11.63143
H          9.00378        5.39935       11.20160
C          9.65567        2.03109       11.67235
H          9.18892        1.20641       12.20422
H         10.62289        2.22372       12.13134
H          9.81601        1.73636       10.63787
C          8.78252        3.29171       11.74553
C          7.13702        7.56871       10.21791
C          7.39103        8.00319        8.90833
C          8.42936        8.90839        8.70493
H          8.64009        9.24367        7.70094
C          9.18000        9.38766        9.75840
H          9.98014       10.09091        9.58096
C          8.89147        8.98053       11.05113
H          9.46784        9.38054       11.87049
C          7.88111        8.07026       11.30556
C          7.50378        7.63851       12.70422
H          7.15940        6.59707       12.65688
C          6.32111        8.48520       13.18631
H          6.59914        9.53686       13.22503
H          6.00793        8.16329       14.17651
H          5.47794        8.37190       12.50867
C          8.65673        7.70472       13.70249
H          9.53942        7.20144       13.31286
H          8.36202        7.21688       14.62906
H          8.91433        8.73531       13.93488
C          7.34146        4.74776        7.34879
C          6.99374        5.88875        6.60214
C          7.22933        5.87540        5.23375
H          6.95506        6.73890        4.64943
C          7.80360        4.78308        4.61210
H          7.96996        4.78975        3.54520
C          8.18210        3.68664        5.36550
H          8.65079        2.84440        4.87894
C          7.96962        3.64886        6.73409
C          8.40389        2.45949        7.55642
H          8.19544        2.68288        8.60849
C          7.60714        1.21111        7.17323
H          6.54558        1.37905        7.33932
H          7.92012        0.36682        7.78355
H          7.76097        0.95764        6.12689
C          9.90658        2.20993        7.40680
H         10.15515        1.92199        6.38844
H         10.22000        1.40766        8.07186
H         10.47078        3.10665        7.65535
C          4.43992        7.28502        7.93383
H          4.27685        6.71069        8.84254
H          3.86209        6.82888        7.13345
H          4.02893        8.27691        8.10577
C          6.32804        8.84411        6.17924
H          6.10871        9.79791        6.64581
H          5.58258        8.67939        5.40959
H          7.29176        8.93074        5.69134
