80
CSD_code = HAFCAT | q = 0 | S = 0 | Stoichiometry = C30H41Cl2N2O2Si2Ta | MND = 6
Ta         5.38092        5.21593       18.73320
Cl         5.22318        3.16875       17.70458
Cl         5.73473        6.09623       16.66624
Si         6.99785        9.14810       18.97029
Si         2.95038        2.14503       20.70752
O          5.15550        6.94533       19.40495
O          4.66927        4.56211       20.30158
N          7.27002        4.86654       19.25011
N          2.83586        5.38884       18.09130
C          5.41726        7.47337       20.59861
C          6.38793        8.50681       20.64815
C          6.78512        8.99091       21.86353
C          6.27996        8.46657       23.07037
C          6.75252        8.90868       24.32260
C          6.26488        8.37953       25.48423
C          5.29089        7.37224       25.43483
C          4.80177        6.93293       24.23580
C          5.26297        7.47792       23.01758
C          4.78181        7.03359       21.75138
C          3.66381        4.87971       21.10990
C          2.63423        3.92215       21.30850
C          1.50631        4.29852       21.98812
C          1.32884        5.61210       22.46573
C          0.12834        6.01971       23.08294
C         -0.02789        7.29902       23.53636
C          1.01129        8.22798       23.37825
C          2.19324        7.85960       22.79864
C          2.39711        6.53908       22.34089
C          3.60868        6.13117       21.71386
C          2.26438        6.69778       18.41200
C          2.55524        5.02857       16.69932
C          7.74637        4.96240       20.61175
C          8.28952        4.31377       18.38144
C          7.83667       10.83315       19.30268
C          5.54182        9.46374       17.77954
C          8.33399        8.00110       18.23888
C          2.24279        1.90227       18.94781
C          4.77565        1.63540       20.87946
C          1.93486        1.01779       21.87109
H          2.38730        4.69173       18.69056
H          7.51199        9.78787       21.91083
H          7.51778        9.67168       24.34241
H          6.63164        8.72151       26.44082
H          4.92884        6.93844       26.35554
H          4.06407        6.14524       24.21473
H          0.72136        3.57744       22.16038
H         -0.66924        5.29719       23.18269
H         -0.95014        7.60541       24.00748
H          0.87046        9.24391       23.71668
H          2.98104        8.58589       22.66989
H          8.13885       11.29183       18.36796
H          8.72784       10.72871       19.91175
H          7.17061       11.52573       19.80565
H          4.68940        9.89243       18.30007
H          5.22131        8.53517       17.31919
H          5.82469       10.14784       16.98472
H          7.92620        7.02078       18.01997
H          9.17082        7.87760       18.92160
H          8.72387        8.41048       17.31178
H          2.93685        2.25036       18.19086
H          1.29184        2.41286       18.81289
H          2.06897        0.84682       18.76131
H          4.89921        0.57140       20.69939
H          5.15115        1.85100       21.87645
H          5.39811        2.16788       20.16812
H          2.17733       -0.02394       21.69162
H          0.86864        1.13028       21.70714
H          2.13168        1.22468       22.91779
H          2.77214        7.45746       17.81759
H          2.42097        6.91860       19.46699
H          1.19026        6.73579       18.19531
H          1.47974        5.02362       16.49049
H          2.96822        4.04330       16.49001
H          3.04084        5.75040       16.04297
H          8.16475        4.00358       20.94212
H          6.91726        5.22803       21.26787
H          8.52402        5.73054       20.70630
H          9.24825        4.82354       18.52465
H          7.98769        4.42093       17.33869
H          8.43191        3.24526       18.59167
