66
CSD_code = HANVEX | q = 0 | S = 0 | Stoichiometry = C24H38HfN2Si | MND = 13
Hf        -0.24055        1.36519        5.61266
Si         0.47233       -1.92072        5.43251
N          1.15965        2.13122        3.58267
N          1.87529       -0.55016        2.25814
C          1.04308        0.91026        3.93400
C          1.76469       -0.30915        3.49896
C          2.09537       -1.15287        4.69366
C         -0.24736       -0.61675        6.58721
C         -0.80873       -2.34349        4.07415
C          1.00926       -3.56605        6.25744
C          2.06294        2.70208        2.57897
C          3.50771        2.21609        2.71966
C          1.51685        2.35384        1.19037
C          2.01443        4.22088        2.79228
C          2.47693       -1.68599        1.59242
C          2.26384       -1.42001        0.09273
C          1.82555       -3.03048        1.93853
C          3.98936       -1.75042        1.86057
C         -2.03064        1.26582        3.74478
C         -1.79585        2.62640        4.01921
C         -2.23354        2.88924        5.33047
C         -2.73132        1.68425        5.87559
C         -2.61559        0.68576        4.88459
C          1.80505        1.69984        7.58597
C          1.90050        2.57979        6.50166
C          0.72825        3.37511        6.46800
C         -0.08818        2.96178        7.55834
C          0.58866        1.93862        8.24136
H          2.82328       -1.92253        4.45560
H          2.52731       -0.50653        5.46395
H         -1.25862       -0.90974        6.88937
H          0.34683       -0.60845        7.50512
H         -0.83320       -1.57985        3.30257
H         -1.80431       -2.41976        4.49889
H         -0.59535       -3.29462        3.59916
H          1.76235       -3.39885        7.02078
H          1.41906       -4.27160        5.54130
H          0.16217       -4.04530        6.73574
H          3.57690        1.15873        2.49114
H          4.14811        2.76543        2.03321
H          3.86831        2.37994        3.73380
H          1.49433        1.27274        1.08179
H          0.50677        2.74175        1.07789
H          2.14809        2.78964        0.41928
H          2.42728        4.48116        3.76430
H          0.98594        4.57062        2.74913
H          2.58872        4.73103        2.02281
H          2.75043       -0.49177       -0.19485
H          1.20161       -1.32885       -0.11884
H          2.67407       -2.23136       -0.50333
H          2.28887       -3.81837        1.34818
H          0.76664       -2.99651        1.69758
H          1.93598       -3.27492        2.99004
H          4.20561       -1.94739        2.90706
H          4.43295       -2.54316        1.26246
H          4.45885       -0.80826        1.58539
H         -1.90096        0.78731        2.78561
H         -1.47346        3.36610        3.30227
H         -2.33469        3.87101        5.77202
H         -3.26924        1.58716        6.80914
H         -3.02953       -0.30941        4.94415
H          2.57416        1.01828        7.91433
H          2.77561        2.72487        5.88607
H          0.58976        4.26709        5.86967
H         -0.95995        3.48344        7.92939
H          0.26881        1.48251        9.16530
