81
CSD_code = HAQTIC | q = 0 | S = 0 | Stoichiometry = C28H49OSi2Y | MND = 12
Y          2.48056        1.97848       16.50967
Si        -0.35567        2.92896       18.53810
Si         5.67468        3.44511       15.91154
O          1.81613       -0.49744       15.96840
C         -0.40086        2.61839       16.67880
C          0.54032        3.20162       15.72752
C          0.23901        2.62379       14.44135
C         -0.76295        1.68354       14.63026
C         -1.14828        1.68402       15.98115
C          0.84244        2.99808       13.10564
C          1.54112        1.76931       12.50279
C         -0.27447        3.45984       12.15842
C          1.86864        4.12698       13.24034
C         -0.14211        4.80050       18.88281
C         -1.92911        2.29086       19.39704
C          1.18351        2.00062       19.10489
C          1.28521        0.67519       19.52009
C          2.63975        0.30341       19.62904
C          3.41130        1.40685       19.26714
C          2.53652        2.47494       18.89570
C          3.20343       -1.04021       20.02354
C          4.04204       -1.58141       18.85475
C          2.09261       -2.04128       20.35054
C          4.09794       -0.88284       21.26038
C          4.59720        1.94392       15.49178
C          7.09839        3.76574       14.67175
C          4.58668        5.03167       15.94235
C          6.44082        3.26108       17.65411
C          2.32623       -1.39897       14.96922
C          1.40683       -2.62120       14.95427
C          0.79984       -2.58896       16.35481
C          0.65138       -1.08977       16.57292
H          0.84269        4.24709       15.83051
H         -1.19675        1.05818       13.86679
H         -1.92301        1.06749       16.40626
H          1.97162        2.00868       11.53151
H          0.83218        0.95499       12.37211
H          2.34242        1.43229       13.16633
H          0.13625        3.74234       11.19054
H         -0.79213        4.31751       12.58112
H         -1.00170        2.66705       12.00757
H          2.29172        4.36063       12.26435
H          2.68408        3.83617       13.90805
H          1.39895        5.02861       13.62730
H         -0.99522        5.36429       18.51996
H          0.74521        5.19581       18.39501
H         -0.04583        4.99327       19.94627
H         -2.80806        2.80192       19.02052
H         -1.87904        2.45363       20.46788
H         -2.06600        1.22876       19.22917
H          0.43960        0.05482       19.76453
H          4.48462        1.48868       19.35671
H          2.81261        3.52777       18.97949
H          4.41062       -2.58251       19.07506
H          4.89607       -0.93419       18.66634
H          3.44044       -1.62156       17.94713
H          1.48249       -1.67524       21.17249
H          2.52424       -2.99691       20.64479
H          1.44831       -2.20830       19.48982
H          3.51917       -0.48616       22.09132
H          4.91712       -0.19766       21.05925
H          4.51635       -1.84401       21.55518
H          5.13742        1.03931       15.79909
H          4.51350        1.87516       14.40028
H          7.65204        4.66473       14.92360
H          6.71996        3.88706       13.66157
H          7.80215        2.93960       14.65984
H          5.12196        5.85669       16.40250
H          3.66413        4.88067       16.51163
H          4.31292        5.34927       14.94074
H          7.17726        4.03660       17.83927
H          6.94101        2.30469       17.76822
H          5.68507        3.33687       18.42979
H          3.35047       -1.67109       15.25359
H          2.35077       -0.88676       14.00223
H          1.95207       -3.53839       14.74570
H          0.62469       -2.49756       14.20512
H          1.49272       -3.01644       17.08091
H         -0.15053       -3.11218       16.41938
H         -0.24337       -0.70506       16.06857
H          0.63795       -0.78368       17.62216
