44
CSD_code = HIGVEY | q = 0 | S = 0 | Stoichiometry = C14H26O2SiW | MND = 8
W          1.29227        3.09572        6.05836
Si         3.00659        3.09574        8.87531
O          2.19673        1.69298        5.77606
C          0.01764        3.09576        4.13879
C         -0.42529        1.93889        4.85281
C         -1.02067        2.37326        6.06383
C          0.67810        3.09577        2.77983
C         -0.27948        0.51732        4.37903
C         -1.79752        1.49509        7.01486
C          1.21155        3.09591        8.22712
C          3.02230        3.09576       10.79713
C          3.93704        1.53316        8.28392
H          1.76797        3.09596        2.88090
H          0.38775        2.21140        2.21351
H         -0.56489        0.43319        3.33010
H          0.75998        0.19193        4.48160
H         -0.91232       -0.14995        4.95963
H         -1.93457        1.98056        7.97929
H         -2.78745        1.28281        6.60399
H         -1.28690        0.54700        7.18092
H          0.69967        2.21067        8.63728
H          4.04002        3.09576       11.17019
H          2.52740        2.22036       11.20462
H          3.59291        0.63425        8.78674
H          3.76273        1.41134        7.21366
H          5.00732        1.61153        8.44646
O          2.19708        4.49839        5.77671
C         -0.42531        4.25261        4.85280
H          0.38746        3.97998        2.21341
C         -1.02066        3.81824        6.06384
C         -1.79750        4.69642        7.01486
H         -1.93456        4.21097        7.97930
H         -2.78743        4.90868        6.60399
H         -1.28689        5.64452        7.18091
H          2.52740        3.97115       11.20464
C          3.93695        4.65836        8.28385
H          3.59293        5.55726        8.78677
H          3.76255        4.78025        7.21358
H          5.00725        4.57993        8.44630
H          0.69964        3.98103        8.63755
C         -0.27949        5.67417        4.37903
H         -0.56489        5.75829        3.33009
H          0.75998        5.99951        4.48160
H         -0.91231        6.34144        4.95964
