75
CSD_code = HIMHUG | q = 0 | S = 0 | Stoichiometry = C27H44N2SiTi | MND = 12
Ti        -0.54570        2.86750        3.20501
Si        -2.72809       -1.90652        3.60707
N         -0.06668        1.02715        3.14028
N         -0.62617       -0.15119        3.28059
C          1.54297        2.65010        2.95185
C          1.30888        1.18550        3.18635
C          2.20314        0.22506        3.43902
C         -1.89975       -0.23624        3.42828
C         -3.72523       -1.94744        5.24313
C         -1.41783       -3.28500        3.60678
C         -3.97409       -2.17616        2.17812
C         -1.73072        2.29717        1.17527
C         -0.43549        2.74597        0.82056
C         -0.31316        4.10308        1.23464
C         -1.55714        4.50374        1.79264
C         -2.42389        3.37651        1.78739
C         -2.33816        1.03311        0.63836
C          0.50208        1.94508       -0.03429
C          0.77447        5.07359        0.87039
C         -1.95650        5.94794        1.89079
C         -3.91060        3.38741        2.00136
C          0.28491        3.15623        5.38045
C         -0.23696        4.41198        4.94352
C         -1.64594        4.28957        4.85622
C         -1.98862        2.93662        5.14230
C         -0.79918        2.24695        5.49571
C          1.61992        2.92454        6.02716
C          0.56474        5.68143        4.88036
C         -2.63099        5.41803        4.95803
C         -3.38357        2.46916        5.44783
C         -0.69266        0.91686        6.18180
H          2.28916        3.06117        3.63522
H          1.92218        2.80312        1.93897
H          3.25786        0.43829        3.46604
H          1.89325       -0.79377        3.60089
H         -2.49139        0.69860        3.44206
H         -4.46043       -1.14821        5.28428
H         -3.07832       -1.84502        6.10974
H         -4.26275       -2.88496        5.34817
H         -0.72957       -3.16564        4.43678
H         -1.87039       -4.26886        3.68713
H         -0.83242       -3.26005        2.69398
H         -4.47418       -3.13544        2.27187
H         -3.48112       -2.15641        1.21091
H         -4.74406       -1.40976        2.16971
H         -3.27299        0.78567        1.13445
H         -1.65734        0.18948        0.74068
H         -2.54818        1.16848       -0.42711
H          0.81563        1.02773        0.46852
H          1.38841        2.51509       -0.30518
H         -0.00830        1.66134       -0.95725
H          1.64536        4.56729        0.46026
H          1.09299        5.65922        1.73374
H          0.40433        5.76932        0.11248
H         -1.97861        6.36870        0.88077
H         -1.24406        6.53657        2.46722
H         -2.94766        6.07092        2.31621
H         -4.41311        3.50351        1.03693
H         -4.22622        4.21237        2.63636
H         -4.25923        2.45312        2.44208
H          1.47972        2.89773        7.11161
H          2.05451        1.97145        5.72693
H          2.32163        3.72519        5.80343
H          0.78704        6.03437        5.89086
H          1.51304        5.52128        4.36431
H          0.02202        6.47216        4.36567
H         -2.90884        5.52974        6.01071
H         -2.20895        6.36345        4.62997
H         -3.54835        5.22780        4.40537
H         -3.65502        2.79217        6.45731
H         -4.11480        2.89168        4.76170
H         -3.46029        1.38395        5.41531
H         -0.53208        1.07981        7.25121
H         -1.59646        0.32565        6.05633
H          0.14932        0.33895        5.80069
