70
CSD_code = HIMLAR | q = 0 | S = 0 | Stoichiometry = C26H32N3O5PSi2W | MND = 6
W         -1.43710        1.79236        6.55073
P         -1.15565        1.98008        4.08339
Si        -2.18553        4.54662        2.90864
Si         0.38405        3.03037        1.53626
O         -1.58436        4.90295        6.91750
O         -1.88485        1.48139        9.62836
O         -4.45050        1.09736        5.99970
O         -0.96492       -1.30851        6.36425
O          1.51488        2.30078        7.46271
C         -1.61119        3.77084        6.75143
C         -1.72988        1.60016        8.50085
C         -3.36726        1.40975        6.18611
C         -1.14029       -0.17981        6.39273
C          0.47456        2.10244        7.02833
C         -0.32697        0.40002        3.64059
C         -2.38877        0.24847        2.87310
C         -0.60423        3.44604        3.14414
H          0.06441        3.97801        3.82789
C         -1.57573        6.35476        2.92255
H         -0.83394        6.55031        2.15795
H         -1.14031        6.61989        3.88101
H         -2.40996        7.02518        2.74914
C         -3.51126        4.40158        4.27201
H         -4.50367        4.54996        3.85542
H         -3.37519        5.14467        5.05118
H         -3.49366        3.42089        4.73747
C         -3.06121        4.13133        1.26371
H         -3.38337        3.09585        1.24947
H         -2.42890        4.29620        0.39908
H         -3.94291        4.75395        1.14686
C          0.60318        4.64338        0.53734
H          1.14683        5.38848        1.10888
H         -0.33435        5.08675        0.22448
H          1.18273        4.43973       -0.35706
C         -0.46268        1.71099        0.45516
H         -0.02815        1.70194       -0.54013
H         -1.52736        1.88554        0.34898
H         -0.33702        0.71663        0.87265
C          2.17112        2.46064        1.90726
H          2.77766        2.57741        1.01403
H          2.22625        1.41759        2.20030
H          2.63839        3.05044        2.69023
C          0.96849       -0.04199        4.10298
C          1.34056       -1.38408        4.00593
H          0.64794       -2.08101        3.56078
C          2.56740       -1.79515        4.48847
H          2.85182       -2.83456        4.41881
C          3.43119       -0.87927        5.06989
H          4.38573       -1.20682        5.45413
C          3.07244        0.45755        5.15998
H          3.74624        1.17019        5.61141
C          1.84870        0.87466        4.67742
H          1.56018        1.91719        4.72367
C         -3.40548       -0.51559        2.23640
C         -3.24670       -1.77937        1.67286
H         -2.32852       -2.32994        1.65527
C         -4.47831       -2.15892        1.15036
H         -4.70759       -3.07501        0.64285
C         -5.37071       -1.13248        1.40830
C         -6.81529       -1.03840        1.07685
H         -7.41537       -0.93346        1.98138
H         -7.13079       -1.93578        0.55257
H         -7.01416       -0.17421        0.44188
C         -5.34026        1.06357        2.52870
H         -5.78273        1.61375        1.69515
H         -4.58760        1.68251        3.01130
H         -6.12809        0.82631        3.24722
N         -2.52250        1.49007        3.28092
N         -1.18127       -0.39238        3.08005
N         -4.71598       -0.14157        2.05768
