107
CSD_code = HIPQAA | q = 0 | S = 0 | Stoichiometry = C38H62N3OSi2Y | MND = 6
Y          0.49233        3.41713       -1.62506
Si        -1.22438        2.23296        1.36577
Si         1.19869        2.36386       -5.05903
O          3.13916        3.97235       -0.48240
N         -1.48669        4.75620       -2.47591
N          0.18818        5.94122       -1.71416
N         -1.59208        2.10204       -2.41725
C         -1.00160        5.99084       -2.26985
C         -1.72703        7.28775       -2.64872
C         -0.99274        8.59805       -2.33259
H         -0.82289        8.72982       -1.26916
H         -1.62038        9.42012       -2.67805
H         -0.03730        8.66764       -2.84229
C         -1.90378        7.28297       -4.18191
H         -0.99639        7.66947       -4.64324
H         -2.73043        7.92739       -4.47731
H         -2.06630        6.29051       -4.58932
C         -3.03924        7.34713       -1.83907
H         -2.83578        7.79317       -0.86677
H         -3.46883        6.36753       -1.65516
H         -3.77686        7.96960       -2.34331
C         -2.62414        4.20830       -2.99111
C         -3.74954        4.81610       -3.55005
H         -3.82618        5.88257       -3.62914
C         -4.83483        4.08936       -4.03825
H         -5.66824        4.63554       -4.45757
C         -4.86512        2.72312       -3.99780
H         -5.70672        2.16349       -4.37685
C         -3.76954        2.03623       -3.44742
C         -3.74038        0.62872       -3.37599
H         -4.58459        0.06991       -3.75535
C         -2.65429       -0.00182       -2.83476
H         -2.60070       -1.07703       -2.76460
C         -1.59778        0.78754       -2.36676
H         -0.72011        0.32121       -1.93254
C         -2.64943        2.75649       -2.94450
C          1.03808        6.96880       -1.30896
C          2.08412        7.38448       -2.15355
C          3.00838        8.30502       -1.68531
H          3.81298        8.62765       -2.32928
C          2.91869        8.81978       -0.40547
H          3.64325        9.54064       -0.05701
C          1.89991        8.39815        0.42926
H          1.84407        8.79264        1.43233
C          0.95445        7.47978        0.00038
C          2.22356        6.79521       -3.53875
H          1.32488        6.20628       -3.74977
C          3.42360        5.84464       -3.57102
H          3.48575        5.34593       -4.53611
H          3.31237        5.08856       -2.79504
H          4.34946        6.39290       -3.40391
C          2.35983        7.86669       -4.62219
H          1.53670        8.57721       -4.57545
H          2.35393        7.40144       -5.60605
H          3.28993        8.42000       -4.51643
C         -0.11531        6.97813        0.94405
H         -0.89961        6.49701        0.35102
C          0.49584        5.91611        1.86303
H          0.85172        5.07423        1.26787
H         -0.24630        5.55058        2.56876
H          1.33065        6.33533        2.42248
C         -0.76001        8.09344        1.76898
H         -1.08844        8.91249        1.13165
H         -0.06739        8.49198        2.50611
H         -1.62626        7.70434        2.30059
C          0.43138        2.24746        0.46212
H          0.73922        1.20836        0.28149
H          1.19140        2.65919        1.13664
C         -1.03473        2.29365        3.27836
H         -0.41595        3.13110        3.58598
H         -0.56599        1.38952        3.65372
H         -1.99460        2.39544        3.77554
C         -2.34894        3.71857        0.89185
H         -2.10476        4.09663       -0.10014
H         -2.25163        4.54032        1.59422
H         -3.39561        3.42722        0.88135
C         -2.23981        0.64725        0.99899
H         -2.67470        0.67905        0.00545
H         -3.05292        0.53232        1.70904
H         -1.62485       -0.24467        1.06194
C          1.83791        2.33446       -3.28588
H          2.84311        2.77185       -3.28712
H          1.97225        1.28448       -2.98844
C          0.36678        4.03227       -5.50773
H          1.09896        4.80695       -5.71210
H         -0.27116        4.37545       -4.69628
H         -0.25412        3.93339       -6.39378
C         -0.10096        0.99484       -5.39549
H          0.13850        0.07611       -4.86988
H         -0.15424        0.76033       -6.45416
H         -1.09140        1.30639       -5.08122
C          2.59102        2.09919       -6.35942
H          3.38617        2.82870       -6.23849
H          2.21867        2.18862       -7.37533
H          3.03708        1.11459       -6.25999
C          4.11340        2.94117       -0.39574
H          3.88080        2.18916       -1.14936
H          4.07103        2.48165        0.60236
C          5.46951        3.63287       -0.60664
H          6.24618        3.16951       -0.00230
H          5.76843        3.57794       -1.65208
C          5.19367        5.08858       -0.19109
H          5.82666        5.41439        0.63119
H          5.34172        5.76684       -1.02885
C          3.71392        5.06614        0.21884
H          3.62139        4.89476        1.30103
H          3.17319        5.96953       -0.05387
