110
CSD_code = HOBYIJ | q = 0 | S = 0 | Stoichiometry = C48H58NPSiTi | MND = 12
Ti         0.67822        3.26829        3.09565
P          0.97932        5.33328        6.98918
Si        -1.28483        6.30491        3.03138
N          1.94622        3.34328        4.47025
C          2.51794        3.77308        1.79110
C          1.37220        4.04969        0.99151
C          0.75506        2.80709        0.67950
C          1.51124        1.77083        1.27318
C          2.57923        2.36376        1.99052
C          3.59929        4.73244        2.19714
H          3.32817        5.75843        1.95558
H          4.52520        4.49232        1.66927
H          3.78994        4.66274        3.27039
C          1.07776        5.33276        0.26936
H          0.00879        5.47848        0.13990
H          1.53761        5.29996       -0.72276
H          1.47811        6.19584        0.79589
C         -0.32801        2.63363       -0.34606
H         -0.67314        1.60246       -0.38749
H          0.05668        2.89535       -1.33505
H         -1.18509        3.27884       -0.14888
C          1.37338        0.30704        0.96604
H          1.93228       -0.30111        1.67487
H          1.77942        0.10823       -0.02944
H          0.33533       -0.02420        0.96923
C          3.72628        1.64477        2.63852
H          4.15360        2.25472        3.43320
H          4.50925        1.44399        1.90205
H          3.41332        0.69140        3.06413
C         -0.09661        1.90826        4.91046
C         -0.13449        1.17374        3.70420
H          0.38738        0.24892        3.50407
C         -1.12071        1.74201        2.86875
H         -1.50627        1.30808        1.95533
C         -1.65750        2.85712        3.53050
H         -2.51622        3.42988        3.21301
C         -1.02062        2.96589        4.78418
H         -1.27332        3.68392        5.55136
C          0.91380        1.77389        6.03484
C          0.25420        2.02527        7.40761
H         -0.13323        3.05050        7.44274
C          1.22105        1.82827        8.57464
H          2.05504        2.52541        8.50886
H          0.69112        2.03434        9.50857
C          1.75401        0.39942        8.57763
H          2.46461        0.27420        9.40313
C          2.46673        0.14608        7.25176
H          2.84778       -0.87889        7.22565
H          3.31826        0.81838        7.16859
C          1.49716        0.34255        6.08495
H          2.02744        0.13998        5.14615
C         -0.90800        1.04288        7.57960
H         -1.42006        1.24839        8.52287
H         -1.62844        1.16877        6.76925
C          0.59504       -0.57881        8.74489
H          0.08526       -0.39494        9.69355
H          0.96829       -1.60589        8.75876
C          0.35139       -0.66235        6.26495
H         -0.36268       -0.59325        5.44500
H          0.75990       -1.67668        6.27197
C         -0.37433       -0.38962        7.58119
H         -1.21191       -1.08940        7.68422
C          1.95307        2.85799        5.62347
C          2.98092        3.44686        6.53435
C          2.67527        4.64499        7.18754
C          3.66544        5.32132        7.89133
H          3.42903        6.26079        8.37278
C          4.95008        4.81336        7.95569
H          5.71211        5.33971        8.51165
C          5.26385        3.64708        7.27694
H          6.27486        3.26667        7.29377
C          4.29085        2.97976        6.55406
H          4.55681        2.10288        5.98001
C          1.50947        7.04092        6.56504
C          2.34345        7.15710        5.45364
H          2.68653        6.25815        4.95668
C          2.72523        8.40117        4.99341
H          3.37425        8.48200        4.13320
C          2.27294        9.54611        5.63107
H          2.56735       10.52071        5.26998
C          1.44056        9.43652        6.73105
H          1.08641       10.32631        7.23192
C          1.05427        8.19067        7.19588
H          0.40497        8.11925        8.05706
C          0.44166        5.55398        8.73216
C         -0.83787        6.08546        8.89150
H         -1.40563        6.36311        8.01209
C         -1.38266        6.25578       10.14939
H         -2.37039        6.68029       10.25794
C         -0.66362        5.87092       11.26955
H         -1.08606        5.99905       12.25538
C          0.59256        5.30949       11.11901
H          1.15028        4.99407       11.98940
C          1.14327        5.14641        9.85948
H          2.12190        4.70050        9.76236
C          0.26840        5.30963        3.42794
H          1.12940        5.86082        3.03650
H          0.36663        5.36733        4.52005
C         -2.44162        6.38096        4.56133
H         -2.90925        5.42509        4.77487
H         -3.23456        7.11041        4.42478
H         -1.87619        6.67423        5.44188
C         -2.34395        5.70276        1.53824
H         -2.21742        6.35211        0.67697
H         -3.40177        5.70438        1.78543
H         -2.08171        4.69251        1.23493
C         -0.81656        8.12803        2.65001
H         -0.25287        8.56018        3.47161
H         -1.69624        8.74464        2.49388
H         -0.20290        8.20426        1.75741
