42
CSD_code = HORWAO | q = -1 | S = 0 | Stoichiometry = C12H19FO6PSi2W(1-) | MND = 6
C         14.48281       11.74565        9.54164
H         13.97131       12.35576        8.79345
C         16.40372       10.07781        7.61899
H         15.84581       10.33829        6.72358
H         16.00195        9.14539        8.00094
H         17.43647        9.90397        7.32492
C         17.35605       10.83559       10.42894
H         16.89292        9.97655       10.90102
H         17.47893       11.60723       11.18167
H         18.34497       10.54212       10.08810
C         16.99730       13.02310        8.23855
H         16.97390       13.83785        8.95199
H         16.45293       13.33958        7.35573
H         18.03049       12.86586        7.94946
C         15.37765       14.01661       11.50991
H         15.22784       14.77392       10.74839
H         16.42208       13.72872       11.48774
H         15.18228       14.47807       12.47208
C         14.49092       11.30146       12.68700
H         15.51726       11.32522       13.04035
H         14.28033       10.29498       12.34394
H         13.83989       11.51007       13.53131
C         12.45099       13.29670       11.35088
H         11.67797       12.53881       11.30539
H         12.28271       13.98469       10.52670
H         12.32150       13.85326       12.27542
C         11.30579        9.40453        5.79376
C         11.57002        8.38676        8.57951
C         11.24145       11.17326        8.04299
C         13.38968       11.14177        6.36532
C         13.67991        8.27371        6.81953
F         12.40956       10.35644       10.51920
O         14.52050        9.07604       10.16570
O         10.64064        9.21491        4.86868
O         11.16150        7.65182        9.35619
O         10.59017       12.03139        8.43822
O         13.88804       12.01488        5.79961
O         14.35428        7.39610        6.51228
P         13.69412       10.06842        9.45429
Si        16.26314       11.41399        8.97240
Si        14.20122       12.52258       11.25184
W         12.43899        9.72615        7.38114
