48
CSD_code = HUJKUT | q = 0 | S = 0 | Stoichiometry = C19H23CoS4Si | MND = 8
Co         6.05241        5.74201        2.64107
S          6.36071        4.06784        1.23897
S          6.49772        4.40282        4.41816
S          7.94442        1.55799        1.43698
S          7.83878        1.87862        4.77746
Si         3.43553        4.81327        0.65066
C          7.09156        2.82986        2.29351
C          7.12764        3.01631        3.63308
C          6.60907        0.28053        1.24939
C          7.25446        0.23297        4.17168
C          5.55738        0.38473        2.30378
C          5.85584        0.34819        3.66844
C          4.82814        0.48757        4.59519
C          3.51748        0.64699        4.19065
C          3.21763        0.66218        2.83936
C          4.23240        0.53404        1.90986
C          4.78571        4.43233        1.94379
C          4.07566        5.94186       -0.74838
C          1.94064        5.56252        1.56436
C          2.92745        3.15802       -0.15554
C          6.33611        7.45421        1.44338
C          7.45278        7.31400        2.31186
C          6.97249        7.34711        3.62691
C          5.55275        7.52141        3.58474
C          5.17377        7.63290        2.23158
H          7.95927       -0.13282        3.43061
H          7.30464       -0.38884        5.06522
H          6.17751        0.41208        0.25766
H          7.13565       -0.67418        1.28472
H          3.99943        0.54613        0.85543
H          2.19556        0.77818        2.51025
H          2.73482        0.76015        4.92510
H          5.07322        0.48238        5.64715
H          4.48549        3.64141        2.63285
H          4.05414        6.99096       -0.47515
H          3.46248        5.82649       -1.63711
H          5.09617        5.68783       -1.02028
H          1.46631        4.82332        2.20203
H          1.19546        5.91302        0.85792
H          2.22275        6.39871        2.19487
H          3.77515        2.66694       -0.62426
H          2.17814        3.32337       -0.92328
H          2.50406        2.47602        0.57382
H          6.39313        7.56110        0.37195
H          8.48693        7.28396        2.01038
H          7.56981        7.33311        4.52479
H          4.92370        7.70313        4.44162
H          4.19536        7.89357        1.86577
