89
CSD_code = HUVRIA | q = 0 | S = 0 | Stoichiometry = C31H52N3ScSi2 | MND = 5
Sc         3.25549        3.29082        4.19496
Si         4.22648        5.29002        7.05838
Si         5.55611        2.11041        1.47641
N          2.45649        1.48319        5.22581
N          1.19086        4.10138        4.66613
N          2.84908        5.19747        2.75308
C          1.47546        0.35492        7.18605
H          1.85213       -0.56730        6.75052
H          0.44746        0.20767        7.50891
H          2.07219        0.58539        8.06928
C          1.58639        1.51417        6.21777
C          0.71697        2.58020        6.46554
H          0.08528        2.45140        7.33306
C          0.47123        3.73502        5.71471
C         -0.73078        4.54320        6.15579
H         -0.44529        5.56321        6.41421
H         -1.19997        4.09361        7.02553
H         -1.47122        4.59626        5.35715
C          0.72481        5.27384        3.95350
H          0.60386        6.13201        4.63613
H         -0.26457        5.08798        3.50187
C          1.64222        5.74560        2.85911
C          3.67300        5.65021        1.80583
H          4.63946        5.16560        1.76035
C          1.21537        6.76494        2.00657
H          0.22592        7.18203        2.12087
C          3.03593        0.23510        4.87607
C          2.34843       -0.58139        3.95765
C          2.89267       -1.80727        3.60793
H          2.36670       -2.44934        2.91833
C          4.10153       -2.22567        4.13167
H          4.51033       -3.18533        3.85205
C          4.78714       -1.40698        5.00698
H          5.73568       -1.73589        5.40438
C          4.27191       -0.17721        5.39353
C          1.03339       -0.12607        3.35946
H          0.95774        0.96230        3.50145
C         -0.14241       -0.79147        4.08052
H         -1.08306       -0.49224        3.62216
H         -0.16436       -0.50347        5.12748
H         -0.05844       -1.87509        4.02143
C          0.94962       -0.40853        1.85735
H          1.84058       -0.04985        1.34759
H          0.08403        0.09936        1.43609
H          0.84074       -1.47224        1.65966
C          5.05470        0.69826        6.34530
H          4.48050        1.61735        6.52598
C          6.39016        1.09643        5.71118
H          7.01182        0.22172        5.53380
H          6.93164        1.77122        6.37105
H          6.21355        1.59812        4.75912
C          5.28706        0.00031        7.68779
H          4.34516       -0.32624        8.12205
H          5.76974        0.68307        8.38395
H          5.92601       -0.87146        7.56785
C          4.75428        4.50464        5.43217
H          5.65652        3.91102        5.64454
H          5.10764        5.32982        4.78817
C          2.82821        6.57180        6.75482
H          2.93696        7.04570        5.78255
H          2.82730        7.35614        7.50533
H          1.85787        6.08783        6.78577
C          5.61667        6.22999        7.99844
H          6.45503        5.57317        8.21079
H          5.27050        6.63258        8.94615
H          5.99682        7.05983        7.40984
C          3.55671        3.97443        8.28254
H          2.74584        3.40710        7.83132
H          3.17555        4.43184        9.19084
H          4.33374        3.27401        8.57380
C          3.84120        2.22946        2.24699
H          3.49991        1.18848        2.36011
H          3.16296        2.67216        1.49180
C          5.56941        2.45653       -0.41629
H          4.96682        1.73136       -0.95495
H          6.57366        2.41651       -0.82753
H          5.16488        3.44121       -0.63656
C          6.27997        0.35465        1.72959
H          6.12793        0.01797        2.75041
H          7.34472        0.31676        1.52077
H          5.79257       -0.36491        1.07877
C          6.79398        3.37965        2.23211
H          6.41341        3.79053        3.16633
H          6.98524        4.20938        1.55683
H          7.75333        2.91852        2.44486
C          3.33419        6.66020        0.92706
H          4.03598        6.99397        0.17975
C          2.07068        7.22990        1.02810
H          1.76392        8.01873        0.35747
