134
CSD_code = IFEHEI | q = 0 | S = 0 | Stoichiometry = C49H76N7ScSi | MND = 6
Sc         3.49233       10.89105       14.70429
Si         4.82128        7.43545       17.57006
N          3.98885       12.54995       15.99412
N          2.11054       12.20696       13.67306
N          2.33163        9.43001       12.79851
N          2.55520        9.76947        9.08036
N          5.25096       10.25905       13.84180
H          5.44032        9.39046       14.35156
N          2.06777        9.77081       15.85722
N          3.32893        9.35727       16.14478
C          4.33013       14.93063       16.54760
H          4.69025       14.55946       17.50370
H          3.58885       15.70793       16.72102
H          5.16516       15.38275       16.01319
C          3.74808       13.81456       15.70455
C          2.95985       14.24579       14.63283
H          2.90384       15.32083       14.53288
C          2.16597       13.52736       13.73028
C          1.30790       14.37269       12.81436
H          1.44845       14.08752       11.77294
H          1.54877       15.42616       12.91952
H          0.25320       14.24028       13.05692
C          1.14973       11.63567       12.73985
H          1.41860       11.88557       11.70264
H          0.14436       12.04535       12.92131
C          1.03715       10.11554       12.87810
H          0.60911        9.88625       13.85802
H          0.33201        9.75260       12.11227
C          2.98433        9.57572       11.48977
H          3.97106        9.11777       11.57258
H          3.13505       10.63886       11.30140
C          2.25681        8.98506       10.26727
H          2.53020        7.92322       10.12907
H          1.17506        9.03214       10.41398
C          2.15716        8.01001       13.10467
H          1.76325        7.88507       14.11230
H          3.12320        7.51109       13.04545
H          1.46400        7.51801       12.40939
C          4.66998       12.21289       17.19651
C          6.07425       12.22381       17.27480
C          6.68758       11.82248       18.45420
H          7.76533       11.82095       18.51713
C          5.94605       11.43965       19.55311
H          6.43998       11.13479       20.46407
C          4.56614       11.47145       19.48769
H          3.99267       11.20477       20.36152
C          3.91012       11.85372       18.32719
C          2.39909       11.93878       18.30592
H          2.06584       11.84681       17.26203
C          1.94391       13.30367       18.83435
H          2.33431       13.47102       19.83685
H          0.85729       13.34465       18.87487
H          2.29279       14.10387       18.18858
C          1.73701       10.82510       19.11974
H          1.81424       11.01665       20.18796
H          2.19707        9.86500       18.90092
H          0.68036       10.76529       18.86731
C          6.93571       12.69400       16.12399
H          6.27726       13.02596       15.31588
C          7.80920       11.55970       15.58227
H          8.37360       11.08380       16.38054
H          8.51497       11.94572       14.84885
H          7.18368       10.81610       15.09575
C          7.81890       13.87138       16.55351
H          7.23464       14.64086       17.05223
H          8.29989       14.31284       15.68284
H          8.59701       13.54181       17.23771
C          1.21487        8.89130       16.39715
H          0.14933        9.01386       16.30370
C          1.91677        7.88802       17.05176
C          1.33424        6.68057       17.71352
H          0.64411        6.97782       18.50782
H          2.14081        6.09353       18.15741
C          0.60684        5.85590       16.68563
C         -0.75372        5.60327       16.78599
H         -1.30546        5.97786       17.63717
C         -1.41110        4.87598       15.80807
H         -2.47081        4.68517       15.90150
C         -0.71490        4.39619       14.71302
H         -1.22763        3.83015       13.94888
C          0.64358        4.64514       14.60261
H          1.19361        4.27346       13.74987
C          1.29801        5.36870       15.58134
H          2.35651        5.56713       15.49461
C          3.94100        9.63436        8.67316
H          4.59980        9.97163        9.46922
H          4.11162       10.25945        7.79836
H          4.20218        8.59589        8.41665
C          1.66494        9.43184        7.98811
H          1.75807        8.38183        7.66827
H          1.89041       10.07257        7.13729
H          0.63406        9.61186        8.29192
C          5.90026       10.18980       12.64227
C          6.48911        8.97973       12.16661
C          7.19961        8.97356       10.97938
H          7.66251        8.05723       10.64280
C          7.33605       10.10944       10.20494
H          7.89283       10.08138        9.28039
C          6.74589       11.28270       10.63941
H          6.85434       12.17336       10.03751
C          6.03915       11.34717       11.82510
C          5.46974       12.68418       12.25097
H          4.88036       12.53060       13.17189
C          4.54874       13.29129       11.18915
H          5.10255       13.53008       10.28405
H          4.10442       14.20945       11.56830
H          3.75105       12.60287       10.92080
C          6.60132       13.67173       12.55530
H          7.31306       13.23193       13.24678
H          6.20139       14.58541       12.99211
H          7.13404       13.93261       11.64303
C          6.38280        7.67143       12.93102
H          5.63736        7.76342       13.73158
C          5.91148        6.51909       12.03689
H          5.00708        6.79543       11.49741
H          5.69771        5.64003       12.64338
H          6.67000        6.24543       11.30853
C          7.72840        7.32676       13.57653
H          7.64619        6.42576       14.18281
H          8.06669        8.14576       14.20841
H          8.48294        7.16038       12.81100
C          3.26528        8.22170       16.86714
C          6.31519        8.51752       17.10178
H          5.98354        9.52628       16.86926
H          6.84458        8.12783       16.23912
H          7.02794        8.58413       17.91761
C          5.06911        5.66698       16.87628
H          4.27663        4.98995       17.18108
H          6.00676        5.24724       17.22835
H          5.10044        5.66755       15.78989
C          4.68630        7.36853       19.47578
H          4.64969        8.37291       19.88708
H          5.54554        6.86601       19.90950
H          3.79740        6.84387       19.81172
