111
CSD_code = IMACOO | q = 0 | S = 0 | Stoichiometry = C42H58Cl2N4Si4Zr | MND = 8
Zr        15.73690       -0.87346        1.84052
Cl        16.03935       -2.41489        3.58390
Cl        14.11835        0.66447        2.67967
Si        17.43400        0.72246        4.36318
Si        18.04873       -3.09593        0.71906
Si        12.82563       -2.84808        2.31043
Si        14.20752        0.33221       -4.19603
N         14.00293       -2.04151        1.30991
N         14.80558       -0.53042       -0.12912
N         17.47842       -1.45279        0.75174
N         17.13998        0.50114        2.65346
C         13.84093       -1.39491        0.17330
C         12.65515       -1.59191       -0.69658
C         12.40201       -2.84106       -1.25157
H         13.06900       -3.66301       -1.03217
C         11.31252       -3.02187       -2.08408
H         11.12493       -3.99161       -2.52136
C         10.46236       -1.96267       -2.35476
H          9.61041       -2.10577       -3.00286
C         10.70493       -0.72029       -1.79234
H         10.03852        0.10449       -1.99709
C         11.80138       -0.53004       -0.97168
H         11.99716        0.43747       -0.53283
C         14.82758        0.14635       -1.35639
C         14.59251       -0.45755       -2.53424
H         14.41374       -1.52585       -2.49555
C         15.15943        1.57856       -1.24455
C         16.07109        2.16866       -2.11689
H         16.56499        1.55474       -2.85290
C         16.36616        3.51544       -2.01460
H         17.08119        3.96120       -2.69145
C         15.75005        4.29307       -1.04735
H         15.97685        5.34617       -0.97157
C         14.84896        3.71183       -0.17179
H         14.36315        4.31273        0.58146
C         14.56446        2.36063       -0.25751
H         13.86527        1.91410        0.43652
C         12.70071       -1.97542        4.00747
H         12.34727       -0.95180        3.91440
H         13.65998       -1.95377        4.51787
H         12.00313       -2.50922        4.64583
C         13.43709       -4.64772        2.54153
H         13.52036       -5.18622        1.60205
H         12.73742       -5.19078        3.16701
H         14.40504       -4.66913        3.03288
C         11.03251       -2.90339        1.64090
H         10.68444       -1.92663        1.32173
H         10.37071       -3.24608        2.42892
H         10.92124       -3.58212        0.80319
C         13.16253       -0.98688       -5.10376
H         13.74198       -1.88406       -5.29994
H         12.79796       -0.62027       -6.05820
H         12.30028       -1.27785       -4.51102
C         15.72665        0.72855       -5.29384
H         16.58035        0.10536       -5.04458
H         16.03287        1.76495       -5.19135
H         15.49527        0.56164       -6.34165
C         13.14492        1.90347       -3.98459
H         12.79743        2.27781       -4.94293
H         13.70066        2.69971       -3.50028
H         12.27105        1.69648       -3.37452
C         17.79853       -0.44063       -0.03926
C         17.67281        0.89653        0.35893
H         17.87960        1.65779       -0.37967
C         17.40492        1.33776        1.66912
C         18.26008       -0.66649       -1.42888
C         17.55724       -1.55702       -2.23441
H         16.71831       -2.09126       -1.81307
C         17.91510       -1.73918       -3.55682
H         17.35445       -2.42313       -4.17677
C         18.99072       -1.04500       -4.08615
H         19.27454       -1.18985       -5.11800
C         19.70118       -0.16313       -3.28852
H         20.54345        0.37467       -3.69772
C         19.33359        0.03385       -1.96974
H         19.89324        0.71699       -1.34812
C         17.44809        2.80406        1.88022
C         16.38749        3.41770        2.54098
H         15.56588        2.81179        2.89676
C         16.37454        4.79084        2.70647
H         15.54575        5.26126        3.21470
C         17.41891        5.56185        2.22480
H         17.41010        6.63343        2.35988
C         18.47719        4.95545        1.56850
H         19.29581        5.55363        1.19568
C         18.48943        3.58459        1.38870
H         19.32195        3.11323        0.88675
C         19.02597       -3.40502        2.33351
H         19.81819       -2.67363        2.46496
H         19.48811       -4.38689        2.31011
H         18.38294       -3.36240        3.20532
C         16.46697       -4.16764        0.58758
H         16.30870       -4.55083       -0.41728
H         15.59008       -3.58226        0.87676
H         16.52544       -5.02209        1.25382
C         19.27022       -3.59252       -0.67249
H         20.02909       -2.83179       -0.82303
H         18.78764       -3.76281       -1.62786
H         19.77929       -4.50948       -0.39536
C         15.84079        0.53990        5.40011
H         15.12493        1.33383        5.20591
H         16.08484        0.56290        6.45754
H         15.34662       -0.40734        5.19668
C         18.27532        2.37364        4.85464
H         19.07660        2.63659        4.17218
H         18.70890        2.27219        5.84359
H         17.58390        3.20766        4.88402
C         18.71429       -0.63507        4.80250
H         19.53615       -0.65345        4.09264
H         18.25814       -1.61818        4.81454
H         19.13252       -0.45250        5.78639
