70
CSD_code = ISAPAT | q = 0 | S = 0 | Stoichiometry = C30H36O2SiTi | MND = 12
Ti         2.17859        1.15710        3.52229
Si         0.88075        4.20264        3.39666
O          2.40530       -0.23497        4.51399
O          3.57723        1.40247        2.58726
C          2.48621        3.75754        4.26760
C          2.49076        2.54243        5.09994
C          3.84652        2.38956        5.56915
C          4.61391        3.36835        4.98874
C          3.78857        4.20819        4.19186
C          0.39668        2.44729        2.88123
C         -0.13581        1.39747        3.68529
C          0.05552        0.17966        3.00266
C          0.73582        0.44323        1.78734
C          0.93111        1.83852        1.71476
C          4.30217        5.39954        3.45099
C          4.28392        1.37982        6.58535
C         -0.95763        1.54600        4.93515
C          1.02933       -0.55185        0.70169
C          1.00090        5.28159        1.82037
C         -0.38742        5.06325        4.54835
C          2.57924       -1.52922        4.28451
C          3.16730       -1.95418        3.08548
C          3.34225       -3.30039        2.82990
C          2.93348       -4.24310        3.75948
C          2.35321       -3.83009        4.94678
C          2.16857       -2.48665        5.23119
C          1.54958       -2.03409        6.52160
C          4.90114        1.43889        2.53034
C          5.67053        0.65009        3.39174
C          7.04956        0.70255        3.33595
C          7.67831        1.53487        2.42441
C          6.92067        2.30962        1.56156
C          5.53727        2.27254        1.59193
C          4.68945        3.08479        0.65955
H          0.73786       -2.69679        6.81485
H          7.41334        2.95668        0.84920
H          5.15675        0.01067        4.10167
H          8.75620        1.58050        2.38427
H          1.16863       -1.01727        6.41561
H          1.66256        2.33327        5.78580
H          3.99827        1.70657        7.58848
H          7.63676        0.09332        4.00741
H          1.33447        2.36804        0.85931
H         -1.40964        4.85837        4.24658
H          5.26882        3.87854        0.19458
H          3.48901       -1.19611        2.37335
H          1.95644       -0.30113        0.18217
H          5.36537        1.25893        6.56428
H          3.81108        0.41322        6.39847
H          5.67730        3.49437        5.10720
H         -0.32547       -0.78810        3.31086
H          0.22226       -0.55078       -0.03594
H         -0.71920        2.46615        5.46416
H          3.53334        5.82237        2.81130
H         -0.27528        4.76149        5.58485
H          5.16729        5.13090        2.84574
H          2.29339       -2.03614        7.31959
H          1.20872        6.31393        2.07971
H         -2.01989        1.57753        4.67825
H          3.85247        3.51646        1.21071
H          0.06037        5.26679        1.27837
H          4.28176        2.44696       -0.12761
H         -0.24482        6.13790        4.51126
H         -0.80583        0.69849        5.60659
H          3.06649       -5.29557        3.56053
H          2.03331       -4.56495        5.67206
H          3.79812       -3.61529        1.90250
H          1.77830        4.94658        1.14161
H          1.11290       -1.56035        1.10778
H          4.62125        6.16708        4.15770
