90
CSD_code = JALWOJ | q = 0 | S = 0 | Stoichiometry = C44H42N2SiZr | MND = 12
Zr        15.92303        9.83736        1.42361
Si        14.76247        9.86936        4.74931
C         15.13655        8.46910        3.54061
C         14.26309        7.65370        2.78447
C         14.98966        6.95969        1.80773
H         14.58288        6.20376        1.15583
C         16.35285        7.30223        1.92618
C         17.52796        6.75475        1.32286
C         17.48296        5.83015        0.26638
H         16.52105        5.53553       -0.12875
C         18.63890        5.31502       -0.26696
H         18.59193        4.60758       -1.08202
C         19.88096        5.70015        0.24229
H         20.78442        5.28783       -0.18268
C         19.95195        6.59583        1.28047
H         20.91308        6.89311        1.67658
C         18.78984        7.14465        1.84579
C         18.86301        8.05629        2.93988
H         19.84485        8.29248        3.32752
C         17.74882        8.60053        3.50823
H         17.83625        9.22362        4.39115
C         16.46057        8.23375        3.03103
C         12.81692        7.40799        3.09173
H         12.18671        8.26529        2.85844
H         12.69342        7.18527        4.15056
H         12.45740        6.55956        2.51457
C         15.77377        9.78021        6.37117
H         15.53227       10.62174        7.01200
H         16.84701        9.77457        6.22961
H         15.51529        8.87499        6.91147
C         12.96254        9.97883        5.38899
H         12.83257       10.89589        5.95486
H         12.75015        9.15124        6.05763
H         12.20997        9.97181        4.61095
C         15.22938       11.24675        3.54660
C         16.38793       12.05511        3.48469
C         16.43104       12.72792        2.25628
H         17.15931       13.47533        1.98631
C         15.28876       12.37845        1.50619
C         14.74776       12.90796        0.29310
C         15.44557       13.81496       -0.52145
H         16.44575       14.10952       -0.23672
C         14.87581       14.31328       -1.66734
H         15.42364       15.00740       -2.28789
C         13.58483       13.92840       -2.03563
H         13.14468       14.32736       -2.93783
C         12.87821       13.04988       -1.25207
H         11.87799       12.75275       -1.53552
C         13.43265       12.51857       -0.07665
C         12.68913       11.62555        0.74990
H         11.67802       11.38992        0.44619
C         13.20420       11.09841        1.89773
H         12.58258       10.49040        2.54533
C         14.51165       11.46498        2.31966
C         17.32973       12.31513        4.62115
H         17.96159       11.45714        4.84725
H         16.76848       12.55881        5.52205
H         17.97670       13.15445        4.37793
N         14.98797        9.68312       -0.38326
C         15.44804       10.45154       -1.53888
H         16.10109       11.26598       -1.21213
H         14.58130       10.89833       -2.04852
H         15.97997        9.84782       -2.28501
C         14.31736        8.50970       -0.72730
C         13.08803        8.22582       -0.10790
H         12.69587        8.94445        0.59838
C         12.36882        7.09055       -0.42108
H         11.41677        6.91052        0.05805
C         12.85103        6.18831       -1.35643
H         12.29108        5.29803       -1.59935
C         14.05550        6.45302       -1.98681
H         14.44161        5.75987       -2.72118
C         14.77223        7.59731       -1.69514
H         15.70529        7.77014       -2.21413
N         17.78068        9.96613        0.58955
C         18.13626        9.17483       -0.58730
H         17.41543        8.36387       -0.72626
H         19.12778        8.72221       -0.43676
H         18.19166        9.76282       -1.51212
C         18.52576       11.13803        0.71751
C         18.77742       12.03089       -0.33866
H         18.36981       11.84311       -1.32275
C         19.52577       13.17493       -0.14031
H         19.68451       13.85304       -0.96724
C         20.07685       13.45838        1.09830
H         20.67073       14.34829        1.24159
C         19.86692       12.57527        2.14592
H         20.31427       12.76982        3.11049
C         19.10329       11.44061        1.96271
H         18.96647       10.73661        2.77188
