88
CSD_code = JALXIE | q = 0 | S = 0 | Stoichiometry = C44H40N2SiZr | MND = 12
Zr         5.34649        5.42503        9.59222
Si         4.30935        6.25774       12.79752
N          4.39564        5.71490        7.76673
N          6.87849        4.68391        8.43939
C          5.45837        5.68137        6.76727
H          5.99795        6.64135        6.81157
H          5.04645        5.57884        5.75298
C          6.47779        4.56767        7.04785
H          6.03277        3.57394        6.84830
H          7.34047        4.69869        6.37506
C          3.21351        5.11401        7.38454
C          2.01496        5.60377        7.93530
H          2.07917        6.43431        8.62414
C          0.78943        5.08252        7.58000
H         -0.11245        5.49202        8.01417
C          0.70314        4.05202        6.65601
H         -0.25583        3.64313        6.37720
C          1.86761        3.56636        6.08532
H          1.81581        2.76750        5.35847
C          3.10085        4.08391        6.43027
H          3.98394        3.67077        5.96404
C          8.04413        4.05973        8.79225
C          8.79460        3.21413        7.95491
H          8.43761        2.95686        6.96979
C          9.99143        2.67612        8.38312
H         10.54258        2.02866        7.71551
C         10.49170        2.94900        9.64397
H         11.43452        2.53173        9.96289
C          9.75431        3.76016       10.49261
H         10.11871        3.97891       11.48644
C          8.55425        4.29371       10.08157
H          7.96974        4.91400       10.75346
C          3.29242        8.33686       10.08220
H          3.24626        9.29148       10.61193
H          2.50958        7.70221       10.49212
H          3.08576        8.52832        9.02910
C          4.66282        7.74158       10.24408
C          5.22596        7.21874       11.44494
C          6.63242        7.08800       11.20563
C          7.70963        6.89896       12.10971
H          7.50534        6.71114       13.15290
C          8.99212        7.03401       11.67379
H          9.81521        6.93005       12.36556
C          9.30284        7.28988       10.30582
C         10.63161        7.31909        9.85619
H         11.42462        7.13605       10.56718
C         10.92733        7.55731        8.53821
H         11.95409        7.56380        8.20331
C          9.90062        7.79373        7.62207
H         10.14208        7.98282        6.58609
C          8.59121        7.78519        8.03371
H          7.79981        7.97236        7.32059
C          8.25971        7.52074        9.37129
C          6.91253        7.48491        9.85326
C          5.68130        7.90018        9.27450
H          5.55701        8.43228        8.33906
C          1.74430        4.78564       10.93688
H          1.15311        4.30689       10.16011
H          1.56322        5.85693       10.89377
H          1.38556        4.43481       11.90547
C          3.19239        4.41356       10.78751
C          4.19853        4.67705       11.75815
C          5.30456        3.81302       11.44812
C          6.43304        3.41335       12.21382
H          6.64309        3.89820       13.15667
C          7.19365        2.36170       11.80454
H          8.02451        2.02652       12.40746
C          6.95374        1.67878       10.57551
C          7.80244        0.65379       10.13209
H          8.65661        0.38863       10.73781
C          7.56964        0.00898        8.94346
H          8.23824       -0.77007        8.60854
C          6.46812        0.35650        8.15920
H          6.29339       -0.15845        7.22546
C          5.61032        1.34658        8.57147
H          4.75167        1.61338        7.96871
C          5.83846        2.03352        9.77402
C          4.97281        3.06648       10.25701
C          3.66453        3.46054        9.86149
H          3.05403        2.96940        9.11462
C          2.64967        7.02297       13.36165
H          1.99985        7.35314       12.56244
H          2.84793        7.88336       13.99248
H          2.09665        6.30496       13.95801
C          5.22392        6.06324       14.46523
H          4.57887        5.55362       15.17408
H          5.45569        7.03936       14.87939
H          6.14739        5.50097       14.41011
