79
CSD_code = JEWFAT | q = 0 | S = 0 | Stoichiometry = C28H48HfSi2 | MND = 12
C          5.98239        3.93396       13.15510
C          5.91004        3.89100       11.86076
C          6.69608        3.83572       16.18145
H          7.69648        4.22332       16.34883
H          6.44393        3.21917       17.03887
H          6.01342        4.67996       16.16966
C          8.32280        2.09307       14.18097
H          9.06043        2.85934       13.96886
H          8.28421        1.42783       13.32439
H          8.68416        1.51721       15.02861
C          5.45130        1.31614       14.84046
H          5.03196        0.94784       13.90990
H          4.62682        1.54253       15.50902
H          6.01296        0.50124       15.28828
C          8.23711        2.54027       10.20208
H          8.63742        3.34976        9.59990
H          8.46779        1.61280        9.68556
H          8.77657        2.53074       11.14340
C          5.74834        0.91157       10.85217
H          4.67836        0.86262       11.02231
H          6.24015        0.51759       11.73569
H          5.97798        0.24697       10.02380
C          5.53697        3.28140        8.83900
H          4.58887        2.78300        8.66011
H          6.17585        3.06936        7.98707
H          5.35026        4.35106        8.85372
C          7.44343        6.46095       12.58167
C          6.91907        6.76635       11.29755
C          5.92460        7.77519       11.45376
C          5.82197        8.07421       12.84265
C          6.73235        7.22644       13.54032
C          8.64506        5.60742       12.84070
H          9.55513        6.18775       12.66901
H          8.66242        4.74579       12.17788
H          8.65936        5.25284       13.86802
C          7.51384        6.35742        9.98353
H          8.30398        7.05744        9.69751
H          6.76731        6.36006        9.19150
H          7.95087        5.36551       10.04531
C          5.40155        8.59878       10.31076
H          6.23399        9.11343        9.82434
H          4.70052        9.35476       10.65271
H          4.91311        7.98532        9.55175
C          5.25110        9.32823       13.43916
H          6.02133       10.10530       13.43031
H          4.94978        9.18267       14.47371
H          4.40271        9.70816       12.87624
C          7.07177        7.36807       14.99631
H          7.66647        8.27103       15.15763
H          7.65133        6.51854       15.34689
H          6.17633        7.45100       15.61283
C          3.14907        5.03433       13.65481
C          3.04049        4.47528       12.35354
C          2.93635        5.54185       11.42434
C          2.89350        6.76451       12.15716
C          3.04953        6.45101       13.53756
C          3.05506        4.28413       14.94916
H          2.01045        4.21787       15.26633
H          3.60967        4.78359       15.74150
H          3.43775        3.27442       14.84082
C          2.88838        3.01738       12.05138
H          1.84880        2.71481       12.20047
H          3.51386        2.41585       12.70652
H          3.15894        2.79984       11.02149
C          2.61498        5.41811        9.96246
H          1.54275        5.55541        9.79971
H          2.88764        4.43663        9.58399
H          3.13537        6.17106        9.37002
C          2.32082        8.03581       11.60041
H          1.22892        7.97280       11.63132
H          2.60723        8.18765       10.56275
H          2.60985        8.91069       12.17671
C          2.78319        7.35615       14.70708
H          1.84697        7.06199       15.18815
H          2.68307        8.39176       14.39474
H          3.56852        7.29142       15.46227
Hf         5.08601        5.80545       12.49146
Si         6.59382        2.83166       14.55270
Si         6.34345        2.69360       10.47493
