61
CSD_code = JOGXAF | q = 0 | S = 0 | Stoichiometry = C24H27CoO7SSi | MND = 8
C          9.19115       17.79446       16.64035
C          8.79680       16.68782       17.59364
C          7.82849       15.63272       17.01261
C          6.54679       16.32422       16.59248
C          6.65551       17.33045       15.74012
C          8.84826       19.04262       17.33278
C          8.04921       17.42148       18.70413
C          8.38611       15.08458       15.74209
C          8.94717       13.19631       14.45964
H          8.30019       13.57882       13.66369
H          9.97597       13.50804       14.25049
C          8.84018       11.68973       14.59261
H          9.47457       11.33905       15.40162
H          9.15265       11.21841       13.66565
H          7.81420       11.40521       14.80762
C          3.72005       15.17544       15.72724
H          3.67802       14.11494       15.49421
H          4.02610       15.71557       14.83794
H          2.71468       15.50807       15.96013
C          5.43013       13.77640       17.72980
H          4.54449       13.17062       17.89077
H          5.97374       13.78344       18.66838
H          6.03815       13.26366       16.99058
C          4.27758       16.30753       18.83448
H          3.71865       17.21993       18.66946
H          5.11882       16.53359       19.48510
H          3.63904       15.60157       19.35652
C          5.39003       19.94832       15.67042
C          5.81714       20.33734       16.92537
H          5.96329       19.59090       17.68879
C          6.03665       21.68018       17.17989
H          6.38981       21.99140       18.15010
C          5.80577       22.61659       16.18412
H          5.98142       23.66371       16.38073
C          5.33884       22.21913       14.94085
H          5.14165       22.95380       14.17455
C          5.12784       20.87494       14.67974
H          4.75889       20.53460       13.72489
C          8.21496       19.65130       14.11772
H          7.87102       20.54835       14.60555
C          7.47549       18.83307       13.22474
H          6.44021       18.94025       12.95397
C          8.36017       17.87716       12.69509
H          8.11402       17.13757       11.95011
C          9.66857       18.15069       13.18684
H         10.57193       17.65210       12.87501
C          9.58256       19.25212       14.04237
H         10.39960       19.76647       14.52043
O          9.11343       20.18252       17.08168
O          8.10434       18.74488       18.48454
O          7.48683       16.93506       19.63724
O          8.63173       15.80449       14.77338
O          8.53533       13.78262       15.70575
O          4.17486       17.80260       16.43490
O          4.69177       17.98105       14.03894
Si         4.88449       15.54704       17.19541
S          5.11525       18.19398       15.40332
Co         8.31336       17.71610       14.81081
H         10.25146       17.78427       16.37206
H          9.66236       16.16874       18.01906
H          7.65504       14.84557       17.74089
