45
CSD_code = JOMRIM | q = 0 | S = 0 | Stoichiometry = C14H26ClNOSiW | MND = 8
W          2.69569        1.77137        2.81590
Cl         3.63417        3.83160        3.44521
Si         0.15010        3.43342        2.71632
N          2.47502        1.28204        4.49397
O          2.43048        0.78153        5.57594
C          2.85122        0.03055        1.24766
C          3.91050       -0.08651        2.20556
C          4.74667        1.06935        2.06690
C          4.21863        1.87446        1.00365
C          3.05577        1.24300        0.50580
C          1.90603       -1.07933        0.88514
C          4.20260       -1.29363        3.04764
C          6.05737        1.29487        2.76096
C          4.91677        3.07924        0.44583
C          2.27948        1.62260       -0.72110
C          0.55243        1.57115        2.53051
C         -1.71370        3.74860        2.41043
C          0.54217        4.08861        4.47973
C          1.07302        4.39327        1.32373
H         -0.00649        0.99074        3.26727
H          0.22203        1.23921        1.54302
H         -1.94393        4.80505        2.49226
H         -2.32413        3.22148        3.13499
H         -2.01961        3.42105        1.42277
H          1.05058        5.04789        4.44498
H          1.18123        3.39832        5.03109
H         -0.37151        4.22016        5.05170
H          1.05281        5.46184        1.51580
H          2.12053        4.10026        1.24368
H          0.60065        4.22962        0.35883
H          2.44612       -1.85842        0.34328
H          1.46830       -1.52550        1.77661
H          1.10081       -0.72040        0.24931
H          4.87717       -1.96756        2.51640
H          4.67396       -1.00719        3.98635
H          3.28608       -1.83288        3.27794
H          6.86835        0.82839        2.19700
H          6.26913        2.35925        2.85103
H          6.04427        0.86198        3.76052
H          5.89051        2.78987        0.04749
H          5.07899        3.83015        1.22180
H          4.34242        3.53637       -0.35723
H          2.54109        0.95326       -1.54319
H          2.50017        2.64137       -1.03096
H          1.20506        1.54508       -0.55549
