47
CSD_code = KAXJAU | q = 0 | S = 0 | Stoichiometry = C18H25ClOSiZr | MND = 13
Zr         7.81814        3.17186        2.35120
Cl         8.47486        2.76130        4.60545
Si         2.08089        3.15807       -0.39349
O          5.95160        2.95819        3.08553
C          5.68403        3.16919        1.84679
C          4.26520        3.12196        1.47752
C          3.88436        3.20874        0.19788
C          2.09962        3.06251       -2.29636
C          1.21347        4.75239        0.19482
C          1.22494        1.62340        0.34799
C          7.95888        0.71011        2.09249
C          7.35345        1.15763        0.89564
C          8.29975        1.93690        0.18597
C          9.49907        1.94654        0.92933
C          9.28837        1.19630        2.10842
C          7.30015       -0.12132        3.15806
C          9.38273        5.03699        2.41715
C          8.26264        5.48108        3.16793
C          7.18042        5.66305        2.28411
C          7.61473        5.32382        0.98446
C          8.97727        4.95110        1.06369
C         10.76343        4.78796        2.96306
H          3.53516        3.01397        2.27715
H          4.67875        3.31082       -0.53512
H          2.59419        3.92499       -2.73304
H          2.61770        2.17463       -2.64642
H          1.09101        3.02937       -2.69628
H          1.23151        4.83376        1.27743
H          1.69546        5.63847       -0.20761
H          0.17413        4.77269       -0.11918
H          1.73077        0.70739        0.05735
H          1.21601        1.66152        1.43293
H          0.19407        1.54844        0.01510
H          6.37794        0.85651        0.53121
H          8.16737        2.32755       -0.81556
H         10.45638        2.32095        0.58784
H         10.04211        0.94209        2.84498
H          6.46972        0.42839        3.61761
H          6.90361       -1.04844        2.73941
H          8.01744       -0.36861        3.93996
H          8.27232        5.72753        4.22353
H          6.21183        6.07514        2.54273
H          7.04473        5.45268        0.07310
H          9.63276        4.79294        0.21571
H         11.20306        5.71915        3.32604
H         10.72516        4.08783        3.80287
H         11.41873        4.38397        2.19079
