66
CSD_code = KAYBIV | q = 0 | S = 0 | Stoichiometry = C24H38N2SiZr | MND = 13
Zr        -0.22273        1.45051        5.56125
Si         0.45996       -1.93947        5.38192
N          1.05828        1.97691        3.71027
N          1.87362       -0.64661        2.18961
C          0.99738        0.71666        3.91834
C          1.77306       -0.42765        3.43871
C          2.12745       -1.26212        4.63116
C         -0.19491       -0.61152        6.53069
C         -0.81336       -2.30442        3.99528
C          0.93300       -3.64099        6.14867
C          1.93804        2.65852        2.73899
C          3.40198        2.23113        2.87701
C          1.42015        2.31839        1.33640
C          1.80484        4.16515        2.99223
C          2.50682       -1.76007        1.51597
C          2.30838       -1.47460        0.01799
C          1.86609       -3.11536        1.83923
C          4.01644       -1.80537        1.80343
C         -2.02027        1.23567        3.75227
C         -1.85205        2.62167        3.93839
C         -2.27199        2.94301        5.24196
C         -2.68778        1.75193        5.87610
C         -2.54026        0.69624        4.94695
C          1.59473        1.82449        7.37818
C          1.75826        2.83864        6.41911
C          0.61329        3.66363        6.45082
C         -0.24343        3.17052        7.45900
C          0.35468        2.03125        8.02371
H          2.83192       -2.05405        4.39735
H          2.58008       -0.61054        5.38732
H         -1.20753       -0.87155        6.87308
H          0.43233       -0.60442        7.43176
H         -0.81599       -1.51358        3.25058
H         -1.81525       -2.38292        4.40519
H         -0.60487       -3.24166        3.49106
H          1.68504       -3.52952        6.92366
H          1.32234       -4.33780        5.41229
H          0.06426       -4.10388        6.60448
H          3.51545        1.18658        2.60550
H          4.02529        2.83273        2.21915
H          3.74891        2.36445        3.90092
H          1.45681        1.23943        1.19828
H          0.39030        2.65323        1.22657
H          2.03089        2.80667        0.58018
H          2.26622        4.44228        3.93738
H          0.75296        4.44480        3.02286
H          2.29077        4.72430        2.19574
H          2.78282       -0.53351       -0.24808
H          1.24743       -1.39653       -0.20458
H          2.73909       -2.26946       -0.58587
H          2.34675       -3.89457        1.25103
H          0.80995       -3.08985        1.58384
H          1.96222       -3.36446        2.89111
H          4.22103       -2.03891        2.84461
H          4.48645       -2.56417        1.18178
H          4.46841       -0.84245        1.57317
H         -1.88469        0.70378        2.81951
H         -1.57801        3.33309        3.17007
H         -2.39343        3.94690        5.63059
H         -3.17974        1.68116        6.84091
H         -2.90676       -0.31356        5.07557
H          2.34645        1.09815        7.66367
H          2.66393        3.02498        5.85715
H          0.48726        4.59537        5.91143
H         -1.13068        3.66289        7.83777
H         -0.00522        1.49487        8.89330
