39
CSD_code = KEHLEO | q = 0 | S = 0 | Stoichiometry = C15H21ClSiZr | MND = 12
Zr         1.67978        2.74185        1.98981
Cl         0.68772        1.98773       -0.00280
Si         6.57215        2.76633        1.29017
C          3.69967        2.51738        1.20244
C          4.77681        2.89244        1.89498
C          7.69682        2.38498        2.78639
C          6.73517        1.38285       -0.01375
C          7.08754        4.43917        0.51969
C          1.69014        1.92118        4.35222
C          2.55734        1.07177        3.63031
C          1.77757        0.34106        2.70133
C          0.43243        0.73365        2.85759
C          0.37553        1.71523        3.86923
C          0.74938        4.72452        3.22900
C          2.11013        5.00129        2.97847
C          2.27621        5.13909        1.57747
C          1.01820        4.93804        0.97104
C          0.07756        4.66114        1.98684
H          3.90150        2.08193        0.20657
H          4.63832        3.33184        2.89139
H          7.60424        3.14537        3.55589
H          7.45301        1.42874        3.23899
H          8.74019        2.34901        2.48956
H          6.31591        0.44734        0.34470
H          6.22032        1.64266       -0.93358
H          7.77600        1.20148       -0.26470
H          6.44067        4.70672       -0.31067
H          7.03742        5.24435        1.24680
H          8.10558        4.40107        0.14399
H          1.96486        2.51454        5.21667
H          3.60489        0.90032        3.84680
H          2.13695       -0.45180        2.05556
H         -0.41822        0.29264        2.35140
H         -0.53395        2.11473        4.30583
H          0.27897        4.71122        4.20531
H          2.85896        5.22689        3.72846
H          3.17545        5.47673        1.07551
H          0.79693        5.05393       -0.08299
H         -0.99326        4.55518        1.84476
