105
CSD_code = KUPVEX | q = 0 | S = 0 | Stoichiometry = C40H58P3RhS2Si | MND = 6
Rh         4.53530        4.28707        5.28122
S         -2.40031        1.95817       -0.93080
S         11.95980        5.84521       11.77472
P          2.89327        4.69717        6.79978
P          5.83461        3.58112        3.55940
P          5.72228        6.28721        5.67288
Si         1.54663        6.92730        2.11835
C          3.34119        5.22689        3.92040
C          2.62511        5.87152        3.17613
C         -0.29690        6.52123        2.40560
H         -0.51586        5.48414        2.17051
H         -0.94337        7.14241        1.79124
H         -0.57456        6.68486        3.44342
C          1.97371        6.71874        0.26728
H          1.84301        5.69182       -0.06078
H          3.00600        6.99516        0.06995
H          1.34183        7.34395       -0.35790
C          1.83492        8.76022        2.58881
H          2.87083        9.04873        2.43556
H          1.59669        8.93998        3.63360
H          1.21713        9.42665        1.99342
C          1.37223        3.68213        6.71161
H          0.64275        4.05398        7.43141
H          1.60359        2.64155        6.92901
H          0.96774        3.74858        5.70284
C          3.27280        4.51074        8.58747
H          2.41088        4.79589        9.19014
H          4.13363        5.11569        8.86148
H          3.51837        3.46598        8.77227
C          2.09269        6.34804        6.73762
H          1.33346        6.42727        7.51524
H          1.63381        6.44410        5.75414
H          2.81976        7.14691        6.85581
C          5.22015        2.21088        2.51178
H          5.91262        2.04263        1.68673
H          4.23783        2.47626        2.12528
H          5.12720        1.30219        3.10267
C          7.51453        2.93395        3.92458
H          8.03782        2.69200        2.99987
H          7.40342        2.03409        4.52819
H          8.08897        3.65779        4.49693
C          6.15801        4.79416        2.21995
H          6.78199        4.34726        1.44643
H          6.64041        5.68835        2.60578
H          5.19200        5.07749        1.80297
C          5.21926        7.76743        4.70925
H          5.82206        8.63263        4.98373
H          4.16591        7.97035        4.88965
H          5.33114        7.55518        3.64814
C          7.54086        6.33257        5.39107
H          7.92903        7.32351        5.62679
H          7.77827        6.09464        4.35714
H          8.00684        5.59320        6.04050
C          5.74888        7.00779        7.36639
H          6.34378        7.92117        7.37235
H          6.19213        6.27842        8.04236
H          4.74207        7.23704        7.70610
C          3.62693        2.46151        5.09923
C          4.12072        1.48357        5.91343
C          5.20450        1.86362        6.76851
C          5.61712        3.16753        6.66439
C          2.59680        2.25264        4.19765
C          1.70525        2.10664        3.38270
C          0.71724        2.02688        2.39013
C         -0.19934        0.97460        2.34032
H         -0.15671        0.19548        3.08839
C         -1.15934        0.91984        1.34922
H         -1.85468        0.09497        1.34033
C         -1.21889        1.91760        0.38571
C         -0.30703        2.97287        0.42599
H         -0.36622        3.74371       -0.32838
C          0.64874        3.02905        1.41207
H          1.35600        3.84386        1.45444
C         -3.35819        0.43135       -0.71362
H         -4.07440        0.41735       -1.52937
H         -3.88352        0.45186        0.23708
H         -2.70229       -0.43175       -0.78382
C          3.59184        0.07334        5.88720
H          4.00946       -0.44477        5.01510
H          2.50625        0.09000        5.75306
C          3.97200       -0.69432        7.14889
H          3.69477       -1.74551        7.03957
H          3.42749       -0.29133        8.00702
C          5.47059       -0.56008        7.39447
H          5.78513       -1.21856        8.20785
H          6.01060       -0.86111        6.49278
C          5.81015        0.88584        7.74236
H          5.42971        1.11082        8.74670
H          6.89449        1.02720        7.77798
C          6.65402        3.61653        7.47166
C          7.56100        4.02628        8.17516
C          8.60033        4.44456        9.02240
C          9.15712        3.54598        9.93955
H          8.77873        2.53427        9.98051
C         10.17441        3.93006       10.78814
H         10.57781        3.20805       11.48091
C         10.66236        5.22939       10.74104
C         10.11939        6.13456        9.83062
H         10.50778        7.14206        9.80169
C          9.10568        5.75164        8.98390
H          8.69443        6.46442        8.28398
C         12.37142        4.44284       12.85073
H         13.15106        4.80342       13.51467
H         12.74745        3.61441       12.25700
H         11.49987        4.15057       13.42962
