97
CSD_code = KUPVAT | q = 0 | S = 0 | Stoichiometry = C38H54P3RhSi | MND = 6
Rh         4.71138       10.15727       10.84230
P          6.22454       10.30938       12.52871
P          2.89448        9.83145        9.51907
P          5.70536       11.81446        9.47961
Si         2.26455       14.13666       12.81434
C          3.62190       11.59020       11.80965
C          3.03964       12.55492       12.27310
C          1.37141       14.92891       11.31843
H          2.05712       15.09805       10.49288
H          0.92965       15.88697       11.57812
H          0.57280       14.28856       10.95445
C          0.99524       13.95541       14.22761
H          1.46068       13.57201       15.13113
H          0.19203       13.27724       13.95407
H          0.54438       14.91371       14.47391
C          3.63716       15.33418       13.40079
H          4.18422       14.92117       14.24368
H          3.22630       16.28994       13.71422
H          4.35501       15.53026       12.60927
C          5.79712        9.54863       14.13842
H          6.57194        9.77932       14.86983
H          5.70591        8.47007       14.02985
H          4.84021        9.94678       14.47144
C          7.89315        9.57883       12.29190
H          8.52047        9.77389       13.16131
H          8.36354        9.98066       11.39787
H          7.77420        8.50415       12.16036
C          6.61448       11.99463       13.14386
H          7.33728       11.94195       13.95759
H          5.68184       12.43166       13.49911
H          7.00585       12.62500       12.34997
C          1.46914        8.92612       10.22682
H          0.64234        8.93111        9.51627
H          1.16818        9.41560       11.15157
H          1.75265        7.90007       10.45154
C          3.09439        8.89148        7.95379
H          2.15436        8.86546        7.40325
H          3.39777        7.87663        8.20695
H          3.87277        9.33531        7.33799
C          1.99115       11.33024        8.96474
H          1.13549       11.04977        8.35109
H          2.63922       11.99674        8.40210
H          1.65567       11.85412        9.85907
C          5.21043       13.56110        9.75821
H          5.73799       14.22731        9.07621
H          5.42541       13.83197       10.78942
H          4.13592       13.65210        9.61592
C          7.53655       12.00479        9.48662
H          7.83005       12.79927        8.80040
H          7.98041       11.06319        9.16762
H          7.89753       12.24522       10.48339
C          5.50512       11.72500        7.65160
H          6.03155       12.55482        7.17992
H          4.45495       11.76717        7.37416
H          5.92450       10.78201        7.30516
C          3.98843        8.55566       11.89471
C          4.49463        7.34230       11.52536
C          5.45325        7.35636       10.46249
C          5.74608        8.59075        9.94237
C          3.05900        8.69143       12.91380
C          2.24333        8.81020       13.80775
C          1.30964        9.03419       14.83286
C          0.75143        7.97634       15.55652
H          1.04248        6.96159       15.32321
C         -0.16250        8.23127       16.55941
H         -0.59147        7.40992       17.11646
C         -0.53274        9.53418       16.85568
H         -1.24866        9.72725       17.64150
C          0.01766       10.58825       16.14121
H         -0.27138       11.60404       16.37157
C          0.93204       10.34674       15.13711
H          1.37005       11.15527       14.57073
C          4.09819        6.06309       12.21520
H          3.03013        6.08783       12.45034
H          4.63047        5.99927       13.17226
C          4.43941        4.83717       11.37462
H          3.78565        4.79320       10.49951
H          4.27507        3.93039       11.96154
C          5.89066        4.92009       10.91560
H          6.53488        5.07239       11.78574
H          6.19338        3.98664       10.43491
C          6.05776        6.07941        9.93850
H          7.11599        6.24023        9.71203
H          5.56781        5.82262        8.99096
C          6.65502        8.67807        8.89462
C          7.44886        8.75464        7.97362
C          8.36541        8.78351        6.90710
C          8.88615        7.58198        6.41000
H          8.57258        6.64953        6.85817
C          9.78403        7.58929        5.36326
H         10.17856        6.65550        4.98785
C         10.18259        8.78783        4.79042
H         10.88602        8.79016        3.97071
C          9.67399        9.98274        5.27467
H          9.98290       10.91881        4.83019
C          8.77464        9.98703        6.32156
H          8.38206       10.92270        6.69394
