73
CSD_code = LEDVAS | q = 0 | S = 0 | Stoichiometry = C30H36NbOPS2Si2 | MND = 12
Nb         8.29684        2.33829       15.42246
P          7.21403        0.37846       20.14156
S          6.81699        1.32195       17.22704
S          9.43072        1.54404       18.60227
Si         7.30251       -1.17718       14.03539
Si         5.55765        5.04951       16.07695
O          5.95185        2.34926       13.34867
C          6.76445        2.31429       14.17623
C          7.83856        1.10969       18.57652
C          8.57312        0.15493       14.47062
C          9.16790        1.08331       13.55328
H          8.87969        1.20474       12.51686
C         10.29629        1.65695       14.16134
H         11.01203        2.30759       13.67536
C         10.43545        1.09547       15.44962
H         11.25510        1.27047       16.13299
C          9.39949        0.17607       15.63624
H          9.31223       -0.50622       16.47274
C          8.12885       -2.87102       14.36186
H          7.43773       -3.68139       14.15516
H          8.44795       -2.96474       15.39496
H          9.00401       -3.01560       13.73548
C          6.88401       -1.00460       12.18084
H          6.18135       -1.77317       11.87694
H          7.76605       -1.10476       11.55573
H          6.42872       -0.04220       11.96799
C          5.70200       -1.01051       15.06374
H          4.92947       -1.67663       14.69184
H          5.31632        0.00605       15.02429
H          5.85948       -1.24961       16.11140
C          7.35689        4.48662       15.92439
C          8.23200        4.18769       17.01344
H          7.92840        4.12198       18.05132
C          9.54939        4.14911       16.54923
H         10.43195        4.02036       17.16051
C          9.53438        4.43788       15.16679
H         10.40715        4.60675       14.54895
C          8.20164        4.65358       14.77852
H          7.87758        5.03020       13.81665
C          4.39130        3.58816       16.45815
H          4.47088        2.81280       15.69998
H          3.35585        3.91214       16.49764
H          4.62982        3.12575       17.41108
C          5.47747        6.33457       17.49076
H          6.15242        7.16712       17.31629
H          5.74181        5.89235       18.44638
H          4.47460        6.73797       17.58354
C          5.05826        5.85654       14.42006
H          5.10953        5.14216       13.60391
H          5.69678        6.69845       14.17055
H          4.03897        6.22441       14.46874
C          5.49084       -0.01881       19.67166
C          4.98599       -1.30759       19.55890
H          5.62757       -2.16119       19.72588
C          3.65504       -1.50138       19.23230
H          3.27060       -2.50680       19.13603
C          2.81821       -0.41768       19.03035
H          1.78219       -0.57597       18.76914
C          3.30818        0.87022       19.17664
H          2.65408        1.71829       19.03588
C          4.63346        1.06726       19.50869
H          5.02221        2.06868       19.64099
C          8.05112       -1.24023       19.91569
C          8.75882       -1.77132       20.98622
H          8.79080       -1.22904       21.92074
C          9.41793       -2.98138       20.85335
H          9.96717       -3.39076       21.68860
C          9.37430       -3.66377       19.65008
H          9.88874       -4.60762       19.54339
C          8.67139       -3.13532       18.57822
H          8.63679       -3.67188       17.64031
C          8.01278       -1.92721       18.70503
H          7.46171       -1.51453       17.86916
