60
CSD_code = LEQPUS | q = 0 | S = 0 | Stoichiometry = C22H36SiTi | MND = 12
Ti         1.24993        3.74149        6.33905
Si         4.29976        3.74150        7.53756
C         -0.17289        5.16034        5.77678
C          3.54781        3.74150        5.79700
C          2.97176        4.88537        5.16796
C          2.12995        4.44935        4.11740
C          2.56532        3.74151        8.30351
C          1.71525        4.88538        8.36951
C          0.38236        4.44957        8.55824
C          3.39387        6.31854        5.31305
C          1.58368        5.32361        3.02804
C          2.12390        6.31821        8.55265
C         -0.76087        5.32398        8.98041
C          5.48684        5.17733        8.00246
H          0.23096        6.16922        5.93854
H         -1.10183        5.08289        6.34912
H         -0.45715        5.08531        4.72320
H          4.10359        6.44310        6.12208
H          2.54063        6.97647        5.48808
H          3.87603        6.64986        4.38993
H          1.32788        6.31329        3.40178
H          0.69882        4.88413        2.57019
H          2.33846        5.44439        2.24598
H          3.19958        6.43303        8.49040
H          1.80698        6.66226        9.54021
H          1.65592        6.97237        7.81461
H         -0.69210        6.31348        8.53229
H         -0.74406        5.44479       10.06723
H         -1.71983        4.88441        8.71026
H          5.11326        6.18239        7.85445
H          6.39898        5.08537        7.42101
H          5.75978        5.08709        9.04934
C         -0.17292        2.32265        5.77682
H          0.23091        1.31377        5.93859
H         -1.10185        2.40012        6.34917
H         -0.45719        2.39767        4.72323
C          2.97171        2.59764        5.16799
C          2.12990        3.03368        4.11743
C          1.71527        2.59761        8.36953
C          0.38237        3.03340        8.55825
C          2.12396        1.16480        8.55269
H          3.19964        1.05002        8.49047
H          1.80703        0.82076        9.54025
H          1.65601        0.51062        7.81465
C         -0.76084        2.15897        8.98044
H         -0.69201        1.16945        8.53237
H         -0.74406        2.03822       10.06725
H         -1.71980        2.59848        8.71023
C          3.39377        1.16445        5.31307
H          4.10348        1.03986        6.12211
H          2.54052        0.50654        5.48807
H          3.87594        0.83313        4.38996
C          1.58360        2.15943        3.02806
H          1.32778        1.16976        3.40180
H          0.69875        2.59894        2.57022
H          2.33838        2.03865        2.24600
C          5.48687        2.30568        8.00238
H          5.11329        1.30061        7.85438
H          6.39898        2.39765        7.42088
H          5.75987        2.39591        9.04925
