119
CSD_code = LERWUA | q = 1 | S = 0 | Stoichiometry = C56H53N5P2ReSSi(1+) | MND = 6
Re         4.15317        4.84467        1.65765
S          2.07779        3.55065        0.95375
P          2.76997        6.82514        2.24393
P          5.27497        2.79699        0.84428
Si         0.17068        3.15359       -1.76581
N          3.46879        5.25841       -0.33109
N          4.32765        4.30649        3.35873
N          4.40635        3.88915        4.47263
N          5.79416        5.74251        1.40447
N          6.83017        5.95040        2.10021
C          2.39629        4.45460       -0.47027
C          1.60863        4.39929       -1.62730
C          1.96968        5.26648       -2.63923
H          1.40103        5.28187       -3.55564
C          3.05199        6.13361       -2.48950
H          3.32129        6.82557       -3.27076
C          3.77878        6.09096       -1.32258
H          4.63156        6.73698       -1.15525
C         -0.68487        3.47577       -3.43210
H         -1.06728        4.48871       -3.51042
H         -1.52694        2.80238       -3.54731
H         -0.01788        3.30377       -4.27070
C         -1.11800        3.31418       -0.36891
H         -1.67645        4.24357       -0.42030
H         -0.66393        3.24700        0.61422
H         -1.83639        2.50348       -0.44907
C          0.92654        1.40537       -1.73932
H          1.60295        1.25483       -2.57541
H          0.14804        0.65167       -1.80238
H          1.48312        1.22671       -0.82436
C          1.81579        6.59950        3.77487
C          0.43036        6.57174        3.85876
H         -0.17748        6.74394        2.98332
C         -0.17785        6.33893        5.08189
H         -1.25544        6.31598        5.14331
C          0.58537        6.13877        6.21879
H          0.10440        5.95048        7.16615
C          1.96925        6.18944        6.14285
H          2.56689        6.04644        7.03023
C          2.58192        6.41707        4.92750
H          3.66179        6.46486        4.85311
C          3.71946        8.33723        2.61056
C          3.26972        9.26268        3.54709
H          2.35946        9.07868        4.09905
C          3.99232       10.42116        3.77091
H          3.64153       11.13555        4.50008
C          5.15806       10.66796        3.06376
H          5.71891       11.57159        3.24660
C          5.60045        9.75703        2.11778
H          6.50416        9.94853        1.55840
C          4.88023        8.59929        1.88946
H          5.21090        7.88399        1.14736
C          1.62545        7.39026        0.94890
C          1.88353        8.56622        0.24729
H          2.73314        9.17936        0.50978
C          1.05140        8.95816       -0.78460
H          1.25874        9.87329       -1.31845
C         -0.04126        8.18165       -1.13197
H         -0.69106        8.48995       -1.93659
C         -0.29635        7.00663       -0.44609
H         -1.14390        6.39775       -0.71992
C          0.53407        6.60301        0.58351
H          0.34166        5.66804        1.09103
C          4.93798        1.22414        1.68568
C          3.86658        1.07569        2.55606
H          3.18084        1.89499        2.71080
C          3.66868       -0.12656        3.21243
H          2.83798       -0.23141        3.89399
C          4.53387       -1.18499        2.99464
H          4.37957       -2.12297        3.50574
C          5.60001       -1.04328        2.11816
H          6.27188       -1.87045        1.94560
C          5.80935        0.15724        1.46789
H          6.64526        0.27489        0.79131
C          5.05117        2.47807       -0.92164
C          5.44043        3.47757       -1.81285
H          5.89147        4.38255       -1.42577
C          5.24623        3.30933       -3.16965
H          5.54288        4.08659       -3.85820
C          4.67253        2.13971       -3.64477
H          4.52426        2.00606       -4.70551
C          4.29148        1.14320       -2.76173
H          3.85628        0.22808       -3.13449
C          4.46547        1.31206       -1.39867
H          4.15163        0.54172       -0.70867
C          7.07887        2.92230        1.08464
C          8.01908        2.94733        0.06392
H          7.71243        2.83691       -0.96604
C          9.36203        3.10125        0.36759
H         10.08945        3.12176       -0.42964
C          9.77323        3.22279        1.68290
H         10.82069        3.34304        1.91189
C          8.83845        3.18378        2.70668
H          9.15927        3.26464        3.73442
C          7.49745        3.04101        2.40999
H          6.75377        3.01497        3.19812
C          3.46625        3.27314        5.27687
C          2.13228        3.15665        4.87589
H          1.82802        3.54908        3.91513
C          1.22127        2.55299        5.71694
H          0.19050        2.46332        5.40904
C          1.62451        2.06550        6.95122
H          0.90619        1.59576        7.60519
C          2.94847        2.18121        7.34641
H          3.25938        1.80028        8.30712
C          3.87325        2.78434        6.51623
H          4.90664        2.88050        6.81009
C          8.05478        6.38833        1.58793
C          8.21331        6.60296        0.22132
H          7.37082        6.44345       -0.43348
C          9.43896        7.00371       -0.27139
H          9.56345        7.16887       -1.33060
C         10.50919        7.19084        0.58972
H         11.46628        7.50114        0.20102
C         10.34960        6.97967        1.95062
H         11.18230        7.12742        2.62062
C          9.12716        6.57942        2.45432
H          8.99581        6.41174        3.51311
H          6.83191        5.73242        3.11101
