58
CSD_code = LEVYOD | q = 0 | S = 0 | Stoichiometry = C27H23MoN3O3Si | MND = 6
Mo         8.97232        8.94056        9.68619
Si         6.55960       10.73018        8.63999
O          8.67661        5.92648       10.23934
O         11.82965        8.30657        8.77395
O         10.42783        9.04266       12.38872
N          9.11452       11.14080        9.61984
N          6.86382        8.94318       10.65439
N          8.20479        8.82875        7.54978
C          7.91781       11.73455        9.50441
C          7.68740       13.04795        9.89626
H          6.69660       13.46459        9.79796
C          8.73183       13.79810       10.40402
H          8.58322       14.81275       10.74149
C          9.98503       13.21156       10.42758
H         10.84324       13.77241       10.76494
C         10.15016       11.89120       10.02155
C         11.52660       11.31585        9.99377
H         11.72672       10.89137        9.01136
H         11.63703       10.52104       10.72791
H         12.26415       12.08683       10.20329
C          5.94382        9.34377        9.77087
C          4.66629        8.79998        9.72041
H          3.98507        9.10628        8.94143
C          4.29920        7.85949       10.66566
H          3.32385        7.39614       10.64550
C          5.20905        7.56180       11.66555
H          4.94337        6.88545       12.46349
C          6.48429        8.11835       11.63610
C          7.43330        7.82712       12.75103
H          7.91465        8.74723       13.07585
H          8.21189        7.13597       12.43437
H          6.90298        7.38487       13.59123
C          7.32798        9.78228        7.19066
C          6.92665        9.99082        5.87827
H          6.20828       10.76512        5.66034
C          7.44157        9.19225        4.87358
H          7.15714        9.33157        3.84136
C          8.31551        8.19059        5.24821
H          8.72902        7.52116        4.50933
C          8.67300        8.02511        6.58561
C          9.59606        6.89864        6.90842
H          9.41906        6.52673        7.91254
H         10.63097        7.23193        6.85172
H          9.46407        6.09171        6.19056
C          5.23478       11.96796        8.10496
C          5.53241       12.90195        7.11570
H          6.51258       12.89631        6.65988
C          4.60379       13.84615        6.71883
H          4.85494       14.55908        5.94674
C          3.35418       13.88084        7.31530
H          2.62541       14.61571        7.00653
C          3.04993       12.97650        8.31808
H          2.08326       13.00827        8.79965
C          3.98442       12.03350        8.70889
H          3.74142       11.34551        9.50490
C          8.77270        7.04259        9.96384
C         10.74731        8.61454        9.02303
C          9.80617        9.04594       11.41883
