94
CSD_code = LIPBAN | q = 0 | S = 0 | Stoichiometry = C32H55N5SiZr | MND = 4
Zr         6.72888        9.29353        4.28973
Si        10.38310        8.91424        4.38497
N          5.14474        8.12756        3.68265
N          5.95996       10.57895        5.70449
N          7.17243       10.30521        2.53031
N          8.00035        7.87397        5.08339
N          8.94131        6.52785        1.82679
C          3.77716        8.57750        3.81333
C          5.23312        7.13879        2.62968
C          6.18190       10.32119        7.10825
C          4.81427       11.44873        5.56673
C          6.42765       11.54087        2.38208
C          7.06216        9.56176        1.28981
C          8.91031        7.78466        3.99985
C          8.94998        6.98991        2.95997
C          7.64464        6.66070        5.81903
C          6.21421        6.82178        6.36929
C          7.68688        5.36721        4.98701
C          8.61160        6.51035        7.01625
C          9.56032        5.34593        1.26911
C         10.62590        4.72464        2.17638
C         10.18809        5.78545       -0.05813
C          8.43660        4.33613        1.00648
C         11.37124        9.64988        2.87634
C         10.44888        9.87772        1.67813
C         12.47600        8.67982        2.44943
C         12.02146       10.97781        3.26945
C          9.62191       10.27373        5.48359
C          8.88824       11.31175        4.90597
C          8.41515       12.36467        5.67809
C          8.66633       12.39901        7.03977
C          9.36883       11.36093        7.63140
C          9.83038       10.30830        6.86196
C         11.69475        7.98059        5.41829
C         11.80099        6.59370        5.36720
C         12.78525        5.91557        6.06372
C         13.69717        6.61948        6.83117
C         13.61669        8.00069        6.89001
C         12.62840        8.66919        6.18988
H          3.66807        9.19945        4.70602
H          3.08717        7.71729        3.91451
H          3.42907        9.15570        2.92964
H          6.27651        6.85927        2.45360
H          4.80482        7.49770        1.67288
H          4.66443        6.22478        2.89720
H          7.08245        9.71216        7.24303
H          5.31562        9.80963        7.58292
H          6.32525       11.26512        7.67007
H          4.54172       11.57647        4.51546
H          5.01919       12.45106        5.99408
H          3.92586       11.06186        6.10952
H          6.49930       12.14602        3.29136
H          5.35220       11.36590        2.15204
H          6.82981       12.14060        1.54125
H          7.58409        8.60521        1.37083
H          7.51835       10.12895        0.45579
H          6.00721        9.37836        0.99898
H          5.52874        7.04239        5.54297
H          6.17816        7.63693        7.08982
H          5.90147        5.90594        6.87017
H          7.02845        5.45374        4.12459
H          7.36039        4.52460        5.59376
H          8.69895        5.16338        4.64504
H          9.62967        6.35806        6.66688
H          8.32447        5.66830        7.64279
H          8.59083        7.41964        7.61389
H         11.39692        5.45541        2.41372
H         11.09079        3.87742        1.67769
H         10.17892        4.37391        3.10436
H          9.43813        6.26902       -0.67874
H         10.58847        4.92652       -0.59069
H         10.99402        6.49349        0.12201
H          7.66902        4.78800        0.38300
H          7.98112        4.02686        1.94494
H          8.83084        3.45792        0.50121
H          9.59599       10.49675        1.94512
H         10.06790        8.92894        1.30967
H         10.99439       10.36517        0.86955
H         13.19098        8.52104        3.25297
H         13.01208        9.07299        1.58615
H         12.05290        7.71610        2.17695
H         11.27370       11.70752        3.56853
H         12.58209       11.38607        2.42880
H         12.71252       10.83740        4.09678
H          8.75970       11.34064        3.82899
H          7.88120       13.18185        5.21129
H          8.32409       13.23200        7.63733
H          9.56187       11.37782        8.69498
H         10.38195        9.50878        7.33493
H         11.09698        6.04055        4.76419
H         12.84344        4.83782        6.00749
H         14.46786        6.09564        7.37765
H         14.32845        8.55738        7.48298
H         12.57880        9.74691        6.24250
