107
CSD_code = LITSEO | q = 0 | S = 0 | Stoichiometry = C39H60N3OSSi2Y | MND = 6
Y          7.60845        3.25942        8.37914
S          9.38763        4.88141        9.83076
Si         9.08048        2.67418        5.12257
O          9.17776        1.65860       10.05239
N          5.68920        2.34734        9.03914
C          5.61987        1.58478       10.21833
Si         7.35740        8.79231        9.31424
C          5.40550        2.19323       11.47401
N          5.50273        4.81088        7.96854
N          7.86965        5.79852        7.51668
C          5.35699        1.41295       12.61985
H          5.19594        1.88198       13.57997
C          5.51304        0.04140       12.55928
H          5.46064       -0.55287       13.45997
C          5.74856       -0.55932       11.33751
H          5.88355       -1.63061       11.29442
C          5.80399        0.18574       10.17045
C          5.31164        3.69798       11.60155
H          5.25387        4.12836       10.59472
C          6.58466        4.22851       12.26923
H          7.44911        4.04815       11.62800
H          6.75169        3.73539       13.22514
H          6.50366        5.29878       12.44418
C          4.07730        4.14908       12.38570
H          3.16990        3.70996       11.97561
H          3.98395        5.23291       12.34107
H          4.15059        3.85980       13.43108
C          6.08089       -0.50629        8.85585
H          6.08770        0.26342        8.07798
C          5.00049       -1.53802        8.52280
H          4.01339       -1.07955        8.51568
H          4.99261       -2.34359        9.25356
H          5.18492       -1.97107        7.54123
C          7.46231       -1.16405        8.86884
H          8.22258       -0.41141        9.06270
H          7.66719       -1.62417        7.90396
H          7.52339       -1.93334        9.63586
C          4.43676        2.69445        8.37603
C          4.42950        2.18585        6.90668
H          5.33582        2.51270        6.39353
H          3.56244        2.58011        6.37779
H          4.38142        1.10038        6.89255
C          3.20200        2.11257        9.07629
H          3.04897        2.57274       10.04814
H          3.34739        1.04673        9.22909
H          2.31283        2.25212        8.46581
C          4.34707        4.21783        8.24579
C          3.17227        4.95475        8.37331
H          2.23476        4.47512        8.59734
C          3.23253        6.33173        8.22946
H          2.34104        6.92990        8.35280
C          4.43768        6.93670        7.92417
H          4.48942        8.00587        7.80649
C          5.57241        6.13493        7.79118
C          6.92193        6.66827        7.53578
C          7.12032        8.13239        7.49869
H          6.29051        8.63290        7.00895
H          8.02661        8.37366        6.95110
C          9.21186        9.14031        9.55726
H          9.39699        9.62718       10.50980
H          9.61306        9.78081        8.77675
H          9.78128        8.21534        9.54686
C          6.75821        7.50354       10.57562
H          6.91316        7.85370       11.59209
H          7.32272        6.57997       10.45993
H          5.70350        7.26541       10.46446
C          6.33104       10.39757        9.44204
H          6.49576       10.87591       10.40147
H          5.26506       10.21034        9.35305
H          6.60680       11.11082        8.67150
C          9.21740        6.13358        7.40536
C          9.76236        6.78481        6.30414
H          9.11927        7.05353        5.47729
C         11.12023        7.03677        6.24205
H         11.53399        7.53365        5.37709
C         11.94734        6.64813        7.28601
H         13.00633        6.85585        7.24254
C         11.42428        5.97937        8.37382
H         12.06037        5.65433        9.18402
C         10.06198        5.69551        8.44465
C          8.43079        1.83586        6.67680
H          9.22685        1.20008        7.08346
H          7.62909        1.14523        6.38792
C          9.37154        1.50370        3.62822
H          8.44742        1.02620        3.31749
H         10.07570        0.71682        3.87955
H          9.76927        2.03644        2.76981
C          7.80921        3.97783        4.51356
H          6.93251        3.49594        4.08949
H          8.23221        4.61475        3.74255
H          7.47307        4.61737        5.32756
C         10.76935        3.49290        5.49881
H         10.78735        3.92136        6.49681
H         10.99916        4.29099        4.80063
H         11.57310        2.76560        5.43984
C          9.00402        1.27978       11.41260
H          9.17352        0.19735       11.51164
H          7.98165        1.51144       11.70620
C         10.07068        2.06370       12.18113
H         10.37437        1.54990       13.09021
H          9.68936        3.05011       12.44055
C         11.20993        2.19324       11.15740
H         11.49791        3.23523       11.03998
H         12.08673        1.61306       11.43884
C         10.58952        1.65838        9.85590
H         10.81122        2.28100        8.98673
H         10.92434        0.62867        9.66164
