52
CSD_code = LITTUG | q = 0 | S = 0 | Stoichiometry = C19H26CoNO3SSi | MND = 8
Co         0.08134        3.60210        8.36458
S          0.65955        5.47995        7.52081
Si         3.27303        3.23800        9.61065
O         -0.95854        4.66787        9.55714
O         -0.52533        5.93163        6.82001
O          1.85652        5.32225        6.71230
N         -0.89058        5.91907       11.43702
C          1.47695        3.88529        9.62726
C          1.06383        4.66725       10.65156
H          1.68841        4.96146       11.48049
C         -0.30127        5.10378       10.54839
C         -2.25331        6.35315       11.23333
H         -2.29418        7.44024       11.14405
H         -2.88027        6.03646       12.06968
H         -2.62089        5.90089       10.31510
C         -0.17223        6.46832       12.56345
H          0.23078        5.67308       13.19241
H         -0.86166        7.06240       13.15841
H          0.64681        7.11020       12.23053
C          0.09083        1.50282        8.23840
H          0.46979        0.76868        8.93011
C          0.81348        2.10570        7.16745
H          1.83055        1.88278        6.89066
C         -0.11108        2.83122        6.37152
H          0.11625        3.33427        5.44698
C         -1.36338        2.76805        6.99334
H         -2.28020        3.18495        6.61212
C         -1.24475        1.93897        8.14239
H         -2.06106        1.61899        8.77128
C          1.06148        6.85280        8.66153
C          0.06396        7.73681        9.01809
H         -0.92907        7.57849        8.62755
C          0.36988        8.81010        9.84034
H         -0.39957        9.51397       10.12316
C          1.66911        8.98634       10.28972
H          1.90801        9.82357       10.92977
C          2.66729        8.10224        9.90796
H          3.68194        8.25594       10.24505
C          2.36274        7.02826        9.08803
H          3.11775        6.33285        8.75780
C          4.14136        3.51831        7.93858
H          4.35757        2.57855        7.43983
H          5.08502        4.04170        8.06224
H          3.51717        4.11036        7.27481
C          3.25628        1.37918       10.07226
H          2.59060        1.17806       10.90607
H          4.25060        1.05034       10.35873
H          2.93780        0.76372        9.23787
C          4.24724        4.14885       10.98963
H          4.19593        5.22759       10.87897
H          5.29513        3.86635       10.95929
H          3.87519        3.89700       11.97801
