71
CSD_code = LOMWOA | q = 1 | S = 0 | Stoichiometry = C30H36ClNPRuSi(1+) | MND = 9
Ru        14.58974       12.58382       10.42920
Cl        16.21024       11.42076       11.66996
P         13.09140       10.87667       10.83499
Si        16.68675       14.83590       12.82859
N         15.50226       11.42436        8.82435
C         15.42674       11.90249        7.43698
C         16.07009       13.27685        7.24977
C         15.14735       14.43915        7.64452
C         14.73435       14.38640        9.08773
C         15.70845       14.52868       10.10929
C         15.36415       14.51335       11.47143
C         14.00421       14.32636       11.80841
C         13.01655       14.20998       10.80613
C         13.37513       14.25839        9.44476
C         18.38806       14.33850       12.14208
C         16.24081       13.85858       14.39684
C         16.53667       16.71634       13.09477
C         11.44986       11.38225       10.24923
C         11.30791       11.62601        8.88357
C         10.09795       12.05553        8.37449
C          9.02356       12.25859        9.22860
C          9.16402       12.03110       10.58747
C         10.37419       11.59616       11.10255
C         12.84026       10.39634       12.56530
C         12.06710        9.27741       12.87067
C         11.87152        8.92239       14.19182
C         12.44533        9.67204       15.20806
C         13.21666       10.78188       14.90492
C         13.41365       11.14590       13.58480
C         13.36574        9.25536       10.04454
C         14.59933        8.64505       10.28446
C         14.86460        7.39102        9.76542
C         13.90622        6.73854        9.00476
C         12.68011        7.33908        8.77063
C         12.40365        8.59336        9.28816
H         16.48878       11.38274        9.11436
H         15.16821       10.45405        8.86105
H         15.94108       11.18617        6.78491
H         14.37510       11.93465        7.13553
H         16.99758       13.31798        7.82598
H         16.33141       13.39768        6.19818
H         15.67735       15.37778        7.46232
H         14.26200       14.42516        7.00491
H         16.73639       14.72764        9.82893
H         13.69680       14.38160       12.84667
H         11.96724       14.16548       11.08283
H         12.60501       14.25800        8.68198
H         18.39270       13.31217       11.78564
H         19.13548       14.41101       12.92554
H         18.71364       14.98464       11.33127
H         15.26773       14.13145       14.79666
H         16.97320       14.06009       15.17235
H         16.24754       12.78714       14.21759
H         16.72896       17.27687       12.18449
H         17.26069       17.03927       13.83443
H         15.55294       17.00193       13.45574
H         12.15695       11.46067        8.23019
H          9.98682       12.23167        7.31490
H          8.07785       12.59471        8.83260
H          8.32783       12.19177       11.25075
H         10.48309       11.41912       12.16315
H         11.62663        8.69283       12.07467
H         11.27388        8.05597       14.43095
H         12.29410        9.38565       16.23746
H         13.66919       11.35918       15.69693
H         14.02854       11.99943       13.33174
H         15.33299        9.15625       10.89701
H         15.81613        6.92029        9.95955
H         14.11194        5.75918        8.60149
H         11.92960        6.82632        8.18853
H         11.44013        9.04869        9.11096
