130
CSD_code = LOPDIE | q = 0 | S = 0 | Stoichiometry = C57H67N2PRuSi2 | MND = 8
Ru         6.04213       58.79949        5.89831
C          7.73698       57.86603        6.05334
C          7.74454       56.40061        5.89512
C          9.20108       56.40126        6.15514
C          9.20178       57.79331        6.20570
C          6.59129       55.75004        5.66706
Si        10.28562       54.97193        6.73404
C         10.89924       54.03309        5.16292
H         11.72866       53.37730        5.44650
C          9.79558       53.15651        4.57467
H          8.90880       53.74769        4.35866
H          9.50966       52.36612        5.26179
H         10.13602       52.68938        3.65065
C         11.41339       54.98710        4.08614
H         11.74641       54.43016        3.21043
H         12.25292       55.57300        4.44924
H         10.62361       55.66800        3.77494
C          9.05038       53.84791        7.69608
H          8.28414       53.54001        6.97767
C          8.32663       54.57412        8.82759
H          7.54809       53.93778        9.24532
H          7.85352       55.48773        8.47543
H          9.01681       54.82805        9.62887
C          9.71456       52.58715        8.24634
H         10.44391       52.84019        9.01294
H         10.22395       52.03248        7.46192
H          8.96969       51.93346        8.69789
C         11.74237       55.47459        7.89564
H         11.91963       54.61019        8.54586
C         13.05844       55.75975        7.17570
H         12.97079       56.64795        6.55535
H         13.35517       54.92113        6.55136
H         13.85151       55.93791        7.90136
C         11.39851       56.65700        8.80031
H         12.17847       56.80119        9.54733
H         10.45639       56.50070        9.31701
H         11.31806       57.57083        8.21855
C          6.30885       54.42519        5.32605
C          5.95070       53.31491        4.99213
Si         5.17076       51.69175        4.55022
C          5.66382       51.30811        2.73162
H          5.31226       52.14194        2.11655
C          5.01204       50.03165        2.20704
H          5.25293       49.88183        1.15434
H          3.92957       50.07595        2.30311
H          5.37246       49.16494        2.75718
C          7.17759       51.22673        2.56635
H          7.58385       50.39821        3.14196
H          7.64642       52.14338        2.91207
H          7.44455       51.06907        1.52119
C          3.27726       51.97165        4.69373
H          2.75773       51.01591        4.56172
C          2.90123       52.51890        6.06810
H          3.39456       53.47219        6.24223
H          3.19296       51.83484        6.86109
H          1.82549       52.67673        6.13545
C          2.77501       52.92820        3.61459
H          1.69808       53.06603        3.70238
H          2.98802       52.54656        2.61900
H          3.24731       53.90233        3.72000
C          5.82803       50.32272        5.73578
H          6.72622       49.88932        5.28284
C          4.82267       49.18916        5.93459
H          5.25464       48.40225        6.55296
H          4.52810       48.74937        4.98463
H          3.92781       49.55358        6.43362
C          6.24021       50.89377        7.08984
H          5.38991       51.34267        7.59675
H          6.99770       51.66185        6.96509
H          6.64290       50.10879        7.72979
C          5.41312       56.69346        5.89861
C          4.27565       56.49417        5.08562
N          3.34849       56.35960        4.41663
C          5.11717       56.65145        7.29566
N          4.91205       56.54617        8.42359
P          6.30038       58.74989        3.62514
C          7.83581       59.55292        3.04410
C          8.56744       60.33903        3.92394
H          8.22291       60.44504        4.94429
C          9.72881       60.96451        3.50559
H         10.29467       61.56776        4.19978
C         10.16521       60.80708        2.20159
H         11.07417       61.28899        1.87346
C          9.43424       60.03091        1.31439
H          9.77215       59.91253        0.29527
C          8.27283       59.40705        1.72877
H          7.70020       58.80353        1.03767
C          5.01723       59.68358        2.71737
C          5.31631       60.82040        1.97296
H          6.33828       61.16100        1.88708
C          4.30550       61.52473        1.34189
H          4.54903       62.40612        0.76651
C          2.98995       61.10718        1.44841
H          2.20484       61.65909        0.95326
C          2.68327       59.98583        2.20240
H          1.65786       59.66081        2.29986
C          3.68684       59.28256        2.84300
H          3.43587       58.42348        3.45110
C          6.41682       57.17162        2.71108
C          5.36667       56.60654        1.99821
H          4.41807       57.11406        1.92454
C          5.53702       55.38587        1.36784
H          4.71314       54.95264        0.82089
C          6.75258       54.72900        1.43055
H          6.88579       53.78415        0.92714
C          7.80584       55.29115        2.13420
H          8.75947       54.78727        2.17357
C          7.63713       56.49903        2.78093
H          8.45576       56.94674        3.33036
C         10.22766       58.80170        6.29542
C         10.04074       59.93244        7.09236
H          9.13484       60.01447        7.67459
C         11.01892       60.90402        7.16685
H         10.87178       61.77055        7.79555
C         12.19127       60.76918        6.43924
H         12.95424       61.53142        6.49692
C         12.38157       59.65491        5.63706
H         13.29265       59.55161        5.06557
C         11.41007       58.67624        5.56410
H         11.54140       57.81536        4.92650
C          4.32414       59.57808        7.19068
H          3.51051       59.01095        7.62217
C          5.56934       59.83962        7.82695
H          5.81969       59.55803        8.84231
C          6.29280       60.75239        7.00828
H          7.19239       61.28165        7.28868
C          5.51759       60.99832        5.85345
H          5.73129       61.73724        5.08952
C          4.29531       60.26612        5.96894
H          3.43421       60.38308        5.32598
