128
CSD_code = LORGAB | q = 0 | S = 0 | Stoichiometry = C42H76ORuSeSi7 | MND = 8
Si         3.44666        0.27649        4.02797
O          3.51837        0.17763        5.57647
Se         1.89265       -2.16212        4.43506
Ru         2.37583       -1.42379        6.54717
C          3.14080       -2.64005        8.27059
H          3.97736       -3.32362        8.37262
C          1.87468       -3.13404        7.85630
H          1.74841       -4.18867        7.63364
C          0.76679       -2.26432        7.80004
H         -0.21234       -2.64974        7.53365
C          0.92000       -0.89724        8.15627
H          0.05167       -0.24597        8.17974
C          2.17373       -0.42166        8.58631
H          2.27956        0.60718        8.91207
C          3.27971       -1.29111        8.64722
H          4.23110       -0.92638        9.01684
C          1.94204        1.07158        3.17292
C          1.08356        1.90414        3.90327
C          0.03898        2.55038        3.26120
H         -0.61381        3.19782        3.83095
C         -0.19231        2.38489        1.90275
C          0.62699        1.51620        1.20040
H          0.43855        1.34503        0.14953
C          1.67686        0.85191        1.81654
C          1.25492        2.08734        5.37958
H          1.21916        1.10914        5.87400
H          0.46614        2.71572        5.78753
H          2.22037        2.53480        5.61221
C         -1.32313        3.10366        1.23279
H         -1.23485        3.04471        0.15092
H         -1.34118        4.15112        1.52890
H         -2.27431        2.65779        1.52406
C          2.48558       -0.13759        1.04257
H          2.16434       -0.16896        0.00425
H          2.35206       -1.12719        1.48065
H          3.54434        0.10467        1.07928
C          5.10063        0.34021        3.11734
C          5.63981        1.61767        2.92772
C          6.87186        1.74550        2.30350
H          7.26606        2.73741        2.14587
C          7.61412        0.64397        1.90728
C          7.06952       -0.61534        2.11639
H          7.62948       -1.48890        1.82564
C          5.82124       -0.78852        2.69952
C          4.95919        2.84887        3.41963
H          3.99062        2.56228        3.83280
C          8.97526        0.83025        1.32381
H          9.16565        1.90931        1.31208
C          5.28369       -2.16294        2.88456
H          4.24436       -2.06354        3.20859
Si         5.91660        3.52277        4.95134
Si         4.51968        4.06709        1.99326
Si        10.31320        0.11464        2.50944
Si         9.02336        0.33207       -0.53434
Si         6.10092       -3.04090        4.39169
Si         5.16139       -3.19099        1.25937
C          6.09276        2.11925        6.22787
H          6.31560        2.50099        7.22015
H          6.89884        1.44778        5.94681
H          5.18629        1.52536        6.29189
C          4.89805        4.95631        5.69698
H          3.87353        4.65604        5.89147
H          4.86828        5.81387        5.03304
H          5.32544        5.28774        6.63803
C          7.67919        4.16119        4.58459
H          7.69010        4.95370        3.84555
H          8.32045        3.36267        4.22637
H          8.12676        4.55652        5.49194
C          2.88279        4.93203        2.45027
H          2.96463        5.48714        3.37844
H          2.08301        4.20800        2.56943
H          2.57942        5.63052        1.67686
C          5.83593        5.41861        1.68308
H          5.51890        6.06828        0.87266
H          6.79661        4.99989        1.40232
H          5.98607        6.04205        2.55836
C          4.26298        3.09594        0.37257
H          3.32801        2.54652        0.39734
H          5.06392        2.38257        0.20768
H          4.23134        3.75965       -0.48622
C          9.66637        0.24100        4.30262
H          9.61999        1.27561        4.62955
H         10.30747       -0.29164        4.99865
H          8.66550       -0.16994        4.38974
C         10.81259       -1.68647        2.12892
H          9.95444       -2.34315        2.04178
H         11.44484       -2.08134        2.91869
H         11.37482       -1.74805        1.20263
C         11.87871        1.20019        2.36577
H         12.27821        1.19355        1.35756
H         12.66082        0.84482        3.02927
H         11.67335        2.23314        2.62906
C          8.83533       -1.52543       -0.91398
H          7.89725       -1.91939       -0.54102
H          9.64008       -2.11270       -0.48621
H          8.85186       -1.68780       -1.98807
C         10.68676        0.92044       -1.26533
H         10.68661        0.83235       -2.34706
H         11.51474        0.32712       -0.89158
H         10.88966        1.95846       -1.02282
C          7.59609        1.26842       -1.39145
H          7.60545        1.11616       -2.46629
H          7.65338        2.33753       -1.21086
H          6.63329        0.92822       -1.02270
C          5.93721       -1.91011        5.91329
H          6.36770       -2.35285        6.80688
H          4.87632       -1.72096        6.10585
H          6.40980       -0.94637        5.75695
C          5.10070       -4.62513        4.74499
H          5.19408       -5.35718        3.95066
H          4.04523       -4.37984        4.84055
H          5.41757       -5.10060        5.66857
C          7.95611       -3.44434        4.19796
H          8.32837       -3.93364        5.09306
H          8.54435       -2.54585        4.05017
H          8.14533       -4.10907        3.36439
C          3.56990       -4.23604        1.36835
H          3.13286       -4.40673        0.38961
H          2.82011       -3.74830        1.98727
H          3.76323       -5.20773        1.80962
C          6.63326       -4.38354        0.98145
H          6.68852       -5.13299        1.76397
H          7.58877       -3.87083        0.94526
H          6.51341       -4.90859        0.03819
C          5.06460       -2.05287       -0.27751
H          5.52765       -2.52134       -1.14080
H          5.56567       -1.10486       -0.11023
H          4.03504       -1.83946       -0.54095
