88
CSD_code = LUTFAJ | q = 0 | S = 0 | Stoichiometry = C26H52FeNO3PSi4 | MND = 5
Fe         2.79400        1.08456        4.43637
P          2.44856        2.99619        3.63620
Si         3.96395        3.24080        0.94418
Si         0.84430        2.52723        0.99172
Si         3.14023        5.59243        5.11819
Si         0.31853        4.14198        5.65236
O          4.01103        0.34709        3.08671
O          2.23516        1.20295        7.26768
O          0.62032       -0.84496        4.62616
N          4.49865        0.05237        4.30562
C          2.44680        1.27338        6.13035
C          1.49879       -0.11196        4.46578
C          2.27282        3.51731        1.85771
C          1.94208        5.01614        1.91769
C          1.07781        5.27367        3.14312
C          1.69995        4.54704        4.34392
C          5.44368        3.57117        2.11880
C          4.11867        4.53722       -0.45625
C          4.21482        1.51322        0.18842
C          0.88531        2.91231       -0.88442
C         -0.93289        3.04244        1.48754
C          1.00931        0.65245        1.26227
C          2.43014        6.94797        6.26374
C          4.20833        6.61592        3.89888
C          4.32855        4.45938        6.09869
C         -0.95661        5.56998        5.61052
C         -0.62557        2.54531        5.19969
C          0.93170        4.01446        7.45772
C          4.52264       -1.40189        4.58272
C          5.70663       -2.07484        3.89044
C          6.86135       -1.35860        4.59562
C          6.95065        0.01164        3.91854
C          5.78511        0.71774        4.61015
C          4.89887       -1.63040        6.04100
C          6.14683        0.46601        6.06883
C          6.32005       -1.05624        6.03462
H          2.85706        5.59888        2.00324
H          1.43031        5.33820        1.00901
H          0.07813        4.88775        2.95432
H          0.98874        6.34423        3.33801
H          6.00020        4.46054        1.83746
H          6.13723        2.73676        2.09510
H          5.10992        3.69495        3.14657
H          3.29065        4.48799       -1.15243
H          5.02914        4.36371       -1.02065
H          4.16412        5.55122       -0.07339
H          4.22808        0.76018        0.96757
H          5.16592        1.47272       -0.33481
H          3.43785        1.24731       -0.51787
H          0.04403        2.43038       -1.37229
H          1.78826        2.55852       -1.36730
H          0.80148        3.97638       -1.08064
H         -1.63979        2.40228        0.96667
H         -1.15769        4.06504        1.19973
H         -1.12480        2.93776        2.54850
H          0.95653        0.11253        0.32271
H          0.21270        0.27803        1.89679
H          1.95100        0.40067        1.73959
H          3.23908        7.54020        6.67967
H          1.85998        6.54430        7.08993
H          1.78453        7.62750        5.71686
H          4.73912        6.01407        3.17118
H          4.95284        7.16866        4.46582
H          3.61098        7.34617        3.36183
H          3.96853        3.43242        6.12114
H          4.43844        4.79896        7.12323
H          5.32069        4.44790        5.65752
H         -1.70337        5.41899        6.38354
H         -1.48034        5.62807        4.66251
H         -0.49320        6.53334        5.78944
H         -0.68564        1.87816        6.05315
H         -0.11785        1.99798        4.40827
H         -1.64309        2.75014        4.88075
H          0.56902        3.10077        7.91570
H          0.55738        4.84053        8.05394
H          2.01120        4.00784        7.53986
H          3.55067       -1.80311        4.28731
H          5.71092       -1.92254        2.81255
H          5.69036       -3.14653        4.09044
H          7.79701       -1.91612        4.58273
H          7.88303        0.53225        4.14050
H          6.83185       -0.04508        2.83769
H          5.68128        1.77013        4.33794
H          4.88048       -2.69619        6.26747
H          4.23894       -1.11568        6.73774
H          5.37066        0.78408        6.76379
H          7.07169        0.98629        6.31828
H          6.95074       -1.44238        6.83397
