72
CSD_code = LUWTUU | q = 0 | S = 0 | Stoichiometry = C30H36FeO2Si3 | MND = 8
Fe         9.61748        7.22514        1.45107
Si         8.39371        7.45846        3.31612
O          8.56979        4.55018        1.19584
Si         5.33443        8.03151        1.96632
O         11.38713        5.54339        2.98332
C          6.84208        8.52020        2.98530
Si        10.76918        8.77587        5.33295
C          7.03827        9.70999        3.58806
C          8.29367        9.90005        4.32530
C          9.14640        8.85649        4.37789
C         10.71438        6.28047        2.40967
C          8.91220        5.64533        1.26779
C          8.80139        9.10179        0.49470
H          7.84823        9.57435        0.65509
C          9.10632        8.16646       -0.51516
H          8.42606        7.80987       -1.27135
C         10.49660        7.90167       -0.47101
H         11.05068        7.31647       -1.18561
C          7.86952        5.94390        4.37116
H          8.72382        5.31873        4.60034
H          7.15073        5.33870        3.83102
H          7.41567        6.25308        5.30601
C         11.04895        8.67945        0.57157
H         12.09913        8.77967        0.79076
C         10.00327        9.40994        1.17760
H         10.11565       10.16446        1.93602
C          5.85931        6.57351        0.85730
H          6.80787        6.76594        0.36564
H          5.11997        6.37300        0.08848
H          5.97625        5.66575        1.43842
C          4.68613        9.43050        0.83604
H          5.44416        9.76926        0.13614
H          4.36393       10.29285        1.40982
H          3.83657        9.08876        0.25167
C          3.91405        7.42161        3.09128
H          3.25149        6.75419        2.54826
H          3.31365        8.24502        3.46382
H          4.29915        6.87591        3.94711
C          6.09095       10.83585        3.53945
C          4.86144       10.75596        4.18322
H          4.61092        9.85457        4.72192
C          3.98044       11.82099        4.14789
H          3.02876       11.75020        4.65500
C          4.31646       12.97859        3.46635
H          3.62813       13.81051        3.43812
C          5.54008       13.06713        2.82386
H          5.80678       13.96901        2.29207
C          6.42422       12.00555        2.86397
H          7.37886       12.07736        2.36261
C          8.51787       11.21295        4.95187
C          7.67394       11.66998        5.95945
H          6.87557       11.03305        6.31122
C          7.85968       12.92052        6.51710
H          7.20108       13.26141        7.30276
C          8.88231       13.73926        6.06786
H          9.02107       14.72023        6.49798
C          9.72656       13.29435        5.06530
H         10.52700       13.92854        4.71132
C          9.54761       12.03854        4.51520
H         10.20834       11.69230        3.73344
C         10.88544        7.04696        6.12891
H         10.97350        6.27166        5.37696
H         10.01035        6.82527        6.73070
H         11.75469        6.97287        6.77513
C         12.21658        8.97851        4.10224
H         12.25419        9.97469        3.67281
H         12.11998        8.26736        3.28706
H         13.17024        8.79772        4.58805
C         10.93889       10.05519        6.74108
H         11.71581        9.75615        7.43893
H         10.01318       10.14762        7.29981
H         11.19130       11.04257        6.37052
