93
CSD_code = MINDOC | q = 0 | S = 0 | Stoichiometry = C37H40N2O9P2Si2W | MND = 6
W          4.45891        9.78205        6.27862
P          4.30086        8.44659        4.20090
P          8.13464        8.98457        1.99175
Si         2.55006        6.38812        2.57372
Si         4.77321        5.53552        4.83230
N          5.69441        8.29029        3.30612
N          6.66769        9.19839        1.37801
O          4.73677       11.55864        8.83642
O          7.57819        9.46752        6.31819
O          3.82430        7.37070        8.16568
O          1.40695        9.91725        6.94253
O          4.34044       12.31293        4.42707
O          3.40853        9.95928       -0.18605
O          4.75470       11.58873        0.57492
O          1.82316       10.88268        2.09771
O          1.62310       10.10658        4.19220
C          4.62703       10.90323        7.90136
C          6.44248        9.59655        6.23553
C          4.17749        8.20508        7.46249
C          2.47128        9.89574        6.53745
C          4.45781       11.38888        5.09292
C          3.47379        6.81874        4.20711
H          2.71818        6.92623        4.99170
C          3.66440        6.51156        1.02855
H          3.50795        5.66815        0.36279
H          4.71596        6.53345        1.29314
H          3.45372        7.41758        0.46745
C          1.88766        4.60297        2.75499
H          1.20260        4.52196        3.59268
H          2.67426        3.87230        2.90155
H          1.33958        4.32033        1.86203
C          0.98719        7.46400        2.33165
H          0.17897        6.87058        1.91415
H          1.16906        8.28745        1.64754
H          0.63430        7.88033        3.27039
C          6.19532        6.27737        5.85301
H          5.90470        6.54888        6.86177
H          6.56494        7.16655        5.35375
H          7.01709        5.57160        5.93073
C          5.62047        4.67596        3.35375
H          6.29311        3.89992        3.70511
H          6.21485        5.39277        2.79658
H          4.91849        4.21892        2.66671
C          3.83233        4.28262        5.92350
H          4.50034        3.49393        6.25161
H          3.00731        3.81689        5.39728
H          3.42996        4.75887        6.81215
C          3.48238        9.44654        2.91389
C          4.36095        9.65461        1.91047
C          5.63670        8.99665        2.20077
C          4.21009       10.52752        0.72157
C          3.19270       10.70731       -1.37448
H          2.78816       11.69162       -1.13131
H          2.48407       10.13615       -1.96869
H          4.13220       10.83584       -1.91608
C          2.22501       10.15315        3.14384
C          0.63076       11.63099        2.29191
H         -0.20668       10.95964        2.49360
H          0.46594       12.18537        1.37180
H          0.74735       12.31273        3.13671
C          8.60151        7.30959        2.51732
C          8.60938        6.34551        1.51362
H          8.35253        6.63825        0.50296
C          8.94475        5.03916        1.81450
H          8.95312        4.28945        1.03732
C          9.27248        4.69597        3.11749
H          9.54392        3.67757        3.35269
C          9.24676        5.65335        4.11786
H          9.49935        5.38055        5.13175
C          8.90297        6.96237        3.82568
H          8.87213        7.70831        4.60567
C          9.24709        9.41953        0.63874
C          8.78425       10.30715       -0.32426
H          7.76540       10.65919       -0.25849
C          9.62590       10.71073       -1.34479
H          9.27005       11.39769       -2.09819
C         10.92765       10.23785       -1.39741
H         11.58497       10.55515       -2.19341
C         11.39076        9.35898       -0.43091
H         12.40591        8.99274       -0.47504
C         10.55386        8.95031        0.59172
H         10.90684        8.25823        1.34441
C          8.49531       10.16600        3.31915
C          7.56664       11.16065        3.60089
H          6.63596       11.19480        3.05245
C          7.84365       12.10521        4.57347
H          7.11896       12.87311        4.79905
C          9.04915       12.06469        5.25429
H          9.26007       12.79630        6.01979
C          9.98779       11.09051        4.95245
H         10.93142       11.06790        5.47731
C          9.71864       10.14398        3.98165
H         10.45248        9.38877        3.73699
