52
CSD_code = MISCUO | q = 0 | S = 0 | Stoichiometry = C16H25O7PSi2W | MND = 6
C         10.33282        2.84179       17.15080
C         10.13727        1.67303       17.75158
C          9.70405        3.46021       15.95613
H          8.87958        2.85038       15.60126
H         10.44308        3.56199       15.16207
H          9.34083        4.45588       16.20636
C          9.20675        0.55284       17.46204
H          8.57876        0.35608       18.33013
H          9.77261       -0.35262       17.24668
H          8.57959        0.79376       16.61001
C         11.56684        3.58309       20.54609
H         12.48388        4.11621       20.81497
C          9.53829        1.64686       21.97600
H          9.16435        1.33874       21.00551
H          8.89501        2.43667       22.34924
H          9.44150        0.80190       22.65023
C         11.93257        2.93588       23.54088
H         11.35931        3.81050       23.82474
H         12.97874        3.22324       23.50893
H         11.82066        2.20057       24.32994
C         12.44932        0.68960       21.50414
H         13.50073        0.95734       21.43924
H         12.16655        0.22440       20.56563
H         12.35351       -0.06000       22.28487
C          9.88839        5.68689       22.06861
H         10.79972        6.04249       22.53671
H          9.42687        4.97269       22.74125
H          9.21664        6.53358       21.98071
C          8.55327        4.30401       19.67422
H          8.02065        3.72491       20.42147
H          8.66626        3.68008       18.79456
H          7.91849        5.14249       19.40226
C         10.92918        6.34000       19.25420
H         10.21200        7.14763       19.13936
H         11.19819        5.98947       18.26368
H         11.82502        6.76294       19.70079
C         16.27225        2.32065       17.85509
C         13.68591        2.10226       16.58249
C         14.31298        4.41719       18.07238
C         14.95370        2.86287       20.28773
C         14.33860        0.47832       18.73174
O         11.32143        3.60189       17.77568
O         10.96609        1.50341       18.86564
O         17.36098        2.25407       17.51297
O         13.20583        1.92529       15.55972
O         14.21667        5.53874       17.87659
O         15.25652        3.15703       21.35247
O         14.30158       -0.65852       18.83846
Si        11.35958        2.20660       21.87568
Si        10.22384        4.94143       20.34558
P         12.03009        2.75135       19.00256
W         14.37299        2.45258       18.42377
