128
CSD_code = MOFCOZ | q = 0 | S = 0 | Stoichiometry = C48H70O6P2SiW | MND = 6
W          6.39263        5.47454       23.20453
C          7.02322        3.72189       22.52179
O          7.38829        2.71538       22.10660
C          8.23075        5.85383       23.88046
O          9.32364        6.02061       24.17725
C          4.60152        5.04991       22.45254
O          3.61154        4.71211       21.97473
C          5.92103        4.65016       24.96212
O          5.72652        4.14140       25.96785
C          7.04395        6.20195       21.46851
O          7.54742        6.47389       20.47234
P          5.39857        9.40958       25.88833
P          4.37555        8.44304       23.56292
Si         3.17421       11.34009       24.38088
O          7.20011        7.31404       25.84724
C          6.28640        8.02414       25.13265
C          5.69516        7.41077       24.05055
C          4.33787        9.85578       24.52942
C          8.25811        8.00617       26.47710
H          8.53470        7.42645       27.35799
H          7.96321        9.01592       26.77674
H          9.12346        8.06179       25.80697
C          3.77085       12.78743       25.46437
H          3.83212       12.50580       26.50994
H          3.07267       13.61514       25.38630
H          4.74910       13.15230       25.17335
C          3.13841       11.84882       22.54379
H          2.54389       12.74732       22.41167
H          2.68389       11.06247       21.94864
H          4.12474       12.04932       22.13696
C          1.36809       10.96574       24.86351
H          1.26475       10.71321       25.91428
H          0.96009       10.15169       24.27318
H          0.75412       11.84271       24.68095
C          6.29430       10.87678       26.54751
C          5.95122       11.18303       27.89449
C          6.30378       12.42212       28.39898
H          6.01817       12.68728       29.39909
C          6.99877       13.36802       27.65959
C          7.41229       12.99555       26.39951
H          7.99664       13.69381       25.82930
C          7.09723       11.76952       25.81088
C          5.20611       10.23092       28.84775
C          5.86450        8.84364       28.88370
H          6.90379        8.93814       29.19290
H          5.83072        8.32798       27.92702
H          5.34927        8.21295       29.60513
C          3.71971       10.14067       28.46953
H          3.25845       11.12419       28.54110
H          3.20620        9.46868       29.15378
H          3.57618        9.77215       27.45618
C          5.24012       10.71728       30.30920
H          6.25919       10.88441       30.65049
H          4.80108        9.94759       30.94068
H          4.65353       11.62125       30.45545
C          7.28195       14.73299       28.26359
C          5.94464       15.40311       28.60988
H          6.11822       16.39597       29.01888
H          5.38921       14.82654       29.34434
H          5.33038       15.49878       27.71683
C          8.12394       14.55704       29.53494
H          8.35496       15.52806       29.96733
H          9.05903       14.05263       29.30003
H          7.59855       13.96974       30.28287
C          8.04452       15.65667       27.30988
H          8.20027       16.62119       27.78859
H          7.48219       15.82519       26.39409
H          9.02114       15.24666       27.06239
C          7.74219       11.61030       24.42611
C          9.26358       11.81190       24.57998
H          9.53216       12.83032       24.84270
H          9.75876       11.57373       23.64130
H          9.65428       11.14797       25.34890
C          7.16415       12.67195       23.47618
H          6.10627       12.48026       23.31031
H          7.67766       12.62531       22.51806
H          7.26979       13.68092       23.86457
C          7.57127       10.26566       23.73005
H          6.52305       10.03876       23.56095
H          8.04188        9.46426       24.28852
H          8.05527       10.30606       22.75521
C          2.91319        8.05135       22.57430
C          2.84831        8.42719       21.21746
C          1.60002        8.46039       20.60469
H          1.54748        8.72690       19.56601
C          0.42616        8.18289       21.28037
C          0.54420        7.70711       22.57595
H         -0.35362        7.40347       23.08783
C          1.75645        7.58429       23.24190
C          4.03463        8.67006       20.28260
C          5.34744        9.01916       20.97386
H          5.25161        9.93797       21.55259
H          6.11774        9.17575       20.21870
H          5.69491        8.19755       21.60550
C          4.23734        7.35565       19.51040
H          4.49659        6.55190       20.19603
H          5.04599        7.46621       18.79161
H          3.33385        7.07097       18.97635
C          3.74661        9.80249       19.27801
H          3.35204       10.68135       19.78191
H          3.04830        9.50128       18.50264
H          4.67069       10.08462       18.77883
C         -0.95023        8.33598       20.65606
C         -0.89238        8.88489       19.22799
H         -1.90400        9.01062       18.84792
H         -0.37115        8.19849       18.56480
H         -0.40053        9.85466       19.20038
C         -1.76792        9.31427       21.51191
H         -2.75605        9.45355       21.07926
H         -1.27058       10.28117       21.55657
H         -1.89147        8.94823       22.52743
C         -1.64380        6.96724       20.61715
H         -2.61181        7.05319       20.12853
H         -1.80350        6.57217       21.61644
H         -1.03810        6.25426       20.06214
C          1.66407        6.82179       24.56921
C          1.09489        5.42961       24.22613
H          1.70929        4.94916       23.46943
H          0.07643        5.48095       23.85317
H          1.09444        4.80210       25.11455
C          2.97799        6.57432       25.30169
H          3.70125        6.07127       24.65947
H          2.78797        5.92081       26.15283
H          3.40615        7.49526       25.70196
C          0.72897        7.52618       25.56331
H         -0.22927        7.79048       25.12601
H          1.19703        8.43193       25.93785
H          0.54097        6.86714       26.40829
