69
CSD_code = MOGKAV | q = 1 | S = 0 | Stoichiometry = C23H42O2ScSi(1+) | MND = 10
Sc        12.88813        2.96735       20.30461
Si        10.12225        5.39930       21.32693
O         14.20159        1.52847       19.39689
O         14.26294        2.92361       21.95822
C         13.60767        4.80798       19.39564
H         14.69418        4.94464       19.49315
H         13.07740        5.69026       19.76912
C         13.23542        4.48862       18.02257
H         12.22023        4.74126       17.72185
C         14.05619        3.97285       17.09303
H         15.10068        3.79480       17.29886
H         13.72418        3.76678       16.09070
C         10.77233        3.65937       20.92483
C         11.17157        2.69989       21.92392
C         11.26940        1.42132       21.31802
C         10.89277        1.55759       19.94442
C         10.58450        2.91907       19.70328
C         11.22739        2.98180       23.40016
H         11.36081        2.06462       23.97020
H         10.28582        3.42701       23.71753
H         12.02172        3.67978       23.66518
C         11.44567        0.09055       22.00058
H         11.77181        0.20184       23.03195
H         12.16807       -0.54274       21.48142
H         10.49187       -0.44046       22.01160
C         10.49746        0.42838       19.03473
H          9.41089        0.31949       19.05942
H         10.92596       -0.51951       19.35337
H         10.77887        0.61519       17.99883
C          9.87545        3.38698       18.46770
H         10.28973        2.92935       17.56953
H          9.91234        4.46502       18.36605
H          8.82549        3.09298       18.52696
C          8.39187        5.23818       22.11219
H          8.39741        4.64471       23.02066
H          7.69272        4.77161       21.42497
H          7.99820        6.21741       22.36519
C         11.35427        6.24066       22.53297
H         11.26640        7.32006       22.46944
H         12.38761        5.98375       22.30239
H         11.16287        5.96938       23.56507
C          9.98063        6.57002       19.82306
H          9.88217        7.59159       20.17713
H          9.09722        6.35943       19.22980
H         10.84481        6.54158       19.16594
C         15.64153        1.65092       19.41940
H         15.90316        2.71052       19.48781
H         16.02346        1.12235       20.30245
C         16.15788        0.98773       18.14815
H         17.17120        0.61336       18.26490
H         16.13132        1.68301       17.30981
C         15.12943       -0.11976       17.94782
H         15.08417       -0.47840       16.92366
H         15.34160       -0.96262       18.60661
C         13.84226        0.58123       18.36568
H         13.40864        1.13608       17.52376
H         13.10116       -0.10899       18.77330
C         15.05752        4.00959       22.48911
H         14.40442        4.86385       22.69039
H         15.79527        4.29609       21.73048
C         15.74616        3.48468       23.74740
H         15.13234        3.66968       24.62860
H         16.71985        3.94175       23.89875
C         15.82518        1.98722       23.46440
H         16.65338        1.76829       22.78917
H         15.93631        1.38997       24.36489
C         14.48508        1.75868       22.77961
H         14.45572        0.87247       22.13929
H         13.68948        1.69250       23.53057
