92
CSD_code = MOMKIJ | q = 0 | S = 0 | Stoichiometry = C36H50N3ScSi2 | MND = 5
Sc         9.06878        6.33439        4.41251
Si         9.40007        2.93252        3.39813
Si         6.99689        9.28975        4.80516
N         10.81608        6.85392        3.12790
N         10.85785        6.53918        5.92416
C         12.65755        5.92667        4.40743
N          8.24263        6.78070        2.24002
C         12.07338        6.17526        5.68210
H         12.75651        6.04756        6.53203
C         12.04644        6.28809        3.16835
C         12.75989        5.96759        1.98650
H         12.29343        6.18085        1.03512
C         11.33931        8.51595        1.42089
H         12.34999        8.60471        1.79342
C         10.58824        6.85918        7.28558
C         10.27682        5.86134        8.21382
C         10.46867        7.62902        2.04913
C          9.11545        7.57784        1.57942
C          8.36931        4.16858        4.37916
H          8.21798        3.76358        5.39028
H          7.36064        4.18376        3.93073
C         10.06557        6.23025        9.53639
H          9.83446        5.47345       10.27002
C          7.61393        7.67207        5.54903
H          6.72949        7.06730        5.81000
H          8.08439        7.91340        6.51779
C          8.73542        8.33125        0.43480
C         10.67733        8.20464        7.67251
C          7.02935        6.63752        1.75054
H          6.36643        5.97831        2.29709
C         11.03802        9.25530        6.64553
H         10.67935        8.89866        5.66723
C         14.59441        5.04416        3.23391
H         15.56592        4.57550        3.25139
C          9.70282        3.60994        1.62895
H          8.76805        3.72527        1.08745
H         10.33917        2.95033        1.04701
H         10.18381        4.58422        1.66585
C         10.17242        4.41008        7.80250
H         10.22178        4.35161        6.70688
C         13.98239        5.35447        2.01608
H         14.47834        5.10523        1.08911
C         10.46014        8.52925        9.00263
H         10.53366        9.55566        9.32421
C          6.57773        7.29155        0.59688
H          5.57200        7.12243        0.24476
C         10.16013        7.54958        9.93151
H         10.00187        7.81723       10.96563
C         13.93390        5.33122        4.39799
H         14.38514        5.07932        5.34815
C         10.38373       10.60749        6.92122
H          9.31845       10.48441        7.09454
H         10.51773       11.25964        6.06156
H         10.83179       11.09633        7.78336
C          9.66410        9.19550       -0.17058
H          9.36296        9.77176       -1.03212
C          5.51190        9.01151        3.61862
H          5.83357        8.92863        2.58576
H          4.80455        9.83293        3.67428
H          4.97398        8.10208        3.86758
C          7.42015        8.15955       -0.04402
H          7.09932        8.71528       -0.91384
C         10.93409        9.29418        0.34098
H         11.64412        9.97397       -0.10734
C         11.10021        2.65723        4.24410
H         11.60136        3.60365        4.43009
H         11.75907        2.05561        3.62559
H         10.99112        2.14563        5.19548
C          6.36251       10.58617        6.07702
H          5.45124       10.24063        6.55624
H          6.14302       11.54026        5.60591
H          7.08789       10.77129        6.86354
C         12.56024        9.41839        6.57433
H         12.95676        9.69065        7.55094
H         12.81958       10.20102        5.86442
H         13.03737        8.49507        6.25329
C          8.61937        1.18785        3.18702
H          8.43770        0.71952        4.14979
H          9.26264        0.52334        2.61767
H          7.66680        1.24304        2.66839
C         11.33640        3.60195        8.38170
H         12.28864        3.99281        8.02999
H         11.25918        2.56156        8.07422
H         11.33101        3.64244        9.46875
C          8.83291        3.81171        8.23787
H          8.76456        3.74002        9.32042
H          8.72255        2.81147        7.82466
H          8.01272        4.43014        7.87794
C          8.41577       10.12591        3.80293
H          9.31255        9.50268        3.80476
H          8.68612       11.09413        4.21143
H          8.13320       10.28202        2.76560
