82
CSD_code = MUBRUW | q = 0 | S = 0 | Stoichiometry = C26H43NO5P2Si4W | MND = 6
W          6.74486        3.23851        2.06291
P          6.81733        4.90899        3.91528
P          6.71588        4.85398        6.15239
Si         7.89471        3.37793        8.48893
Si         5.46564        1.87869        6.86753
Si         6.56547        7.99646        3.51687
Si         9.42259        6.48623        4.27506
N          5.19916        5.37227        4.18616
O          6.59117        1.30674       -0.38934
O          6.22092        5.58286        0.04757
O          9.76522        3.62128        1.32934
O          7.46788        0.76483        3.85737
O          3.61069        3.16344        2.16555
C          6.64546        2.00795        0.51494
C          6.39510        4.75980        0.82204
C          8.68718        3.46577        1.68596
C          7.16071        1.68323        3.24473
C          4.75075        3.13655        2.23137
C          6.94515        3.12416        6.81994
H          7.67077        2.68284        6.12719
C          8.13773        1.76682        9.47616
H          8.68125        1.02398        8.90216
H          7.19760        1.32632        9.78835
H          8.71600        1.96982       10.37198
C          9.62804        4.07911        8.11269
H          9.57438        4.99566        7.53476
H         10.22797        3.36958        7.55131
H         10.16160        4.29911        9.03214
C          6.96332        4.63897        9.57577
H          7.48139        4.78476       10.51828
H          5.95498        4.31137        9.80501
H          6.89975        5.60767        9.08766
C          4.38982        1.98362        5.30165
H          4.90525        2.53117        4.51551
H          3.44361        2.48238        5.48679
H          4.17031        0.99413        4.91139
C          4.36539        2.14318        8.40104
H          3.86719        3.10669        8.38480
H          4.93021        2.07221        9.32407
H          3.59376        1.38001        8.43170
C          6.20955        0.12361        6.93061
H          5.41563       -0.61704        6.90685
H          6.78825       -0.05037        7.82967
H          6.85529       -0.06837        6.08026
C          5.03456        5.08008        5.44145
C          3.76993        5.20505        6.12779
C          2.56841        5.12045        5.42168
H          2.60201        4.93467        4.35912
C          1.36702        5.26880        6.08551
H          0.43804        5.19720        5.53956
C          1.34955        5.51231        7.45104
H          0.40774        5.62954        7.96613
C          2.53965        5.60966        8.15553
H          2.52458        5.80733        9.21746
C          3.74485        5.45026        7.49943
H          4.68306        5.53366        8.03127
C          7.69763        6.44234        3.42887
H          7.90901        6.28963        2.36509
C          5.15610        7.84509        2.24348
H          4.59837        6.92563        2.39092
H          5.53890        7.84449        1.22691
H          4.46179        8.67598        2.33028
C          5.87054        8.29633        5.27160
H          5.96757        9.33867        5.55794
H          6.38299        7.69764        6.01887
H          4.81739        8.03778        5.31642
C          7.62466        9.50523        3.02141
H          8.08543        9.36753        2.04940
H          8.41298        9.71263        3.73607
H          6.99788       10.38809        2.96069
C         10.04653        4.71084        4.59763
H         10.41558        4.25215        3.68628
H          9.25405        4.07516        4.98766
H         10.86175        4.69924        5.31454
C          9.37053        7.45269        5.92076
H         10.35594        7.47572        6.37567
H          8.68622        7.00710        6.63679
H          9.05742        8.47916        5.76492
C         10.65314        7.31764        3.08127
H         10.36776        8.33757        2.85161
H         10.72291        6.77543        2.14345
H         11.64603        7.34452        3.51722
