82
CSD_code = NACHOP | q = 0 | S = 0 | Stoichiometry = C29H46N4Si2Zr | MND = 5
C          2.75354        8.22734        5.14224
C          2.93066        6.27828        6.24212
H          2.61201        5.32817        6.61891
C          4.11655        6.92286        6.36236
H          5.01913        6.63561        6.86182
C          5.00354        9.11556        5.54438
H          5.97829        8.64739        5.71135
H          4.85330        9.90698        6.28806
C          4.95825        9.73454        4.14186
H          5.92400       10.24313        3.98042
H          4.90199        8.90220        3.41101
C          0.74230        6.77975        5.18178
H          0.20155        6.62649        6.12327
H          0.70119        5.85140        4.59975
C          0.06746        7.92904        4.40147
H          0.53081        7.99482        3.40323
H         -0.97993        7.62253        4.26842
C         -1.02128        9.74823        5.52251
C         -2.18741        9.74013        4.73404
H         -2.18072        9.27308        3.75812
C         -3.34732       10.35565        5.16222
H         -4.21771       10.33813        4.51950
C         -3.41902       11.00124        6.38801
C         -2.27894       10.99881        7.18673
H         -2.31442       11.47581        8.15735
C         -1.11587       10.38522        6.77637
H         -0.25798       10.35999        7.43491
C         -4.67650       11.67524        6.85201
H         -5.01888       11.24434        7.79301
H         -5.46830       11.56730        6.11456
H         -4.50173       12.73823        7.01818
C          4.02079       11.52595        2.91449
C          4.86633       11.28007        1.81357
H          5.45036       10.37304        1.75835
C          4.96367       12.17409        0.76433
H          5.61638       11.93509       -0.06522
C          4.25084       13.36286        0.74783
C          3.33058       12.75805        2.89982
H          2.74968       13.03011        3.77415
C          3.44093       13.63829        1.84716
H          2.89979       14.57475        1.87947
C          4.33943       14.32239       -0.40187
H          3.41784       14.30290       -0.98542
H          5.16508       14.06296       -1.06054
H          4.48465       15.34079       -0.04400
C          0.53551       11.17638        2.83948
H         -0.51504       11.11461        3.15198
H          0.74586       12.23467        2.64378
C          1.39949       12.24927        5.90665
H          1.58650       13.22443        5.44116
H          0.33473       12.23504        6.16475
C          2.45100       10.16702        7.93741
H          1.82942       10.04184        8.81998
H          3.43299        9.77708        8.19589
H          2.02288        9.54948        7.14009
C          4.29945       12.49036        6.89471
H          4.50460       12.17773        5.87258
H          5.04727       12.05294        7.55060
H          4.43454       13.56629        6.93702
C          2.12397       13.01487        9.00542
H          2.19108       14.08407        8.83099
H          2.81453       12.77111        9.80768
H          1.11980       12.80795        9.36324
C          2.28966        8.89275        1.57937
H          3.18651        9.24218        1.07578
H          2.06166        7.90710        1.17962
H          2.52511        8.78706        2.64473
C          1.34830       11.16315       -0.24939
H          0.55997       11.84523       -0.55074
H          1.56762       10.52011       -1.09609
H          2.23523       11.75346       -0.04419
C         -0.67578        9.09795        0.76840
H         -1.04463        8.47807        1.57971
H         -0.43916        8.44209       -0.06388
H         -1.49254        9.73909        0.45395
N          2.11773        7.08903        5.49399
N          3.98421        8.10561        5.68752
N          3.87750       10.69538        4.00020
N          0.17439        9.16092        5.16188
Si         0.84528       10.15502        1.30145
Si         2.50117       12.02755        7.39573
Zr         1.78860       10.44749        4.57004
