105
CSD_code = NADPAL | q = 0 | S = 0 | Stoichiometry = C37H61N2O2Si2Y | MND = 6
Y          0.54260        6.25580        4.55337
Si         1.09348        4.07941        7.48703
Si         1.24724        3.50751        2.08992
O          0.03539        7.75529        2.21246
O         -2.10569        5.67036        3.60230
N          0.40330        9.61399        5.48350
N         -1.24124        8.81862        6.58793
C         -0.43722        8.55131        5.52762
C          0.13605       10.50919        6.48498
H          0.70676       11.40417        6.62196
C         -0.90594       10.00925        7.18641
H         -1.43821       10.39498        8.03142
C          1.43682        9.79486        4.52084
C          2.45775        8.80962        4.44780
C          3.43554        9.00035        3.44746
H          4.22339        8.26359        3.36328
C          3.42681       10.08803        2.60285
C          2.41714       11.04187        2.72634
H          2.41419       11.90689        2.07841
C          1.41470       10.89920        3.67923
C          4.48562       10.26335        1.55334
H          5.21729        9.46093        1.60226
H          5.00168       11.21328        1.68822
H          4.03993       10.26527        0.55824
C          0.34313       11.95369        3.76460
H         -0.58821       11.56264        4.17131
H          0.14423       12.36582        2.77666
H          0.67027       12.77614        4.40236
C          2.48482        7.68277        5.33103
H          2.17425        7.91693        6.35324
H          3.43952        7.15623        5.32436
C         -2.31882        8.02603        7.05667
C         -3.49800        7.96212        6.31471
C         -4.56538        7.23633        6.82300
H         -5.48881        7.19316        6.26263
C         -4.47695        6.57116        8.03708
C         -3.29093        6.64889        8.75340
H         -3.20860        6.13207        9.69835
C         -2.20594        7.37541        8.28697
C         -5.62621        5.76562        8.56020
H         -5.43729        4.70413        8.39960
H         -6.55109        6.02845        8.05299
H         -5.75246        5.92315        9.62916
C         -0.94252        7.46052        9.08624
H         -0.07156        7.38512        8.43770
H         -0.90305        6.65503        9.81431
H         -0.89030        8.40794        9.62379
C         -3.59276        8.65374        4.98953
H         -4.61681        8.65200        4.62423
H         -2.95292        8.13901        4.27334
H         -3.25052        9.68525        5.06257
C         -0.21409        4.86837        6.39353
H         -0.92621        5.42536        7.01410
H         -0.79221        4.04820        5.94977
C          2.40270        3.18006        6.41821
H          1.93723        2.63751        5.60170
H          2.97899        2.46853        7.00235
H          3.09989        3.89134        5.98436
C          2.05191        5.34529        8.56607
H          2.32028        6.22762        7.99329
H          2.97335        4.90849        8.93876
H          1.47589        5.66529        9.42790
C          0.41234        2.77651        8.73079
H         -0.35543        3.20478        9.36874
H          1.19089        2.38150        9.37664
H         -0.03414        1.93750        8.20584
C          1.92843        4.95171        3.06982
H          2.43124        5.63967        2.37811
H          2.72438        4.55879        3.71619
C          0.47956        4.07384        0.42002
H         -0.17479        4.92942        0.54751
H         -0.10136        3.28225       -0.04370
H          1.25919        4.35562       -0.28109
C          2.53347        2.16744        1.59355
H          3.31286        2.58384        0.96238
H          2.08046        1.34114        1.05306
H          3.01600        1.75585        2.47483
C         -0.10432        2.55261        3.06475
H          0.34928        1.89209        3.79691
H         -0.72246        1.93860        2.41509
H         -0.75224        3.23537        3.60703
C          1.03344        7.86586        1.18349
H          1.03249        6.92845        0.61744
H          2.01125        8.00479        1.65202
C          0.64770        9.05673        0.30466
H          0.90349        8.89467       -0.73972
H          1.14768        9.95746        0.66139
C         -0.85474        9.16404        0.54587
H         -1.39416        8.43768       -0.06461
H         -1.25148       10.15732        0.35043
C         -0.93008        8.78633        2.02083
H         -0.67285        9.64883        2.64572
H         -1.90510        8.40090        2.32433
C         -3.13087        5.03264        4.35434
H         -3.12973        5.46149        5.35606
H         -2.92231        3.95642        4.42248
C         -4.44451        5.26744        3.58516
H         -5.04266        6.04035        4.06182
H         -5.03576        4.35505        3.54385
C         -3.97448        5.70767        2.18992
H         -4.17393        6.76775        2.03296
H         -4.44947        5.14560        1.38965
C         -2.46445        5.45100        2.24596
H         -2.24195        4.41339        1.96514
H         -1.87377        6.12459        1.62862
