55
CSD_code = NAHGEJ | q = 0 | S = 0 | Stoichiometry = C27H24Cl2SiZr | MND = 12
Zr         9.88855        7.05596        6.08019
Cl        11.65100        5.57513        6.50590
Cl         9.53524        7.46301        8.33644
Si         8.61870        7.94658        3.15912
C          8.24677        6.53642        4.36440
C          9.04468        5.35665        4.42458
H          9.63219        4.96766        3.59940
C          8.85206        4.69280        5.64359
H          9.25767        3.72733        5.91657
C          7.93194        5.45647        6.41497
C          7.56731        6.62269        5.63033
C          9.96356        8.67602        4.27247
C         11.27760        8.12309        4.37110
H         11.77364        7.55752        3.58655
C         11.89394        8.52229        5.57284
C         10.96488        9.35468        6.27318
C          9.75352        9.42374        5.48153
C          6.66578        7.55715        6.18242
H          6.34089        8.41253        5.60566
C          6.14868        7.33206        7.43467
H          5.45543        8.04191        7.86087
C          6.48727        6.18793        8.17821
H          6.04468        6.05047        9.15286
C          7.36129        5.25247        7.68563
H          7.61216        4.36722        8.25494
C          8.67177       10.19248        5.95638
H          7.77965       10.30590        5.35582
C          8.79518       10.85395        7.15320
H          7.97218       11.44751        7.52270
C          9.98077       10.79876        7.90669
H         10.03526       11.35075        8.83243
C         11.06231       10.07041        7.48107
H         11.98094       10.05137        8.05106
C         13.31784        8.28410        5.99314
H         13.78346        7.56852        5.30681
H         13.34718        7.84871        6.99843
C         14.09695        9.57817        5.98265
C         14.89240        9.94264        7.05984
H         14.96142        9.28975        7.91891
C         15.59940       11.13272        7.04210
H         16.21496       11.40433        7.88732
C         15.51574       11.97404        5.94649
H         16.06468       12.90407        5.93334
C         14.72280       11.61861        4.86806
H         14.65209       12.27204        4.01036
C         14.01854       10.42896        4.88653
H         13.39614       10.15689        4.04604
C          9.38415        7.27224        1.54698
H          8.66040        6.67771        1.00009
H         10.25334        6.64835        1.72777
H          9.69238        8.08682        0.90060
C          7.17486        9.10503        2.70873
H          6.57906        8.66184        1.91801
H          7.55137       10.05508        2.34400
H          6.50976        9.30809        3.53966
