79
CSD_code = NEDTEX | q = 0 | S = 0 | Stoichiometry = C26H42BClN7RhSi | MND = 6
Rh         0.81699        2.60731       11.34306
Cl         1.77851        4.46993       10.39193
Si        -3.49242        5.16389       11.71371
N          1.39554        3.21897       13.21118
N          1.97107        2.31250       14.02741
N          0.03725        0.93708       12.23157
N          0.76339        0.32313       13.18021
N          2.67053        1.51416       11.24716
N          3.04132        0.83931       12.34894
N         -0.01866        2.24382        8.45081
B          2.14882        0.85294       13.59816
H          2.60875        0.19988       14.46294
C          1.39241        4.39639       13.83718
C          1.98741        4.23483       15.09118
H          2.13637        4.99383       15.83198
C          2.34229        2.90389       15.17658
C         -1.09223        0.25282       12.05693
C         -1.08817       -0.83682       12.92923
H         -1.85343       -1.57826       13.03656
C          0.10381       -0.75967       13.62558
C          3.60133        1.33158       10.31490
C          4.60747        0.51607       10.84039
H          5.49774        0.18911       10.34249
C          4.21796        0.22440       12.13381
C          0.84939        5.66493       13.28854
H         -0.13640        5.50496       12.85713
H          1.49747        6.04083       12.49823
H          0.79064        6.40627       14.08175
C          3.01184        2.19547       16.29867
H          3.96218        1.77295       15.97671
H          2.38912        1.38380       16.67108
H          3.19625        2.89706       17.10781
C         -2.15095        0.61070       11.07730
H         -2.47759        1.63749       11.23162
H         -2.99673       -0.06162       11.19508
H         -1.77126        0.52622       10.05971
C          0.61783       -1.67283       14.67896
H          1.56048       -2.12333       14.37321
H         -0.10753       -2.46191       14.85789
H          0.78737       -1.13227       15.60832
C          3.52397        1.89768        8.94247
H          2.85408        1.29802        8.32452
H          4.51129        1.89481        8.48733
H          3.14306        2.91645        8.97569
C          4.91739       -0.60425       13.15016
H          5.14875       -0.01427       14.03544
H          5.84432       -0.98573       12.73033
H          4.29737       -1.44503       13.45739
C          0.28403        2.22901        9.57408
C         -0.47507        2.48001        7.15661
H         -0.90385        1.55005        6.76652
H          0.38639        2.75737        6.53984
C         -1.53145        3.60850        7.12050
C         -1.98831        3.76328        5.66833
H         -2.45375        2.84837        5.30627
H         -1.14759        4.00320        5.02083
H         -2.71490        4.56816        5.59299
C         -0.90682        4.91048        7.61881
H         -0.07547        5.20881        6.98370
H         -0.53876        4.79984        8.63629
H         -1.64670        5.70600        7.61210
C         -2.71823        3.22808        8.00596
H         -3.11973        2.25567        7.72519
H         -3.50994        3.96499        7.90088
H         -2.41806        3.20201        9.05097
C         -0.88502        3.57608       11.49606
C         -1.92755        4.19397       11.54460
C         -4.97032        3.95571       11.60854
H         -4.97537        3.41846       10.66438
H         -5.91823        4.47936       11.69389
H         -4.92960        3.21865       12.40518
C         -3.50067        6.05103       13.40372
H         -2.69805        6.78003       13.46449
H         -3.36232        5.34425       14.21652
H         -4.43649        6.57539       13.57747
C         -3.61464        6.45565       10.31380
H         -3.81543        5.98500        9.35648
H         -2.68530        7.00842       10.21802
H         -4.40916        7.17268       10.50158
