85
CSD_code = NEZDOM | q = 0 | S = 0 | Stoichiometry = C22H55N4Si3Y | MND = 6
Y          3.73563        7.05289        3.49461
Si         3.53926        5.52991        0.58267
Si         1.98021        6.41276        6.73945
Si         2.99960       10.71080        3.30590
N          5.10135        5.60642        1.49190
N          6.62755        7.34266        3.36857
N          5.50862        4.75270        4.28718
N          2.45999        5.87624        1.82920
C          6.07861        6.56761        1.03308
C          7.16930        6.94065        2.06127
C          6.89393        8.76011        3.61314
C          7.20513        6.57483        4.47608
C          6.93470        5.06733        4.42329
C          5.01248        4.17251        5.53137
C          5.24642        3.81313        3.19137
C          5.67682        4.31449        1.80860
C          1.01276        5.84493        1.66741
C          0.56232        6.31895        0.27865
C          0.49541        4.41161        1.88410
C          0.35726        6.77001        2.70913
C          3.71060        6.71995       -0.92922
C          3.39131        3.82083       -0.29564
C          3.40922        7.30589        5.89406
C          2.36367        5.89345        8.55039
C          0.41110        7.50836        6.81067
C          1.47858        4.78399        5.83953
C          3.54202        9.18282        2.35820
C          2.78232       12.30422        2.25077
C          4.27390       11.17118        4.66648
C          1.31757       10.37931        4.15785
H          5.53976        7.47649        0.76567
H          6.60978        6.21268        0.13152
H          7.86014        6.10379        2.18553
H          7.75520        7.75838        1.62485
H          6.42059        9.06982        4.54441
H          6.47952        9.35956        2.80599
H          7.97440        8.96010        3.68461
H          6.77153        6.97130        5.39901
H          8.29967        6.72084        4.52445
H          7.49824        4.61778        3.60436
H          7.34015        4.63503        5.34756
H          3.94740        3.97736        5.44950
H          5.17037        4.86834        6.35262
H          5.52428        3.22611        5.76732
H          4.16582        3.65046        3.15757
H          5.74185        2.84362        3.38116
H          6.76708        4.35738        1.74240
H          5.36486        3.54819        1.09302
H          0.98329        7.29805        0.07036
H         -0.52263        6.38172        0.22831
H          0.90737        5.62762       -0.48275
H          0.79031        4.05155        2.86642
H          0.92242        3.75312        1.13402
H         -0.58918        4.37705        1.80868
H          0.62321        6.45737        3.71883
H         -0.72716        6.73454        2.61248
H          0.68618        7.79751        2.55171
H          2.90145        6.55515       -1.63318
H          4.64121        6.58278       -1.47312
H          3.65698        7.76093       -0.62445
H          3.26083        3.00780        0.41205
H          4.24787        3.58853       -0.92291
H          2.51849        3.82124       -0.94106
H          4.33970        7.02339        6.40229
H          3.28612        8.37474        6.10754
H          2.58988        6.75800        9.16648
H          3.22106        5.22764        8.59619
H          1.52586        5.37631        9.00805
H          0.04122        7.74455        5.81789
H          0.61187        8.44692        7.31706
H         -0.39099        7.01228        7.34906
H          1.82276        3.90594        6.37909
H          1.88488        4.74257        4.82775
H          0.39847        4.70068        5.76113
H          4.48000        9.39854        1.83159
H          2.80302        8.99052        1.56958
H          3.71543       12.59252        1.77561
H          2.44767       13.14602        2.84958
H          2.05074       12.15284        1.46292
H          4.46160       10.33360        5.33233
H          3.91334       11.99629        5.27247
H          5.22312       11.47651        4.23725
H          0.51568       10.30875        3.42944
H          1.05620       11.17535        4.84824
H          1.34311        9.44805        4.71727
