63
CSD_code = NEZZEA | q = 0 | S = 0 | Stoichiometry = C30H28Cl2OSiTi | MND = 8
C          7.82262        6.83367        1.15741
C          7.17836        5.64301        1.59201
H          7.66782        4.83859        2.12670
C          5.84491        5.62710        1.14888
H          5.14328        4.81068        1.26326
C          5.64687        6.78013        0.32591
C          4.54521        7.23494       -0.42027
H          3.61088        6.68839       -0.39838
C          4.69152        8.36247       -1.19053
H          3.85912        8.72378       -1.77620
C          5.91225        9.05528       -1.24565
H          5.98786        9.92625       -1.87969
C          7.00016        8.64997       -0.51248
H          7.93495        9.19162       -0.56019
C          6.88547        7.51089        0.30128
C         10.66787        7.52609        0.06655
H         10.74842        6.57367       -0.44777
H         11.67003        7.83573        0.34355
H         10.28610        8.24990       -0.64569
C          9.42898        9.06900        2.52170
H          9.02281        9.84139        1.87315
H         10.39184        9.41733        2.88441
H          8.75634        8.98714        3.37743
C         10.29751        6.09987        2.82135
H         10.34269        5.11039        2.37645
H          9.70642        6.03235        3.73138
H         11.30820        6.37338        3.10654
C          7.43922        6.99914        5.23087
C          7.74653        8.09557        6.05963
C          8.48743        7.88542        7.21498
H          8.72321        8.73091        7.84383
C          8.89279        6.61220        7.57517
H          9.47169        6.46362        8.47380
C          8.51859        5.52441        6.80647
H          8.77756        4.52350        7.11835
C          7.78131        5.69491        5.64120
C          7.21053        9.42404        5.71716
C          5.85315        9.55234        5.41960
H          5.21045        8.67596        5.43073
C          5.31703       10.79856        5.14708
H          4.26470       10.88867        4.92099
C          6.12744       11.92154        5.15324
H          5.70874       12.89115        4.92899
C          7.47604       11.79934        5.44344
H          8.11034       12.67377        5.44491
C          8.01555       10.55950        5.73175
H          9.06891       10.46155        5.95328
C          7.30464        4.54132        4.86067
C          5.96959        4.49115        4.45475
H          5.29019        5.29291        4.72425
C          5.49642        3.39525        3.75410
H          4.45597        3.35794        3.46567
C          6.34666        2.34788        3.43713
H          5.97678        1.49570        2.88661
C          7.67252        2.39231        3.83656
H          8.33729        1.57593        3.59452
C          8.14890        3.47781        4.54973
H          9.18422        3.51156        4.85708
O          6.87832        7.19951        4.04517
Cl         6.04751        9.60297        2.29580
Cl         4.04742        7.20998        3.11261
Si         9.55942        7.38986        1.61697
Ti         6.16694        7.45002        2.56532
