85
CSD_code = NIDMOE | q = 0 | S = 0 | Stoichiometry = C31H49ClFeN2Si | MND = 3
C          2.73380        1.17035        3.93995
C          4.50742       -0.13862        4.75141
H          4.27205       -1.19676        4.92616
H          5.35893        0.12636        5.38351
C          4.73548        0.16372        3.27072
H          5.58006        0.84731        3.11165
H          4.90583       -0.73267        2.67314
C          2.80250        0.77016        6.35667
C          1.78773       -0.10715        6.74912
C          1.30580       -0.01643        8.04915
H          0.51652       -0.67661        8.37387
C          1.82001        0.91185        8.93206
H          1.43299        0.97014        9.93873
C          2.82159        1.77671        8.52996
H          3.20065        2.50523        9.22844
C          3.33172        1.71788        7.24231
C          1.19010       -1.10065        5.78310
H          1.75421       -1.07536        4.84684
C         -0.24251       -0.67823        5.45481
H         -0.67464       -1.34992        4.71798
H         -0.23817        0.33345        5.03564
H         -0.86626       -0.68269        6.34505
C          1.23854       -2.52712        6.33358
H          2.25515       -2.79760        6.61376
H          0.88998       -3.22690        5.57757
H          0.60411       -2.63247        7.20967
C          4.37191        2.70141        6.75778
H          4.94261        2.23821        5.94852
C          5.36358        3.12569        7.84020
H          4.89022        3.76305        8.58223
H          6.17892        3.68871        7.39067
H          5.78146        2.25598        8.34283
C          3.64568        3.91648        6.17516
H          2.93969        3.58925        5.40640
H          4.35753        4.61300        5.73767
H          3.08850        4.43013        6.95495
C          3.32508        1.28177        1.55562
C          3.50866        2.63624        1.26007
C          3.37367        3.04814       -0.05864
H          3.49052        4.09162       -0.30784
C          3.09165        2.14067       -1.06013
H          2.99754        2.47713       -2.08224
C          2.91368        0.80620       -0.75269
H          2.67613        0.10834       -1.54056
C          3.01328        0.35639        0.55566
C          3.82187        3.64885        2.33726
H          4.06721        3.11882        3.26185
C          5.02491        4.52031        1.96818
H          5.87641        3.90170        1.69162
H          5.30846        5.13946        2.81686
H          4.79595        5.17828        1.13467
C          2.58802        4.51352        2.61065
H          2.26880        5.02069        1.70410
H          2.80564        5.25956        3.37114
H          1.75690        3.88506        2.95852
C          2.74019       -1.09423        0.87509
H          2.77782       -1.22737        1.95935
C          3.78363       -2.00634        0.22398
H          3.72011       -1.94672       -0.85961
H          3.61564       -3.04028        0.51874
H          4.79355       -1.72202        0.51691
C          1.32705       -1.47673        0.43151
H          0.61488       -0.78767        0.87747
H          1.09551       -2.48892        0.75710
H          1.22724       -1.43274       -0.64950
C          0.15469        3.22632        5.58679
H          0.05982        2.64605        6.51288
H          0.65747        4.16737        5.83103
C         -2.55249        4.76254        6.00127
H         -2.73476        4.28628        6.95932
H         -3.51647        5.00827        5.56778
H         -2.03081        5.69484        6.19221
C         -2.58014        2.04835        4.52206
H         -2.10359        1.41734        3.77878
H         -3.56831        2.30217        4.15068
H         -2.71019        1.46143        5.42618
C         -1.27588        4.54107        3.18108
H         -0.67744        5.43839        3.30954
H         -2.22015        4.83663        2.73494
H         -0.76514        3.89868        2.46881
N          3.34383        0.69000        5.04635
N          3.49009        0.82920        2.88891
Si        -1.54542        3.62242        4.83728
Cl         0.41741        1.29386        2.43390
Fe         1.09918        2.15512        4.26374
