77
CSD_code = NOCPOM | q = -1 | S = 0 | Stoichiometry = C27H40FeN2PS3Si3(1-) | MND = 5
Fe         4.97932       14.91768        8.75910
S          2.72288       15.20283        8.44566
S          5.19339       14.17633       10.84509
S          5.93407       15.88884        6.96092
P          4.96604       16.85800        9.55864
Si        -0.22557       16.29346        7.71869
Si         5.49194       13.62318       13.98117
Si         7.93960       17.46361        5.00289
N          4.88937       13.02247        7.87975
H          4.55907       13.15214        6.92126
H          5.80235       12.56485        7.81961
N          3.98585       12.06760        8.51063
H          4.25550       12.04433        9.49630
H          3.06912       12.51748        8.49974
C          2.39598       16.87639        8.68305
C          3.41462       17.71443        9.17893
C          3.20814       19.07635        9.31913
H          4.01688       19.71233        9.65588
C          1.97259       19.61588        9.00790
H          1.80118       20.67918        9.11317
C          0.95667       18.78551        8.55494
H         -0.00565       19.21893        8.31926
C          1.13687       17.42218        8.37717
C         -0.70275       14.93652        8.97633
H         -1.43108       14.24591        8.56062
H         -1.12803       15.36700        9.87860
H          0.17515       14.36896        9.26183
C         -1.80945       17.33319        7.42584
H         -1.64738       18.11633        6.69251
H         -2.15928       17.80026        8.34069
H         -2.61024       16.70103        7.05580
C          0.23844       15.53201        6.02902
H          0.35738       16.30054        5.27047
H         -0.51929       14.83466        5.68279
H          1.17786       14.99752        6.10860
C          5.22437       15.55930       11.90087
C          5.10741       16.85805       11.36902
C          5.04199       17.95420       12.21171
H          4.89056       18.94396       11.80298
C          5.16352       17.77669       13.57985
H          5.12780       18.63150       14.24258
C          5.32621       16.50077       14.09615
H          5.42254       16.37612       15.16576
C          5.34563       15.37400       13.28497
C          7.05168       12.71391       13.35331
H          7.02293       12.61206       12.27481
H          7.12858       11.71939       13.78387
H          7.95532       13.25923       13.61128
C          5.68565       13.73625       15.88428
H          6.56664       14.30262       16.16857
H          5.78564       12.74294       16.30994
H          4.82396       14.20403       16.34915
C          3.91423       12.59467       13.66222
H          3.06266       13.00881       14.19467
H          4.04021       11.56462       13.98368
H          3.67260       12.58999       12.60580
C          6.60003       17.39624        7.52281
C          6.24186       17.89240        8.79268
C          6.82281       19.04385        9.28939
H          6.56902       19.39662       10.27996
C          7.75517       19.72463        8.52141
H          8.22796       20.61754        8.90927
C          8.07467       19.25950        7.25640
H          8.79052       19.80954        6.66137
C          7.51370       18.10274        6.72863
C          9.17426       18.67979        4.18435
H          8.75805       19.67822        4.09859
H          9.42305       18.34354        3.18289
H         10.10172       18.75189        4.74316
C          8.82799       15.77124        5.05136
H          9.73534       15.81893        5.64709
H          9.10131       15.43945        4.05356
H          8.18160       15.02051        5.49082
C          6.40651       17.40166        3.86698
H          5.63492       16.78401        4.31168
H          6.64991       16.98804        2.89229
H          5.99030       18.39357        3.71438
