83
CSD_code = NOHVUB | q = 0 | S = 0 | Stoichiometry = C39H39NOPReSi | MND = 8
Re        -0.96272        2.86536        3.61371
P         -1.89983        1.81993        5.57470
Si         3.48507       11.53974       11.87858
O         -3.43735        4.01476        2.54880
N         -2.45425        3.58076        3.04460
C         -0.46538        4.43564        4.83923
C         -0.01717        5.28601        5.59464
C          0.46781        6.20446        6.44492
C          0.92691        7.01298        7.24214
C          1.41898        7.89095        8.11704
C          1.87502        8.68767        8.92738
C          2.36637        9.55972        9.82106
C          2.81474       10.34845       10.63618
C          2.02791       12.48767       12.66389
C          4.42934       10.56037       13.21643
C          4.66417       12.75351       10.99851
C          0.11495        0.81386        2.89907
C          1.10734        1.69126        3.45776
C          1.18027        2.84691        2.62704
C          0.19282        2.71525        1.59247
C         -0.44483        1.44199        1.76037
C         -0.12590       -0.61224        3.28674
C          2.16402        1.30785        4.45380
C          2.24191        3.90011        2.69193
C          0.08731        3.57979        0.37364
C         -1.37487        0.80293        0.77486
C         -3.20539        0.58041        5.28533
C         -3.69702        0.40444        3.99780
C         -4.69870       -0.51816        3.75337
C         -5.21811       -1.26563        4.79690
C         -4.74508       -1.07918        6.08683
C         -3.74561       -0.15704        6.33510
C         -2.70528        2.91107        6.79758
C         -3.35454        4.04924        6.32967
C         -3.99983        4.89197        7.21540
C         -4.00129        4.60603        8.57116
C         -3.35466        3.47501        9.04019
C         -2.70853        2.62648        8.15901
C         -0.64825        0.98830        6.59155
C         -0.54946       -0.39107        6.72791
C          0.47081       -0.93417        7.49196
C          1.39187       -0.10892        8.11526
C          1.29998        1.26817        7.97253
C          0.28869        1.81714        7.20845
H          1.46900       13.03933       11.91387
H          1.33595       11.80891       13.15361
H          2.37263       13.20030       13.40808
H          3.77757        9.85072       13.71739
H          5.25313        9.99963       12.78480
H          4.84191       11.22045       13.97444
H          5.08421       13.47431       11.69464
H          5.49105       12.22806       10.52997
H          4.14737       13.30891       10.22152
H         -1.19161       -0.84623        3.33057
H          0.33020       -1.27419        2.54643
H          0.31318       -0.83783        4.25684
H          1.83878        0.48887        5.09329
H          3.06835        0.98907        3.92856
H          2.42665        2.14974        5.09438
H          2.55371        4.08016        3.71933
H          3.11526        3.57818        2.11937
H          1.88794        4.84150        2.27649
H          0.32245        4.61650        0.60746
H          0.79091        3.23313       -0.38745
H         -0.91522        3.54500       -0.05013
H         -2.07702        1.52637        0.36044
H         -0.80179        0.38076       -0.05467
H         -1.94287       -0.00470        1.23503
H         -3.29558        1.00618        3.19299
H         -5.07717       -0.65182        2.75066
H         -5.99782       -1.98852        4.60843
H         -5.16004       -1.65364        6.90201
H         -3.38601       -0.00389        7.34246
H         -3.32393        4.27523        5.27226
H         -4.49523        5.77760        6.84824
H         -4.49875        5.26799        9.26413
H         -3.34743        3.25449       10.09764
H         -2.19107        1.75602        8.53798
H         -1.26697       -1.03915        6.24398
H          0.54694       -2.00689        7.59736
H          2.18505       -0.53931        8.70837
H          2.02186        1.91132        8.45328
H          0.20829        2.88788        7.07045
