52
CSD_code = NUWGIV | q = 0 | S = 0 | Stoichiometry = C14H33P3RuSi | MND = 7
Ru         0.16865        3.17374        2.99609
P          2.30983        2.66118        3.38854
P         -0.23426        3.80533        5.10326
P         -0.55685        1.08210        3.31269
Si         1.18960        1.18435        5.83886
C         -0.40840        4.29859        1.39092
C          0.41501        5.19019        2.14315
C         -1.64453        3.95433        2.01735
C          0.28620        3.20203        0.79605
C          2.72838        2.00728        5.06568
C         -0.03766        2.52493        6.42155
C          0.34557        0.05259        4.55466
C          1.72772        0.13890        7.33320
C          3.07541        1.35594        2.34559
C          3.62704        3.93069        3.20971
C          0.81568        5.14018        5.80580
C         -1.86987        4.49579        5.57962
C         -2.27844        0.86280        3.91746
C         -0.62862       -0.10830        1.91385
H          1.37173        5.47457        1.70177
H         -0.08384        6.03518        2.62348
H         -2.20478        4.76356        2.48877
H         -2.29519        3.26358        1.47600
H         -0.30774        2.49353        0.21621
H          1.24268        3.42590        0.31812
H          3.57886        1.32764        4.98533
H          3.03355        2.85746        5.67865
H          0.27022        3.00862        7.35048
H         -1.01866        2.07480        6.58507
H         -0.34952       -0.65738        5.00664
H          1.10449       -0.51682        4.01478
H          2.38865       -0.66233        7.03105
H          2.25197        0.74178        8.06252
H          0.87362       -0.30603        7.82580
H          4.12973        1.22269        2.59278
H          2.97732        1.65782        1.30281
H          2.54002        0.41857        2.48715
H          4.58994        3.54543        3.54881
H          3.69301        4.20472        2.15659
H          3.35601        4.81732        3.78146
H          1.85673        4.82144        5.80433
H          0.71973        6.01614        5.16429
H          0.50476        5.39139        6.82104
H         -1.93265        4.64329        6.65882
H         -2.65825        3.82174        5.24708
H         -1.99516        5.45208        5.07154
H         -2.53594       -0.19448        3.99610
H         -2.38625        1.34481        4.88773
H         -2.94792        1.35268        3.21037
H         -0.89902       -1.10587        2.26364
H          0.33757       -0.13636        1.41169
H         -1.37696        0.24610        1.20473
