92
CSD_code = OCOCEQ | q = 0 | S = 0 | Stoichiometry = C44H44N2SiZr | MND = 13
Zr         3.19156        7.48806       -0.80713
Si         3.21060       10.73325        1.17903
N          3.14205        5.45192       -1.60025
N          2.02294        6.34850        0.65829
H          1.64779        5.39767        0.57138
C          0.79560        8.22907       -1.44762
H         -0.05513        8.22564       -0.77741
C          1.12894        7.21481       -2.36250
H          0.58548        6.28978       -2.50480
C          2.21604        7.66498       -3.13964
H          2.63753        7.15015       -3.99532
C          2.54584        8.97238       -2.71532
H          3.21147        9.65052       -3.23786
C          1.65418        9.32560       -1.67824
H          1.53322       10.31018       -1.25308
C          5.45702        6.32796       -0.40101
H          5.55267        5.27255       -0.17636
C          5.50004        6.89631       -1.69234
H          5.63061        6.34729       -2.61715
C          5.48899        8.29996       -1.55333
H          5.67887        9.01009       -2.35047
C          5.46633        8.59620       -0.17474
H          5.63571        9.56492        0.26729
C          5.41804        7.37779        0.53654
H          5.50302        7.28047        1.61221
C          2.61647        4.40602       -1.43388
C          2.01697        3.21117       -1.24736
C          0.87620        2.90277       -2.09689
C          0.75491        3.51024       -3.35355
H          1.54544        4.16420       -3.69809
C         -0.34316        3.27618       -4.15497
H         -0.41259        3.75496       -5.12200
C         -1.35155        2.42482       -3.73092
H         -2.20805        2.23526       -4.36121
C         -1.24948        1.82259       -2.48728
H         -2.03601        1.16514       -2.14214
C         -0.15724        2.06027       -1.67740
H         -0.10881        1.61051       -0.69778
C          2.54393        2.34158       -0.21204
C          2.34828        0.95581       -0.22285
H          1.82138        0.49835       -1.04685
C          2.84949        0.16231        0.78882
H          2.68067       -0.90555        0.76052
C          3.57644        0.71640        1.83094
H          3.96136        0.09102        2.62310
C          3.82109        2.08067        1.83253
H          4.40405        2.52508        2.62832
C          3.31491        2.87867        0.82876
H          3.51637        3.94451        0.83550
C          2.82087        8.88395        0.99091
C          2.29468        8.22295        2.06391
C          2.06699        8.77520        3.45541
H          2.57053        9.72565        3.57504
H          2.45001        8.09098        4.21133
H          1.00306        8.92857        3.64048
C          1.86125        6.85580        1.83841
C          1.25109        6.04010        2.96233
H          0.54993        6.67860        3.51316
C          0.45447        4.86121        2.43171
C          0.76881        3.54476        2.73599
H          1.62596        3.31837        3.35079
C         -0.01980        2.51023        2.26114
H          0.23817        1.49186        2.50962
C         -1.12420        2.77877        1.47334
H         -1.75029        1.97409        1.11926
C         -1.42865        4.08845        1.13996
H         -2.27904        4.30386        0.51079
C         -0.64631        5.12187        1.61822
H         -0.88940        6.14547        1.36459
C          2.34651        5.61270        3.91715
C          2.04092        5.37420        5.25228
H          1.02726        5.51388        5.60018
C          3.02075        4.95198        6.13226
H          2.76919        4.76608        7.16582
C          4.32047        4.76910        5.69012
H          5.08563        4.44100        6.37736
C          4.63316        5.00901        4.36334
H          5.64481        4.87028        4.01120
C          3.65187        5.42498        3.48008
H          3.90683        5.60797        2.44382
C          3.85698       11.50118       -0.46249
H          4.06987       10.75328       -1.22133
H          4.76925       12.06511       -0.29335
H          3.13431       12.19656       -0.87825
C          1.63842       11.74946        1.61635
H          0.80795       11.49139        0.96574
H          1.82506       12.81302        1.50363
H          1.31213       11.58182        2.63687
C          4.54456       11.10350        2.52150
H          5.06051       10.19984        2.83304
H          4.10631       11.55069        3.40841
H          5.29453       11.79660        2.15365
