40
CSD_code = ODUPUA | q = 0 | S = 0 | Stoichiometry = C19H16MoO3Si | MND = 9
Mo         2.21406        3.26681        4.61463
Si         0.95454        5.82323        2.08124
O          4.19253        1.71135        2.85318
O          0.03358        1.72107        3.10238
O          2.33344        0.83850        6.49214
C          3.44245        2.26393        3.52072
C          0.86567        2.26493        3.67532
C          2.28626        1.72342        5.76676
C          3.06345        5.33761        3.97658
H          3.72477        5.60657        3.15707
C          3.63110        5.05374        5.24191
H          4.70758        5.10745        5.37803
C          2.79608        4.78189        6.32415
H          3.21723        4.61801        7.31241
C          1.39083        4.84252        6.16542
H          0.74581        4.73208        7.03253
C          0.85065        5.13299        4.91232
H         -0.22551        5.24433        4.81177
C          1.67793        5.39804        3.79005
C          1.93095        4.86895        0.75804
H          1.98869        3.80970        1.00238
H          2.94593        5.24271        0.66063
H          1.45652        4.96251       -0.21351
C         -0.89609        5.39445        2.02581
H         -1.47718        6.01043        2.70583
H         -1.06869        4.35184        2.27988
H         -1.28766        5.55855        1.02722
C          1.20692        7.65378        1.92663
C          1.36533        8.84907        1.81938
C          1.54865       10.24560        1.69395
C          1.92615       11.00797        2.80048
H          2.07817       10.52136        3.75306
C          2.10096       12.37214        2.67052
H          2.39267       12.95992        3.52863
C          1.90303       12.98763        1.44447
H          2.04033       14.05433        1.34768
C          1.52860       12.23410        0.34290
H          1.37445       12.71436       -0.61222
C          1.35080       10.86932        0.46104
H          1.05889       10.27461       -0.39202
