84
CSD_code = OKUQOA | q = 0 | S = 0 | Stoichiometry = C35H46PRhSi | MND = 8
Rh         0.02495        8.61240        0.97176
Si         2.56821        6.42397       -0.97492
P         -1.16701        9.56061        2.64088
C         -1.54267        7.34118        0.42953
C         -0.75767        6.69997        1.20075
C         -2.71757        7.45413       -0.37160
C         -3.86136        6.72558       -0.02622
H         -3.84012        6.09340        0.85034
C         -5.00415        6.82035       -0.79455
H         -5.88357        6.25630       -0.51805
C         -5.02796        7.63136       -1.91868
H         -5.92406        7.69975       -2.51753
C         -3.89831        8.35303       -2.27140
H         -3.91372        8.98364       -3.14870
C         -2.75470        8.27283       -1.50356
H         -1.87163        8.83588       -1.77439
C         -0.30649        5.47964        1.78732
C          0.82801        5.43726        2.60204
H          1.36775        6.35604        2.79085
C          1.25181        4.24310        3.14993
H          2.13071        4.22042        3.77871
C          0.55455        3.07284        2.89408
H          0.88838        2.13868        3.32083
C         -0.57225        3.10377        2.08588
H         -1.11345        2.19118        1.88178
C         -1.00610        4.29335        1.53652
H         -1.87502        4.31978        0.89564
C          1.86871        8.04183       -0.31741
C          2.32640        8.74957        0.82053
H          3.04508        8.39024        1.54031
C          1.72706       10.03128        0.80609
H          1.98689       10.84411        1.47215
C          1.04893       10.19539       -0.45015
H          0.65202       11.12179       -0.83731
C          1.11118        8.97761       -1.11451
H          0.76193        8.77328       -2.11480
C          3.50271        6.82956       -2.58969
H          2.80745        7.02758       -3.39960
H          4.12872        5.99767       -2.89590
H          4.13810        7.70272       -2.47590
C          3.76205        5.64592        0.29538
H          4.24112        4.76470       -0.11903
H          3.24773        5.34386        1.20217
H          4.54585        6.34393        0.57087
C          1.20940        5.09219       -1.37344
H          0.82245        4.72595       -0.42629
C          1.83209        4.06418       -2.22924
H          2.59191        3.38714       -1.88340
C          1.32699        4.15514       -3.47432
H          1.60884        3.56477       -4.32923
C          0.31250        5.17099       -3.49321
H         -0.26268        5.43646       -4.36377
C          0.19963        5.69991       -2.25996
H         -0.48883        6.45731       -1.93426
C         -0.10070       10.17573        4.05927
H          0.46710       10.98204        3.57695
C         -2.57547        8.53195        3.35202
H         -2.98103        8.04937        2.45349
C         -2.07484       11.12883        2.15868
H         -2.74977       11.41399        2.97074
C          0.91503        9.11599        4.47665
H          1.33234        8.64381        3.58595
H          0.46300        8.34833        5.09759
H          1.72746        9.57397        5.03945
C         -0.82235       10.75825        5.26869
H         -1.54926       11.51248        4.97695
H         -0.09549       11.23067        5.92956
H         -1.32727        9.98132        5.83625
C         -2.02441        7.42675        4.25039
H         -1.13277        6.98679        3.81055
H         -2.76605        6.63851        4.37357
H         -1.78071        7.81186        5.23729
C         -3.72604        9.25643        4.04743
H         -4.27931        9.88947        3.35925
H         -3.38522        9.85893        4.88369
H         -4.41964        8.51047        4.43512
C         -2.88248       10.81350        0.90341
H         -3.45041       11.68412        0.57828
H         -3.57665        9.99200        1.06869
H         -2.20170       10.52258        0.10297
C         -1.12354       12.28773        1.87929
H         -0.68222       12.67984        2.79250
H         -1.66585       13.10018        1.39685
H         -0.32704       11.96751        1.21145
