77
CSD_code = OLETEE | q = 0 | S = 0 | Stoichiometry = C20H49O4Si3Y | MND = 7
Y          7.15000        3.39788       15.66343
Si         9.73534        0.88893       16.61537
Si         4.73716        3.97287       18.48664
Si         8.96534        6.47529       16.51170
O          7.44978        2.69768       12.75246
O          6.17134        0.87613       14.42648
O          4.27418        2.80531       15.00010
O          5.52364        4.62158       13.34577
C          7.04911        1.44707       12.22607
H          7.76206        1.10962       11.45899
H          6.05537        1.51620       11.76118
C          7.02459        0.44464       13.38651
H          6.73038       -0.54724       13.02092
H          8.01898        0.39669       13.83439
C          4.80524        0.55621       14.24466
H          4.62826       -0.50579       14.47009
H          4.49230        0.74269       13.20757
C          4.00071        1.43493       15.20812
H          2.92849        1.22495       15.11022
H          4.32420        1.23155       16.23071
C          3.51136        3.41168       13.97688
H          2.47213        3.56025       14.30646
H          3.49623        2.78706       13.07198
C          4.16039        4.76684       13.67698
H          3.60999        5.28598       12.88202
H          4.14370        5.36791       14.58935
C          5.77794        4.30317       11.99233
H          5.65509        5.19490       11.35968
H          5.08411        3.53076       11.63142
C          7.22422        3.80193       11.90281
H          7.47534        3.55907       10.86215
H          7.88853        4.58697       12.27172
C          9.34909        2.31722       15.46553
H          9.49992        2.01935       14.42089
H         10.08165        3.11270       15.65254
C          9.98124        1.50800       18.40943
H         10.77997        2.24110       18.46258
H         10.23872        0.69533       19.08220
H          9.07826        1.97635       18.78865
C          8.32274       -0.41612       16.65086
H          7.34790        0.06485       16.63811
H          8.37902       -1.02555       17.54773
H          8.37374       -1.09149       15.80124
C         11.31799       -0.11913       16.17858
H         11.26250       -0.52525       15.17227
H         11.47253       -0.95232       16.85779
H         12.20232        0.50870       16.22513
C          6.11089        2.87912       17.82753
H          5.78306        1.83136       17.84787
H          6.94141        2.92954       18.54380
C          2.97980        3.29729       18.09232
H          2.76997        3.34284       17.02979
H          2.21374        3.87295       18.60251
H          2.87337        2.26425       18.40839
C          4.75354        4.22876       20.39157
H          4.59954        3.29217       20.91891
H          3.98435        4.92147       20.72075
H          5.71067        4.62773       20.71319
C          4.80567        5.73897       17.73745
H          5.68183        6.27678       18.08614
H          3.93267        6.32766       18.00646
H          4.86167        5.70075       16.65185
C          7.74404        5.74087       15.28650
H          8.15420        5.84735       14.27447
H          6.82014        6.32970       15.29852
C          8.93485        5.53345       18.18181
H          7.93007        5.49708       18.59417
H          9.57501        6.00547       18.92239
H          9.27686        4.50877       18.05362
C          8.66108        8.32667       16.93399
H          8.71947        8.95034       16.04706
H          9.38497        8.70521       17.64923
H          7.67384        8.46455       17.36422
C         10.75711        6.36629       15.83506
H         10.98140        5.35873       15.49941
H         11.48800        6.63024       16.59266
H         10.90370        7.03346       14.99140
