112
CSD_code = PAJKAO | q = 0 | S = 0 | Stoichiometry = C36H69NP2Si3Zr | MND = 5
C          0.77779       10.54261        4.55066
C          1.47965       10.84001        5.72727
H          0.93610       10.93402        6.65845
C          2.84839       11.01645        5.70131
H          3.37645       11.23685        6.61752
C          3.54537       10.91819        4.50703
H          4.61453       11.06709        4.48846
C          2.86741       10.64061        3.33119
H          3.42785       10.58871        2.41032
C          1.49256       10.45125        3.33595
C          1.63077       10.03891        0.48203
H          2.29587       10.90284        0.58826
C          2.47039        8.76274        0.49922
H          2.95071        8.59483        1.45906
H          3.24729        8.82566       -0.26291
H          1.85101        7.89784        0.27367
C          0.92042       10.12754       -0.86715
H          0.47633       11.10397       -1.02799
H          0.13940        9.37422       -0.94277
H          1.63569        9.95170       -1.67026
C         -0.28680       11.85497        1.74649
H         -0.74359       12.01383        2.73001
C          0.76819       12.94019        1.55606
H          1.56073       12.85006        2.29662
H          0.30407       13.91885        1.67443
H          1.21002       12.90032        0.56300
C         -1.39329       11.97677        0.69412
H         -1.87964       11.02034        0.51454
H         -0.99730       12.33673       -0.25205
H         -2.14918       12.68997        1.01925
C         -1.40692       11.18572        5.19105
C         -1.01382       12.52176        5.42168
H         -0.03416       12.83807        5.09068
C         -1.84525       13.42649        6.03742
H         -1.50769       14.44140        6.19222
C         -3.11201       13.04342        6.45489
H         -3.76467       13.74792        6.94765
C         -3.53163       11.74721        6.22538
H         -4.51854       11.46370        6.55782
C         -2.71460       10.81318        5.59714
C         -4.24434        9.35231        3.69137
H         -4.65341        8.37073        3.42366
C         -3.27394        9.78959        2.59780
H         -2.42626        9.08921        2.53971
H         -2.90113       10.78940        2.82010
H         -3.77817        9.81955        1.63188
C         -5.38882       10.35447        3.80471
H         -6.16005       10.01470        4.49082
H         -5.85227       10.48783        2.82774
H         -5.02149       11.32292        4.13816
C         -4.57179        8.78914        6.51706
H         -5.29702        9.60688        6.48067
C         -5.30177        7.48414        6.21306
H         -5.81628        7.52937        5.25566
H         -6.04454        7.28681        6.98496
H         -4.60675        6.64783        6.19378
C         -3.93566        8.74148        7.90215
H         -3.40164        9.66715        8.11271
H         -3.23124        7.91536        7.96022
H         -4.69674        8.60318        8.66900
C         -2.10445        6.51224        3.41186
H         -1.65790        5.62673        3.88275
H         -3.09506        6.62665        3.87811
C         -1.38237        7.21352        0.36757
H         -1.87327        7.24950       -0.60106
H         -0.38815        6.80834        0.20416
H         -1.27300        8.23888        0.71923
C         -4.21569        6.32974        1.08176
H         -4.87359        5.75745        1.72822
H         -4.38461        5.98816        0.06549
H         -4.52994        7.36753        1.13022
C         -1.89297        4.31587        1.12042
H         -2.45170        3.58696        1.69890
H         -0.83709        4.14113        1.30407
H         -2.07976        4.11339        0.07022
C         -0.01700        7.88136        6.33838
H          1.07208        8.04103        6.26989
H         -0.44526        8.81181        6.75157
C         -1.96548        5.56431        7.01899
H         -2.68958        5.47229        7.82318
H         -1.72733        4.55562        6.69584
H         -2.44363        6.07589        6.18400
C          1.00720        5.24825        7.89043
H          0.67700        4.48701        8.59150
H          1.87977        5.72887        8.32217
H          1.32490        4.74833        6.98464
C         -0.74101        7.21116        9.34442
H         -1.35769        8.10437        9.32350
H          0.18797        7.47676        9.84059
H         -1.24426        6.48134        9.97207
C          1.10375        7.19369        3.22535
H          0.81388        7.12307        2.16985
H          1.88235        7.96476        3.30332
C          0.65729        4.26308        4.34315
H          0.05680        3.88354        3.52262
H         -0.01333        4.67866        5.08910
H          1.16728        3.41218        4.78570
C          3.22367        5.92391        5.08144
H          3.59519        5.00917        5.53163
H          2.81719        6.54209        5.87503
H          4.07688        6.44839        4.66172
C          2.85238        4.72338        2.28294
H          2.17708        4.48006        1.46780
H          3.32576        3.79885        2.59867
H          3.62905        5.36624        1.87954
N         -0.59568       10.31251        4.51529
P          0.38713       10.08141        1.90772
P         -3.21113        9.08516        5.25479
Si        -2.37348        6.11100        1.59727
Si        -0.38812        6.52211        7.57638
Si         1.90850        5.57764        3.72931
Zr        -0.69203        8.12339        4.17988
