76
CSD_code = PALMUL | q = 0 | S = 0 | Stoichiometry = C35H36CoOPSSi | MND = 8
Co         7.52772        9.08476        4.18551
S          8.93935        8.57199        2.52602
P          6.42937        7.25303        3.67282
Si        10.36362        6.33094        7.10993
O          8.11503        8.82949        1.32669
C          8.65702        8.08117        5.26668
C          9.35549        7.42396        6.01064
C         11.67008        7.36254        8.04420
H         12.36303        7.83532        7.35474
H         12.25181        6.74810        8.72589
H         11.20195        8.14926        8.62796
C         11.22802        5.01539        6.02726
H         10.49981        4.35993        5.55855
H         11.90172        4.39509        6.61187
H         11.81019        5.47893        5.23630
C          9.19053        5.46912        8.34477
H          8.71479        6.19135        9.00081
H          9.71649        4.75216        8.96879
H          8.40229        4.93792        7.81900
C         10.13217        9.89847        2.60998
C         10.21985       10.83259        1.58866
H          9.51650       10.77547        0.77046
C         11.19404       11.80987        1.63560
H         11.25833       12.54408        0.84482
C         12.09987       11.86034        2.69111
C         12.01182       10.90224        3.69627
H         12.71401       10.92692        4.51743
C         11.04082        9.91979        3.65905
H         10.96112        9.18012        4.44206
C         13.14899       12.92969        2.72823
H         13.78467       12.86751        1.84560
H         13.77311       12.83350        3.61289
H         12.68646       13.91618        2.73393
C          5.91507        6.17913        5.05435
C          5.95362        6.65420        6.35801
H          6.31966        7.65298        6.54512
C          5.55093        5.84402        7.40509
H          5.58805        6.21539        8.41850
C          5.10959        4.55578        7.15553
H          4.80193        3.92055        7.97311
C          5.06872        4.07790        5.85526
H          4.72524        3.07273        5.65974
C          5.46817        4.88467        4.80629
H          5.43532        4.51385        3.79113
C          7.25369        6.02003        2.61165
C          8.49340        5.55741        3.04957
H          8.90391        5.94633        3.97133
C          9.18353        4.61543        2.31113
H         10.14494        4.26384        2.65497
C          8.64685        4.12842        1.12980
H          9.18896        3.39744        0.54808
C          7.41338        4.58163        0.69572
H          6.99004        4.20179       -0.22285
C          6.71493        5.52402        1.43129
H          5.75286        5.86803        1.08096
C          4.86291        7.57472        2.80503
C          3.62064        7.32909        3.37696
H          3.55599        6.88043        4.35853
C          2.46666        7.65993        2.68663
H          1.50184        7.46506        3.13223
C          2.54565        8.24134        1.43250
H          1.64223        8.49728        0.89843
C          3.78440        8.50437        0.86681
H          3.84660        8.96864       -0.10679
C          4.94071        8.18184        1.55130
H          5.91387        8.40330        1.13170
C          6.98109       10.49496        5.71158
H          7.08279       10.41435        6.78202
C          5.83781       10.20186        4.95714
H          4.88815        9.85720        5.33873
C          6.09794       10.56803        3.60264
H          5.36724       10.56948        2.80962
C          7.38138       11.12102        3.53730
H          7.82684       11.59164        2.67620
C          7.96896       11.01130        4.82327
H          8.91258       11.44236        5.12177
