60
CSD_code = PEHQIE | q = 0 | S = 0 | Stoichiometry = C19H37PSi2Zr | MND = 11
Zr         3.38188        8.69128        3.23578
Si         2.73215        7.06696       -0.12970
Si         7.15872        8.79592        3.10589
P          2.93065       11.32726        2.87242
C          2.28649        6.67004        3.66912
H          2.00234        5.76855        3.12899
C          3.52109        6.61350        4.37497
H          4.07406        5.67722        4.28528
C          4.14328        7.62996        5.15612
H          5.10189        7.37141        5.60444
C          3.61909        8.91992        5.53156
H          4.21148        9.47393        6.26101
C          2.32931        9.46445        5.24673
H          2.07614       10.37777        5.78635
C          1.30851        8.93997        4.39888
H          0.39633        9.53353        4.32927
C          1.31450        7.73083        3.64385
H          0.39447        7.51127        3.10507
C          3.63895        8.37553        0.83579
H          3.43556        9.42371        0.57723
C          4.83444        8.13645        1.53358
H          5.18830        7.10633        1.60476
C          5.54609        9.13218        2.23833
H          5.35879       10.16114        1.90570
C          2.98072        7.23971       -2.02477
H          2.61097        8.19517       -2.38409
H          2.44996        6.46090       -2.56337
H          4.02923        7.17206       -2.29717
C          0.84964        7.27671        0.20491
H          0.46000        6.47375        0.82306
H          0.27996        7.27747       -0.71932
H          0.65119        8.21754        0.71957
C          3.34870        5.32370        0.36467
H          4.29636        5.09739       -0.11436
H          2.64202        4.55649        0.06386
H          3.49186        5.24083        1.43860
C          8.70198        9.34481        2.10527
H          8.77882        8.80750        1.16534
H          9.61613        9.16622        2.66251
H          8.66440       10.40463        1.87239
C          7.18689        9.80689        4.74035
H          7.49214       10.83384        4.55905
H          7.88829        9.38862        5.45530
H          6.20364        9.82652        5.20671
C          7.33757        6.92237        3.44798
H          6.39673        6.48813        3.77473
H          8.07768        6.72953        4.21818
H          7.65513        6.39360        2.55444
C          1.38455       12.23200        3.32454
H          1.53679       13.30811        3.24045
H          1.09477       11.98671        4.34309
H          0.58264       11.92843        2.65245
C          4.13571       12.21575        3.95790
H          5.14898       11.91509        3.68909
H          3.95577       11.92907        4.99365
H          4.03367       13.29684        3.85525
C          3.27006       12.23982        1.28954
H          2.51679       11.96884        0.54987
H          4.24933       11.97002        0.89690
H          3.23795       13.31742        1.45019
