75
CSD_code = PIPYAO | q = 0 | S = 0 | Stoichiometry = C28H44Si2Zr | MND = 12
Zr         3.20832       -1.64596        3.38043
Si         0.23211        2.61420        4.08490
Si         6.38620       -2.03917        7.52739
C          2.00264        0.11719        3.86783
C          1.30676        1.11422        3.97237
C         -0.74348        2.79205        2.44713
H         -1.40659        3.65218        2.47345
H         -1.35413        1.91481        2.25265
H         -0.07573        2.92071        1.59975
C          1.30433        4.17389        4.34047
H          0.69217        5.06785        4.42289
H          1.99275        4.32184        3.51349
H          1.89665        4.09531        5.24710
C         -1.00175        2.43899        5.53193
H         -1.64022        3.31397        5.61803
H         -0.47967        2.31841        6.47648
H         -1.64503        1.57368        5.40112
C          4.47146       -1.59909        5.17022
C          5.22025       -1.75641        6.12096
C          7.33922       -3.66894        7.20729
H          8.06590       -3.86273        7.99125
H          7.87796       -3.63368        6.26446
H          6.66652       -4.52127        7.16827
C          7.63547       -0.60031        7.65124
H          8.33140       -0.74750        8.47263
H          7.12623        0.34444        7.81663
H          8.21788       -0.50243        6.73972
C          5.41956       -2.19573        9.16694
H          6.08820       -2.35019       10.00936
H          4.72598       -3.03119        9.14040
H          4.84120       -1.29842        9.36532
C          3.53839       -0.48720        1.18090
C          2.42395        0.22132        0.45713
H          1.92691       -0.45860       -0.23388
H          2.82133        1.05590       -0.12337
H          1.68455        0.62277        1.15790
C          4.47507        0.11469        2.06108
C          4.51875        1.55970        2.47416
H          3.60583        2.07145        2.17734
H          5.36755        2.06433        2.00756
H          4.62366        1.65103        3.55821
C          5.42826       -0.86949        2.43348
C          6.68643       -0.61046        3.21499
H          7.05880       -1.52461        3.67494
H          6.51305        0.12192        4.00289
H          7.46389       -0.21985        2.55325
C          5.07817       -2.08584        1.79083
C          5.89563       -3.34971        1.81829
H          5.37815       -4.15958        1.30445
H          6.10997       -3.66096        2.84466
H          6.85201       -3.19438        1.31327
C          3.91955       -1.84175        1.00838
H          3.50681       -2.51791        0.26795
C          1.32474       -3.09672        2.60257
C          0.50551       -2.83151        1.36803
H          1.02690       -3.17058        0.47322
H          0.27605       -1.76801        1.26293
H         -0.44391       -3.36967        1.42177
C          0.97372       -2.69793        3.91894
C         -0.27721       -1.96226        4.31341
H         -0.11573       -1.37269        5.21515
H         -1.08299       -2.67396        4.51183
H         -0.60546       -1.29055        3.52092
C          1.91262       -3.27202        4.81724
C          1.87032       -3.13916        6.31465
H          2.77646       -3.54363        6.76081
H          1.01200       -3.67734        6.72260
H          1.78427       -2.08959        6.60864
C          2.84086       -4.03352        4.05968
C          3.93246       -4.90999        4.61444
H          4.68267       -4.32297        5.15352
H          4.42202       -5.45939        3.81100
H          3.51370       -5.63838        5.31114
C          2.47029       -3.92870        2.69576
H          2.87909       -4.52816        1.88997
