65
CSD_code = POSFIN | q = 1 | S = 0 | Stoichiometry = C22H31N3O5PSi2W(1+) | MND = 6
C          2.05805       13.57313        3.49680
C          2.22412       15.72883        3.06857
C          3.80270       13.90049        5.93781
H          3.77398       12.83335        6.17346
C          5.73929       15.03326        8.21031
H          6.76612       15.30807        8.42648
H          5.46113       14.25703        8.91348
H          5.12237       15.90266        8.40823
C          6.18694       15.86409        5.28124
H          5.66935       16.79353        5.50419
H          6.05646       15.63146        4.22577
H          7.24509       16.05402        5.43380
C          6.67364       12.86727        6.17820
H          6.41519       12.33010        5.26700
H          6.53923       12.18265        7.01137
H          7.73173       13.10459        6.12997
C          2.43054       14.15164        8.68616
H          3.10227       14.78062        9.25725
H          2.77622       13.12744        8.78252
H          1.45746       14.20927        9.16261
C          0.62556       14.05432        6.21165
H          0.61403       12.97119        6.12849
H          0.35644       14.46199        5.24303
H         -0.16539       14.33027        6.90278
C          2.37542       16.59891        6.69786
H          1.86695       17.06424        7.53611
H          1.88054       16.94595        5.79560
H          3.39540       16.97025        6.69252
C          1.46583       12.26591        3.46225
C          2.09373       11.20021        4.11789
H          3.01707       11.38315        4.65419
C          1.54360        9.93752        4.08048
H          2.03447        9.11798        4.58218
C          0.35778        9.71998        3.38886
H         -0.06724        8.72886        3.35352
C         -0.27902       10.77047        2.74318
H         -1.19962       10.59493        2.20880
C          0.26584       12.03782        2.77610
H         -0.21041       12.86489        2.27454
C          0.62139       16.95164        1.75511
H          0.14930       15.97355        1.73293
H          0.85817       17.26461        0.73742
H         -0.05974       17.67673        2.20205
C          2.64394       18.06577        2.64860
H          3.60300       17.93483        2.14100
H          2.81860       18.32531        3.69480
H          2.11622       18.88919        2.17509
C          6.10358       12.27662        0.71079
C          5.20682       11.18618        3.12406
C          6.85962       13.53544        2.99288
C          4.86224       14.76957        1.38381
C          3.40766       12.40786        1.30108
N          1.49759       14.60710        2.91940
N          3.35617       15.58985        3.79476
H          4.01099       16.34896        3.90455
N          1.83474       16.87100        2.53725
O          6.67305       11.87891       -0.18744
O          5.27787       10.13509        3.55587
O          7.93032       13.81544        3.25673
O          4.65331       15.80293        0.93687
O          2.55199       12.06820        0.63001
P          3.73277       13.93737        4.12542
Si         5.62014       14.43541        6.41493
Si         2.29319       14.69973        6.87118
W          5.06840       12.99275        2.26062
