77
CSD_code = POWVEC | q = 0 | S = 0 | Stoichiometry = C30H42N2Si2Zr | MND = 12
Zr         1.22985        3.48429        3.94584
C          2.84610        1.92515        4.93170
Si         4.54823        1.78112        4.15428
C          4.65313        0.15036        3.16345
H          5.64267        0.02110        2.73705
H          3.93919        0.13684        2.34441
H          4.45484       -0.71158        3.79265
C          5.89937        1.82164        5.50621
H          6.88653        1.72254        5.06713
H          5.77366        1.01318        6.21902
H          5.87956        2.75558        6.05938
C          4.79864        3.26201        2.97114
H          5.64441        3.10926        2.30668
H          4.98738        4.17495        3.53187
H          3.91348        3.42194        2.35317
C          2.42277        2.79625        5.96872
H          3.07880        3.45088        6.53286
C          1.05429        2.55219        6.26167
Si         0.11374        3.05736        7.80781
C          0.83475        2.07584        9.28350
H          0.30050        2.29815       10.20191
H          1.88067        2.31824        9.44432
H          0.77172        1.00509        9.11599
C         -1.73600        2.60279        7.62388
H         -2.19893        3.08110        6.76585
H         -2.29140        2.90984        8.50454
H         -1.87001        1.53084        7.51750
C          0.24499        4.91705        8.23896
H         -0.27900        5.11790        9.16863
H         -0.18711        5.56306        7.47964
H          1.27831        5.21596        8.38238
C          0.63773        1.50181        5.38957
H         -0.31914        0.99531        5.44187
C          1.72217        1.11873        4.59223
H          1.75650        0.26547        3.92665
N          1.35476        3.19209        1.92776
C          1.47660        1.96157        1.33485
C          0.57699        0.94442        1.71860
H         -0.21811        1.19706        2.41953
C          0.67579       -0.32495        1.18886
H         -0.02711       -1.08804        1.49367
C          1.66153       -0.62907        0.26017
H          1.73471       -1.62391       -0.15149
C          2.54583        0.36190       -0.13743
H          3.31743        0.13392       -0.85937
C          2.46124        1.63723        0.38240
H          3.17028        2.39270        0.07599
C          1.71161        4.37682        1.26751
C          1.48063        4.50943       -0.21728
H          1.04766        3.59430       -0.61384
H          2.40755        4.72099       -0.75097
H          0.79100        5.33046       -0.41881
C          2.11623        5.42805        2.03289
C          2.32383        6.80491        1.45293
H          2.42457        7.53766        2.24983
H          1.46777        7.08361        0.83744
H          3.21063        6.84849        0.81956
N          2.15930        5.22583        3.42040
C          2.96330        5.94040        4.26414
C          2.55903        6.03321        5.61385
H          1.59202        5.60465        5.88369
C          3.33729        6.68676        6.54523
H          3.00423        6.75422        7.57188
C          4.53834        7.27585        6.17490
H          5.14465        7.78713        6.90654
C          4.94288        7.20881        4.85072
H          5.87514        7.66717        4.55170
C          4.17710        6.55957        3.90448
H          4.52071        6.50555        2.88256
C         -0.71324        4.54368        4.27002
H         -1.00960        4.72497        5.30980
H         -0.71307        5.48293        3.69515
C         -1.54131        3.52136        3.62728
H         -1.99231        2.76958        4.28250
C         -1.80785        3.46146        2.31435
H         -1.42402        4.21181        1.63612
H         -2.41102        2.68024        1.88271
