93
CSD_code = PUWWAF | q = 0 | S = 0 | Stoichiometry = C41H49OsPSi | MND = 9
Os         8.47992        5.26359       10.00274
P         10.15043        3.63326        9.76393
Si         8.38298        7.90699       12.76724
C          7.65729        6.47072       11.79507
C          7.77822        5.11321       12.22047
C          6.89145        4.31952       11.46763
C          6.22739        5.16534       10.54856
C          6.69370        6.48375       10.74690
C         10.02155        7.28962       13.50866
C         11.14499        7.08130       12.71268
C         12.30892        6.55184       13.24120
C         12.37166        6.21772       14.58359
C         11.26681        6.42444       15.39211
C         10.10666        6.95553       14.85690
C          7.19053        8.29423       14.19373
C          7.25067        9.53186       14.82658
C          6.41456        9.83510       15.88518
C          5.49614        8.89928       16.33167
C          5.42021        7.66349       15.71214
C          6.26100        7.36799       14.65400
C          8.59464        9.50452       11.77407
C          7.49257       10.07349       11.14274
C          7.60933       11.24023       10.41136
C          8.83872       11.86852       10.30432
C          9.94275       11.32694       10.94017
C          9.81861       10.15705       11.66804
C          8.70456        6.74101        8.50747
C          9.21481        8.01552        8.70866
C          9.09778        9.00245        7.73917
C          8.46990        8.73118        6.53695
C          7.95767        7.46874        6.30349
C          8.06939        6.48173        7.27672
C          7.54887        5.12590        7.16863
C          7.76811        4.37673        8.25400
C          6.84058        4.65719        5.92991
C         11.50485        4.06100        8.53868
C         12.07646        5.44581        8.82531
C         10.98093        4.03428        7.10647
C          9.69729        1.90451        9.16264
C          8.50748        1.31026        9.91181
C         11.12742        3.45319       11.37082
C         10.37230        2.59060       12.37975
C         10.83086        0.88577        9.09854
C         12.58015        2.99128       11.28228
H          9.81556        5.95575       10.31802
H          8.33710        4.79731       13.09083
H          6.64806        3.28325       11.65750
H          5.40547        4.87863        9.90696
H          6.28727        7.36799       10.27711
H         11.10370        7.32667       11.66109
H         13.16952        6.39724       12.60508
H         13.27798        5.79956       14.99821
H         11.30904        6.16882       16.44168
H          9.24782        7.11350       15.49472
H          7.96402       10.26603       14.47864
H          6.47709       10.80208       16.36410
H          4.84090        9.13314       17.15857
H          4.70392        6.92986       16.05512
H          6.19385        6.40043       14.17586
H          6.52587        9.59834       11.23368
H          6.74195       11.66173        9.92324
H          8.93447       12.77942        9.73070
H         10.90370       11.81709       10.86722
H         10.68589        9.74408       12.16386
H          9.71547        8.26989        9.63231
H          9.50070        9.98652        7.93345
H          8.38015        9.50131        5.78365
H          7.46257        7.25169        5.36769
H          7.38627        3.35416        8.25597
H          7.50193        4.73032        5.06685
H          5.96215        5.27259        5.73746
H          6.52355        3.62203        6.03872
H         12.29708        3.31399        8.65363
H         12.96688        5.61038        8.22013
H         12.34116        5.56710        9.87202
H         11.33316        6.19763        8.56901
H         10.08152        4.64350        7.04634
H         10.75679        3.02613        6.76874
H         11.73018        4.45237        6.43693
H          9.36512        2.11690        8.13969
H          8.06195        0.50865        9.32316
H          7.74739        2.06669       10.08369
H          8.80417        0.89357       10.86997
H         11.12454        4.48384       11.74985
H         10.54019        1.53254       12.19232
H          9.30468        2.78822       12.33601
H         10.71873        2.81000       13.38926
H         11.14507        0.58436       10.09413
H         11.69074        1.26538        8.55486
H         10.47651       -0.00611        8.58185
H         12.99366        2.96815       12.29041
H         13.18707        3.67024       10.69238
H         12.66594        1.99313       10.86402
