102
CSD_code = PUYDAO | q = 0 | S = 0 | Stoichiometry = C33H62NNbSi5 | MND = 10
Nb        11.35944        6.71731        4.86801
Si         8.96157        5.24824        2.39562
Si        14.49642        4.10671        4.56462
Si        14.22743        5.73449        8.97991
Si        14.13057        8.93047        5.89389
Si        10.67805        9.45156        7.38996
N         11.25185        7.90052        3.53541
C          9.69093        5.32272        4.13576
C         10.59172        4.32568        4.63286
C         10.43219        4.21484        6.01737
C          9.47610        5.14648        6.42879
C          9.02704        5.84742        5.30051
C          7.80444        6.71652        2.01368
C          7.95074        3.62037        2.30216
C         10.34266        5.20022        1.07541
C         11.15595        8.69922        2.45823
C         10.07970        9.60784        2.30459
C          9.99828       10.38995        1.16594
C         10.95131       10.30687        0.16600
C         12.01172        9.42737        0.30883
C         12.13203        8.62904        1.43037
C          9.03862        9.72732        3.37900
C         13.29514        7.69498        1.58941
C         13.75592        5.76871        5.06339
C         13.29043        6.22200        6.28454
C         12.83171        7.60301        6.32961
C         11.54666        7.84987        6.90406
C         14.17613        3.97732        2.68344
C         13.86163        2.49708        5.38774
C         16.38634        4.14389        4.86294
C         13.13702        5.30158        7.45528
C         16.02046        6.19065        8.53059
C         14.25200        4.14628       10.04375
C         13.40846        7.14481        9.96676
C         15.82084        8.14954        5.40362
C         13.72189       10.14082        4.46185
C         14.50459        9.95807        7.46848
C          8.80772        9.03598        7.33027
C         10.98401       10.96190        6.26948
C         11.01686        9.95399        9.21388
H         11.15580        3.64580        4.00674
H         10.92106        3.49269        6.65601
H          9.11352        5.27977        7.43915
H          8.16889        6.50768        5.27312
H          8.38372        7.59860        1.76413
H          7.16592        6.48652        1.16674
H          7.16038        6.96122        2.85198
H          8.57213        2.75287        2.50215
H          7.14147        3.61439        3.02591
H          7.51307        3.49148        1.31776
H         11.04758        4.39278        1.25089
H          9.92511        5.05468        0.08416
H         10.89299        6.13651        1.06974
H          9.16969       11.07670        1.06178
H         10.86992       10.92250       -0.71708
H         12.76078        9.36098       -0.46802
H          8.03921        9.72778        2.94778
H          9.14205        8.89504        4.07779
H          9.16444       10.66213        3.92363
H         13.73777        7.46503        0.62301
H         14.05795        8.15506        2.21975
H         12.96951        6.77269        2.07606
H         14.02923        6.55256        4.35094
H         11.17251        7.05075        7.55445
H         13.13877        4.18661        2.43366
H         14.78868        4.68852        2.13790
H         14.41385        2.98741        2.30593
H         12.78012        2.45811        5.46591
H         14.16863        1.63995        4.79388
H         14.27387        2.35744        6.38372
H         16.83718        5.03984        4.44867
H         16.63086        4.11011        5.92057
H         16.86277        3.28945        4.39256
H         12.11181        5.29679        7.83358
H         13.36131        4.28230        7.14639
H         16.65646        6.10898        9.40700
H         16.42836        5.53100        7.77098
H         16.09874        7.20747        8.16192
H         14.75301        4.32297       10.99022
H         13.24992        3.79253       10.26834
H         14.77897        3.33842        9.54419
H         14.06030        7.49638       10.76109
H         13.17211        7.99195        9.33145
H         12.48248        6.81627       10.43104
H         16.62697        8.80881        5.71134
H         15.99528        7.18168        5.85780
H         15.90693        8.02334        4.32852
H         14.56157       10.22959        3.77861
H         12.86263        9.80201        3.89032
H         13.50682       11.13751        4.82871
H         15.25757       10.70500        7.23877
H         13.62733       10.48041        7.82936
H         14.88734        9.34878        8.28063
H          8.49470        8.76963        6.32519
H          8.56366        8.20387        7.98450
H          8.20637        9.88170        7.64912
H         11.87108       11.51209        6.56119
H         11.10102       10.65439        5.23699
H         10.14482       11.64842        6.32628
H         12.05045       10.22974        9.39504
H         10.40358       10.80931        9.48127
H         10.76832        9.15118        9.90142
