112
CSD_code = QAVFID | q = 0 | S = 0 | Stoichiometry = C41H65FeN3Si2 | MND = 4
Fe         9.86296        7.33606       16.34871
N          9.33936        6.41948       18.17311
N          8.21561        6.55100       15.86361
N          9.77467        7.76776       14.47605
Si        10.07105        4.47196       13.69438
Si        12.64433        9.24977       17.79562
C          7.46704        5.16954       19.24515
H          8.13062        5.09838       20.10300
H          7.17082        4.16505       18.94350
H          6.56705        5.70875       19.54017
C          8.14563        5.87203       18.10171
C          7.48256        5.94599       16.83987
C          6.19246        5.46409       16.56816
H          5.60245        5.02732       17.35736
C          5.69148        5.55860       15.29195
H          4.69734        5.20580       15.06298
C          6.49518        6.09620       14.28070
H          6.14098        6.13144       13.26361
C          7.73865        6.58571       14.61339
C          8.74543        7.16404       13.64354
C          8.09326        8.14638       12.65334
H          7.53356        8.92438       13.16249
H          7.41552        7.61753       11.98756
H          8.86464        8.62133       12.05154
C          9.28478        5.97458       12.80626
H         10.00314        6.37650       12.09281
H          8.44986        5.59674       12.21180
C         10.66567        3.33775       12.27112
H         11.15980        2.45303       12.65860
H         11.37149        3.84578       11.62179
H          9.83793        3.00305       11.65388
C          8.83030        3.46691       14.74614
H          7.84292        3.43656       14.29563
H          8.72366        3.88696       15.74106
H          9.16772        2.44080       14.85973
C         11.56035        4.90089       14.79087
H         11.27201        5.65062       15.53131
H         12.39510        5.29852       14.22371
H         11.91690        4.02033       15.31592
C          9.72317        7.25657       20.44272
C         10.44813        7.18112       21.62345
H         10.22178        7.86209       22.43005
C         11.44603        6.24213       21.79302
H         11.99450        6.19386       22.72192
C         11.72925        5.35774       20.77049
H         12.49463        4.61155       20.91641
C         11.03655        5.40533       19.57120
C         10.02980        6.36974       19.39871
C          8.62166        8.28393       20.31725
H          8.14266        8.15769       19.34253
C          7.55969        8.10045       21.40629
H          7.18599        7.07990       21.42376
H          6.72257        8.77220       21.22633
H          7.96851        8.32672       22.38785
C          9.19625        9.69972       20.38721
H          9.64730        9.88521       21.35917
H          8.40819       10.43381       20.23208
H          9.95673        9.83194       19.62393
C         11.30502        4.38303       18.49056
H         10.86539        4.76066       17.56006
C         12.79902        4.15065       18.26258
H         13.31449        5.09375       18.09813
H         12.94723        3.52002       17.38865
H         13.25608        3.65069       19.11284
C         10.61687        3.05970       18.83989
H         11.00038        2.66663       19.77945
H         10.79668        2.32516       18.05762
H          9.54377        3.19880       18.93975
C          9.42973       10.18181       14.72568
C          9.88816       11.47097       14.50777
H          9.33415       12.31152       14.89718
C         11.04859       11.70614       13.79380
H         11.38837       12.71799       13.62804
C         11.76858       10.63773       13.29724
H         12.67083       10.82499       12.73388
C         11.35031        9.33368       13.50547
C         10.16763        9.08426       14.23032
C          8.17527        9.95235       15.53873
H          7.78083        8.96259       15.29536
C          8.52261        9.94422       17.02814
H          9.32489        9.21767       17.22951
H          7.64316        9.68680       17.61509
H          8.87023       10.92629       17.33791
C          7.07468       10.97766       15.25601
H          7.31824       11.94787       15.68160
H          6.13813       10.64514       15.70032
H          6.92228       11.10148       14.18565
C         12.13540        8.18831       12.91276
H         11.67258        7.26699       13.27272
C         12.06094        8.22109       11.38315
H         11.02731        8.23675       11.04326
H         12.54942        7.34421       10.96178
H         12.55509        9.10831       10.99299
C         13.59605        8.19613       13.36399
H         14.11660        9.08053       13.00426
H         14.11045        7.32002       12.97239
H         13.65800        8.17920       14.44829
C         11.74849        7.77859       17.03053
H         12.04935        6.90245       17.60642
H         12.15430        7.65659       16.02024
C         11.85980       10.97414       17.53903
H         11.43264       11.06175       16.54624
H         12.61423       11.74927       17.63952
H         11.08028       11.19164       18.26120
C         12.94238        8.97403       19.66467
H         12.02448        8.74913       20.19410
H         13.38809        9.84898       20.12897
H         13.61574        8.13800       19.82825
C         14.39154        9.40218       17.00846
H         14.88226        8.43679       16.92362
H         15.03709       10.04274       17.60266
H         14.33314        9.83273       16.01352
