74
CSD_code = QENCES | q = 1 | S = 0 | Stoichiometry = C25H44N2NbSi2(1+) | MND = 12
Nb         2.61476       -3.83327       12.75770
Si         0.35038       -4.40618        9.81571
Si         0.41684       -2.50826       15.94120
N          4.16841       -5.38401       15.22008
N          4.10477       -4.10052       11.83996
C          3.53389       -4.85159       14.40968
C          4.92052       -6.12522       16.15801
C          4.70338       -7.60803       15.84447
C          6.39054       -5.73254       15.99483
C          4.41544       -5.77602       17.55942
C          5.34974       -4.24386       11.20948
C          5.32825       -5.47069       10.27969
C          6.41066       -4.44723       12.30982
C          5.67536       -2.97003       10.40648
C          0.85725       -4.92650       11.57613
C          1.81405       -5.96086       11.86022
C          1.59555       -6.42461       13.17552
C          0.46692       -5.73705       13.69396
C          0.01478       -4.85307       12.73607
C          1.44951       -2.23974       14.37617
C          1.00263       -1.97729       13.07886
C          2.09677       -1.53937       12.27737
C          3.22915       -1.45366       13.12305
C          2.85123       -1.94906       14.38738
C          1.93862       -3.81001        8.93044
C         -0.40482       -5.93054        8.96085
C         -0.92154       -2.98446        9.90513
C          1.22944       -3.92922       16.93271
C         -1.39712       -2.91032       15.52908
C          0.52600       -0.88738       16.93299
H         -0.86919       -4.24141       12.81326
H          3.46926       -1.91181       15.27746
H          2.42339       -6.46117       11.11589
H          4.18543       -1.01327       12.86759
H          2.01832       -1.08583       11.29449
H         -0.02971       -1.97358       12.75945
H          2.08415       -7.27501       13.63116
H          0.01348       -5.92484       14.65368
H          6.98400       -6.24674       16.74515
H          3.35983       -6.01385       17.66242
H         -1.30358       -2.77495        8.91101
H         -1.30625       -6.26426        9.46582
H          6.65315       -3.06162        9.94341
H          2.43012       -4.63326        8.42079
H          2.16727       -3.60474       17.37447
H          1.71208       -3.06184        8.17723
H          6.35262       -3.62964       13.02714
H          2.65148       -3.37959        9.63809
H         -1.77575       -3.24207       10.52452
H          1.43478       -4.80424       16.31917
H          7.40512       -4.47738       11.87533
H          4.93201       -2.81746        9.62843
H         -0.49617       -2.05882       10.28435
H          4.97113       -6.35015       18.29500
H          6.51975       -4.66107       16.12523
H          0.06361       -0.06250       16.39946
H          4.99657       -7.83042       14.82081
H         -1.53256       -3.91062       15.13047
H          6.21284       -5.38608       12.82211
H          4.56070       -4.71866       17.76698
H          5.67603       -2.10748       11.06919
H          0.58277       -4.24203       17.74629
H          0.28745       -6.76679        8.93920
H          5.06074       -6.35667       10.85274
H          6.75922       -6.01056       15.01137
H          4.59461       -5.32530        9.49180
H         -0.67177       -5.69651        7.93560
H         -1.99560       -2.84172       16.43221
H          6.30610       -5.61756        9.83111
H          1.55314       -0.60492       17.14405
H          5.30574       -8.21098       16.51769
H          0.01231       -0.99039       17.88335
H          3.65922       -7.88077       15.97817
H         -1.81483       -2.20474       14.81681
