100
CSD_code = QEWJOS | q = 0 | S = 0 | Stoichiometry = C39H55NOPSi2Y | MND = 5
Y          8.68873        8.16749        9.86759
N          7.94877        7.04964        8.07099
O         11.08360        8.51017        8.55562
P          5.59369        8.53803        9.56153
Si         9.61898        5.26428       11.99951
Si         8.33108       11.25172       11.77038
C          8.70858        7.02598        6.89078
C          9.45572        5.88394        6.53100
C         10.22230        5.88957        5.37571
H         10.79382        5.00698        5.11917
C         10.27332        7.00232        4.55715
H         10.87285        6.99311        3.65816
C          9.54637        8.12808        4.90361
H          9.57384        9.00025        4.26306
C          8.76524        8.15482        6.04775
C          9.47008        4.66574        7.41122
H          8.72972        3.93475        7.08192
H          9.24196        4.94082        8.44171
H         10.44532        4.18060        7.37612
C          7.94584        9.37972        6.34491
H          7.87063        9.54349        7.42343
H          6.93529        9.25008        5.95362
H          8.37981       10.25952        5.87082
C          6.74583        6.23827        7.98435
H          6.38227        5.98887        8.99353
H          6.92070        5.29476        7.44543
C          5.65940        7.00136        7.25746
C          5.04092        8.10040        7.86550
C          4.08008        8.82249        7.16841
H          3.58661        9.66252        7.63664
C          3.74784        8.47687        5.86901
H          3.00079        9.04784        5.33699
C          4.37582        7.40689        5.25645
H          4.12777        7.14168        4.23913
C          5.32093        6.67288        5.95307
H          5.80997        5.83510        5.47595
C          4.62981       10.05469        9.89616
C          3.71886       10.16860       10.93992
H          3.47660        9.30576       11.54342
C          3.12025       11.38695       11.21071
H          2.40952       11.46465       12.02082
C          3.43341       12.50436       10.45594
H          2.96721       13.45368       10.67439
C          4.35355       12.40288        9.42395
H          4.60633       13.27401        8.83698
C          4.95348       11.18930        9.15226
H          5.67603       11.10651        8.35030
C          4.62522        7.29238       10.49969
C          3.31995        6.95737       10.15187
H          2.85167        7.43643        9.30333
C          2.62721        6.01615       10.89076
H          1.61398        5.75880       10.61822
C          3.22868        5.40354       11.97908
H          2.68361        4.66970       12.55420
C          4.52931        5.72947       12.32582
H          4.99952        5.25078       13.17241
C          5.22806        6.66787       11.58646
H          6.25388        6.91574       11.84287
C          9.41463        7.13163       11.90730
H         10.38067        7.58397       12.17154
H          8.72559        7.44494       12.70451
C          8.07754        4.36420       11.29567
H          7.26117        4.36025       12.01099
H          8.30059        3.32895       11.05589
H          7.71489        4.84159       10.38809
C         11.15138        4.71527       10.98778
H         11.08597        5.04066        9.95449
H         11.25642        3.63483       10.98694
H         12.06286        5.12917       11.40839
C          9.87135        4.57000       13.77121
H         10.77157        4.97297       14.22484
H          9.95968        3.48768       13.77310
H          9.03821        4.83125       14.41677
C          8.65906       10.55095       10.05715
H          9.59998       10.96721        9.67501
H          7.87063       10.91456        9.38450
C          7.84655       13.10937       11.80970
H          8.62835       13.73277       11.38718
H          7.66056       13.45684       12.82136
H          6.94198       13.28069       11.23315
C          6.87448       10.32836       12.61813
H          5.94475       10.87594       12.50057
H          7.04560       10.20202       13.68270
H          6.72776        9.33755       12.18615
C          9.89128       11.04843       12.86266
H         10.19742       10.00852       12.92189
H          9.71556       11.39957       13.87458
H         10.72538       11.61530       12.46138
C         11.47662        9.61693        7.73652
H         10.58784       10.01095        7.24071
H         11.91070       10.39565        8.37987
C         12.51682        9.07837        6.76129
H         12.02086        8.59564        5.91860
H         13.18304        9.85558        6.39493
C         13.22109        8.03648        7.62460
H         13.93762        8.51737        8.29193
H         13.73411        7.27541        7.04230
C         12.05104        7.45908        8.41674
H         11.58322        6.63399        7.86662
H         12.33662        7.11804        9.41604
