42
CSD_code = QEZQOB | q = 0 | S = 0 | Stoichiometry = C16H22Cl2SiZr | MND = 12
Zr         1.12056        3.45092        5.65898
Cl         1.18164        1.74633        4.05770
Si         0.85258        3.45076        8.97245
C          2.32352        3.45077        7.76611
C          2.75744        4.59948        7.02438
C          3.50216        4.16166        5.89945
C          2.54330        6.05104        7.35803
H          2.08154        6.16673        8.33278
H          1.90998        6.52860        6.60076
H          3.49811        6.57896        7.37287
C          4.26268        5.02717        4.93659
H          4.19216        4.62960        3.92283
H          5.31929        5.06294        5.21300
H          3.87076        6.04263        4.93096
C         -0.40570        3.45072        7.56077
C         -0.73997        2.30884        6.77894
H         -0.68480        1.27758        7.11070
C         -1.34444        2.74644        5.58092
H         -1.80315        2.11193        4.83209
C          0.68411        4.97491       10.11368
H         -0.00176        4.74566       10.92220
H          0.29225        5.84665        9.60124
H          1.63430        5.24275       10.56353
Cl         1.18332        5.15470        4.05839
C          2.75746        2.30208        7.02438
C          3.50225        2.73990        5.89951
C         -0.74007        4.59262        6.77902
C         -1.34461        4.15504        5.58104
H         -0.68492        5.62386        7.11082
H         -1.80337        4.78956        4.83226
C          2.54326        0.85051        7.35798
H          2.08153        0.73479        8.33274
H          1.90989        0.37302        6.60070
H          3.49804        0.32253        7.37277
C          4.26277        1.87438        4.93666
H          4.19229        2.27196        3.92293
H          5.31936        1.83853        5.21308
H          3.87080        0.85897        4.93097
C          0.68420        1.92664       10.11375
H         -0.00177        2.15586       10.92220
H          0.29249        1.05480        9.60135
H          1.63439        1.65896       10.56370
