129
CSD_code = QIQQEM | q = 0 | S = 0 | Stoichiometry = C33H83N6Si6Y | MND = 5
Y          3.94124        4.29575        4.54767
Si         2.31581        7.82287        0.95697
Si         5.43454        7.48471        0.66856
Si         8.60619        4.12192        7.08175
Si         6.92870        1.52628        7.74769
Si         0.51394        4.15700        5.66400
Si         1.68441        1.35801        4.64650
N          3.70095        4.93255        2.29452
N          4.03818        6.61384        3.72867
N          3.87500        7.14461        1.39669
N          6.10667        3.19207        4.84374
N          5.15782        4.25381        6.57558
N          7.20102        3.07762        6.97225
C          3.45044        4.38036        0.97692
H          3.47828        5.17878        0.22500
C          2.06715        3.72235        0.95703
H          1.29650        4.46791        1.13780
H          2.01365        2.96727        1.74088
H          1.88116        3.25258       -0.00701
C          4.52431        3.34576        0.62803
H          5.49875        3.82231        0.56203
H          4.30102        2.87697       -0.32831
H          4.55762        2.57734        1.39958
C          4.31773        8.00378        4.04263
H          4.25509        8.60771        3.12831
C          3.30283        8.55879        5.04612
H          2.29034        8.42814        4.67574
H          3.48321        9.62047        5.20311
H          3.39913        8.04757        6.00131
C          5.72934        8.12254        4.62482
H          6.47074        7.81379        3.89274
H          5.81087        7.47648        5.49666
H          5.93345        9.14934        4.92284
C          3.87365        6.23214        2.47720
C          1.02484        7.38723        2.28951
H          0.69433        8.27149        2.82652
H          1.43502        6.69018        3.01459
H          0.14227        6.93125        1.85078
C          1.70117        7.17366       -0.73337
H          2.44197        7.30876       -1.51374
H          0.81317        7.72301       -1.03153
H          1.43880        6.12109       -0.70831
C          2.44765        9.72038        0.80530
H          3.02176       10.00926       -0.06854
H          2.90655       10.17936        1.67481
H          1.45634       10.14787        0.69363
C          5.34879        7.18558       -1.21461
H          4.72475        7.92726       -1.70180
H          4.96007        6.20422       -1.46694
H          6.34107        7.26643       -1.64673
C          6.76014        6.35034        1.43707
H          7.10226        5.59900        0.73159
H          6.36797        5.83618        2.31063
H          7.63433        6.91622        1.74628
C          5.99385        9.29503        0.92293
H          5.28532       10.00208        0.50721
H          6.94204        9.45429        0.41782
H          6.13592        9.54711        1.96884
C          7.21394        2.47234        4.23538
H          7.97390        2.26356        4.99729
C          6.76455        1.13307        3.64392
H          6.25029        0.54050        4.39469
H          7.63303        0.57804        3.29396
H          6.09769        1.29442        2.79997
C          7.84431        3.32913        3.13439
H          8.20940        4.26728        3.54467
H          7.09763        3.54620        2.37379
H          8.67535        2.79927        2.67249
C          5.08139        4.63230        7.97501
H          6.00879        4.34483        8.48675
C          4.90612        6.14796        8.09488
H          4.78450        6.43257        9.13813
H          4.02188        6.45604        7.53856
H          5.77353        6.66449        7.69306
C          3.90433        3.92834        8.66128
H          3.99788        2.85074        8.56061
H          2.96771        4.24333        8.20491
H          3.88241        4.18242        9.71967
C          6.15643        3.51506        6.12374
C          8.23918        5.75857        6.17597
H          8.00642        6.55873        6.87193
H          7.39119        5.64286        5.50684
H          9.09083        6.08445        5.58585
C          9.02414        4.47331        8.91035
H          8.16083        4.78298        9.48996
H          9.76278        5.26602        8.97267
H          9.45048        3.59883        9.38993
C         10.16748        3.34674        6.29475
H         10.11690        3.31860        5.21087
H         10.34043        2.33441        6.64240
H         11.03960        3.93507        6.56429
C          5.29650        0.75213        7.12798
H          5.47648       -0.17807        6.59684
H          4.77033        1.42317        6.45343
H          4.63209        0.52092        7.95599
C          8.36700        0.33000        7.36466
H          8.56830        0.24276        6.30192
H          8.12934       -0.66173        7.73621
H          9.28278        0.64432        7.85423
C          6.84367        1.70460        9.64821
H          7.78066        2.06467       10.05810
H          6.64664        0.73571       10.09690
H          6.06067        2.38125        9.97336
C          2.03460        3.06625        5.39008
H          2.41709        2.84589        6.39801
C          1.09829        5.82915        6.40643
H          2.02885        6.13744        5.92460
H          1.27638        5.75809        7.47543
H          0.36836        6.61882        6.25656
C         -0.76682        3.43046        6.89605
H         -1.17767        2.50049        6.51770
H         -1.59569        4.11025        7.06803
H         -0.31325        3.21664        7.85876
C         -0.43807        4.55650        4.05321
H         -1.20380        3.81647        3.85223
H          0.23757        4.57426        3.20524
H         -0.92678        5.52393        4.10995
C          3.16424        0.79780        3.55365
H          2.87437        0.64468        2.51795
H          3.59512       -0.13420        3.90718
H          3.94898        1.55923        3.58015
C          1.47749        0.03519        6.02312
H          0.66319        0.29768        6.69046
H          2.37735       -0.05071        6.62357
H          1.26220       -0.94679        5.61288
C          0.11606        1.19214        3.56124
H         -0.78000        1.33813        4.15340
H          0.05747        0.20238        3.11801
H          0.09748        1.91456        2.75376
