81
CSD_code = QIVYEZ | q = 0 | S = 0 | Stoichiometry = C20H54FeSi6 | MND = 2
Fe         4.03136        2.23112       -0.00013
C          3.59512        2.61771        1.96141
Si         1.75511        3.05164        1.94867
C          1.31526        4.84304        1.43181
H          0.26632        4.91341        1.16007
H          1.89526        5.19194        0.58853
H          1.48123        5.53427        2.24995
C          0.95673        1.87194        0.66621
H          0.22557        2.37962        0.04684
H          0.44747        1.04687        1.14918
H          1.72049        1.45189        0.01298
C          0.88291        2.83595        3.63860
H         -0.16577        3.11127        3.57988
H          1.34535        3.46521        4.39122
H          0.93523        1.81317        3.99187
Si         4.00432        1.00279        2.85497
C          2.67437       -0.37274        2.76520
H          1.86109       -0.17223        3.45289
H          3.10141       -1.33142        3.04389
H          2.24670       -0.48037        1.77790
C          4.32874        1.20371        4.73049
H          3.46154        1.62724        5.22533
H          5.16863        1.85912        4.92715
H          4.53952        0.24743        5.19957
C          5.58168        0.32581        2.00209
H          5.71901        0.79956        1.03089
H          5.53215       -0.74670        1.84977
H          6.46822        0.52317        2.59232
Si         4.73026        4.06004        2.41406
C          4.14524        5.07878        3.92496
H          4.07156        4.45062        4.80600
H          3.17115        5.52281        3.75865
H          4.83954        5.88214        4.15191
C          6.54206        3.60567        2.83883
H          6.61873        3.21432        3.84660
H          7.17591        4.48580        2.78717
H          6.95722        2.86469        2.16965
C          4.77443        5.18912        0.86590
H          4.13552        6.05526        0.98809
H          4.42727        4.64304       -0.01027
H          5.77376        5.55638        0.66002
C          4.46884        1.84476       -1.96143
Si         6.30887        1.41084       -1.94867
C          6.74874       -0.38055       -1.43177
H          7.79767       -0.45092       -1.15996
H          6.16869       -0.72946       -0.58852
H          6.58282       -1.07178       -2.24992
C          7.10739        2.59056       -0.66630
H          7.83858        2.08289       -0.04695
H          7.61668        3.41557       -1.14935
H          6.34385        3.01080       -0.01297
C          7.18113        1.62656       -3.63857
H          8.22982        1.35129       -3.57982
H          6.71874        0.99727       -4.39121
H          7.12877        2.64934       -3.99184
Si         4.05964        3.45967       -2.85498
C          5.38959        4.83520       -2.76516
H          6.20291        4.63468       -3.45280
H          4.96254        5.79386       -3.04390
H          5.81721        4.94287       -1.77785
C          3.73529        3.25880       -4.73051
H          4.60255        2.83541       -5.22536
H          2.89548        2.60331       -4.92723
H          3.52441        4.21509       -5.19954
C          2.48231        4.13665       -2.00208
H          2.34512        3.66287       -1.03086
H          2.53184        5.20916       -1.84979
H          1.59575        3.93926       -2.59228
Si         3.33369        0.40244       -2.41407
C          3.91875       -0.61630       -3.92495
H          3.99241        0.01184       -4.80600
H          4.89285       -1.06030       -3.75864
H          3.22448       -1.41969       -4.15189
C          1.52190        0.85682       -2.83889
H          1.44525        1.24820       -3.84665
H          0.88805       -0.02331       -2.78726
H          1.10674        1.59779       -2.16969
C          3.28955       -0.72653       -0.86584
H          3.92845       -1.59268       -0.98795
H          3.63675       -0.18032        0.01026
H          2.29022       -1.09375       -0.65988
