40
CSD_code = QORQET | q = 0 | S = 0 | Stoichiometry = C14H21ClN2SiZr | MND = 13
Zr         7.07899        2.46166        7.59952
Cl         7.43354        4.64875        8.45648
Si         5.42820       -0.18117       11.33434
N          5.94281        2.16918        9.27146
N          5.94019        0.93904        8.77324
C          9.40570        2.30775        8.54318
H          9.77278        2.98317        9.30675
C          9.51738        2.50473        7.14655
H         10.01002        3.34403        6.66694
C          9.03912        1.33842        6.50655
H          9.14030        1.10611        5.45306
C          8.60556        0.43833        7.50365
H          8.27800       -0.58089        7.33959
C          8.84297        1.03584        8.76305
H          8.72068        0.55238        9.72462
C          5.01517        3.36624        6.50585
H          4.26414        3.93122        7.04579
C          6.10868        3.91422        5.79738
H          6.33019        4.96985        5.69557
C          6.78048        2.86130        5.14432
H          7.57461        2.98122        4.41540
C          6.09879        1.65576        5.44507
H          6.28874        0.68730        4.99667
C          4.99883        1.97424        6.27125
H          4.22196        1.28733        6.58399
C          5.71135       -0.12976        9.46274
C          6.97754        0.49791       12.23870
H          6.77442        0.65028       13.29499
H          7.31751        1.44875       11.83239
H          7.80684       -0.20113       12.16844
C          3.88079        0.80772       11.87353
H          3.64165        0.60523       12.91378
H          3.01329        0.53197       11.28041
H          4.01234        1.88185       11.77379
C          5.18607       -2.01148       11.79584
H          5.08950       -2.12332       12.87035
H          6.02417       -2.62281       11.47731
H          4.28919       -2.42108       11.34299
H          5.77738        2.22155       10.28846
H          5.73954       -1.04600        8.88361
