84
CSD_code = QOSGEL | q = 1 | S = 0 | Stoichiometry = C36H43FeN2OSi(1+) | MND = 4
Fe         4.77645        4.99126       10.96679
Si         2.97170        2.49934       10.52165
O          5.66442        6.61780        9.72866
N          6.24646        4.88553       12.08923
N          4.01842        6.08875       12.31981
C          7.44697        4.58838       11.71058
C          7.65548        4.14035       10.33576
C          6.59929        3.57295        9.61326
C          6.78963        3.15915        8.30779
C          8.02466        3.31527        7.69613
C          9.07693        3.87589        8.40449
C          8.89924        4.28282        9.71313
C          8.64958        4.68058       12.57055
C          9.39370        3.53057       12.82242
C         10.53133        3.59455       13.60589
C         10.94619        4.80628       14.13407
C         10.21927        5.95646       13.87594
C          9.07473        5.89674       13.10103
C          5.95151        5.26080       13.45107
C          4.97474        6.42668       13.35441
C          2.77003        6.37057       12.46900
C          2.15450        6.87746       13.71616
C          1.48396        8.09739       13.71553
C          0.87074        8.55444       14.86778
C          0.90486        7.79210       16.02400
C          1.55436        6.56846       16.02597
C          2.18090        6.11196       14.88068
C          1.85289        6.21980       11.33747
C          0.51700        5.86824       11.53787
C         -0.35346        5.80152       10.46665
C          0.08796        6.10284        9.18748
C          1.40923        6.46635        8.98107
C          2.29013        6.51673       10.04557
C          3.91530        3.43187       11.87317
C          1.14225        2.24899       10.98360
C          3.05346        3.50948        8.88394
C          3.79058        0.80431       10.19342
C          5.67772        6.58652        8.29869
C          7.03401        7.14459        7.89194
C          7.22684        8.23846        8.93999
C          6.58483        7.61765       10.18221
H          5.65747        3.36023       10.11917
H          5.97750        2.69739        7.76654
H          8.16951        2.99107        6.67753
H         10.04113        3.99277        7.93399
H          9.72211        4.72247       10.25666
H          9.06992        2.58796       12.40689
H         11.09782        2.69713       13.80051
H         11.83672        4.85570       14.74080
H         10.54444        6.90469       14.27590
H          8.52243        6.80219       12.88835
H          6.83715        5.51783       14.03616
H          5.44963        4.41162       13.92297
H          4.50799        6.64591       14.31699
H          5.51401        7.31932       13.01861
H          1.45341        8.68645       12.81083
H          0.35917        9.50449       14.86113
H          0.42003        8.14691       16.92001
H          1.57033        5.96494       16.92051
H          2.66770        5.14701       14.87647
H          0.16827        5.64124       12.53418
H         -1.38323        5.52251       10.62899
H         -0.59870        6.06454        8.35606
H          1.74757        6.71942        7.98711
H          3.30799        6.85325        9.90735
H          4.66949        2.79077       12.32744
H          3.24287        3.74086       12.66922
H          1.04340        1.66880       11.89500
H          0.61020        1.71836       10.20040
H          0.63992        3.19853       11.13883
H          2.05712        3.76890        8.54462
H          3.52328        2.93887        8.09007
H          3.60757        4.44548        8.99819
H          4.84553        0.89362        9.95016
H          3.30712        0.28967        9.36881
H          3.71218        0.16135       11.06391
H          4.86716        7.22110        7.91672
H          5.51640        5.55764        7.97635
H          7.03786        7.52549        6.87480
H          7.80072        6.37616        7.99105
H          8.27148        8.48759        9.10393
H          6.69398        9.14200        8.64429
H          7.33067        7.12475       10.81121
H          6.03703        8.35190       10.77994
