82
CSD_code = QUGMOV | q = 1 | S = 0 | Stoichiometry = C38H39ClOPRuSi(1+) | MND = 10
Ru         8.65469        9.36767       14.19403
Cl         7.58499        7.61732       13.00987
P          9.55285        6.08509       14.07443
Si         5.66793        8.94115       16.34962
O         11.84955        9.83653       15.36949
H         12.60608       10.27469       15.77636
C         10.04930        7.77634       14.50821
C          9.90962        8.49542       15.72936
C          8.68449        8.90915       16.35937
C          7.44826        8.47240       15.85306
C          9.03776        9.93515       17.34929
C          8.24134       10.65866       18.22374
H          7.17679       10.50273       18.25842
C          8.83995       11.58710       19.06190
H          8.22754       12.15902       19.74183
C         10.21016       11.79092       19.04104
H         10.65485       12.52280       19.69706
C         11.01935       11.04939       18.18983
H         12.08930       11.19948       18.18876
C         10.42807       10.12425       17.35710
C         11.09846        9.18634       16.37625
C         11.94887        8.14226       17.11799
H         12.76605        8.63408       17.64128
H         12.36203        7.42588       16.40982
H         11.34086        7.61265       17.84716
C          5.44138        8.22539       18.10887
H          5.34329        7.14460       18.06561
H          4.53251        8.61360       18.55648
H          6.26271        8.44976       18.78233
C          5.20566       10.78811       16.22902
H          5.09993       11.09200       15.19168
H          5.91316       11.45961       16.70425
H          4.24279       10.94583       16.70613
C          4.58117        7.96503       15.12942
H          4.82304        8.20434       14.09807
H          3.52865        8.18220       15.27891
H          4.71535        6.89333       15.24978
C          9.48306       11.46810       14.24541
H         10.13080       11.92502       14.97821
C          9.90424       10.86162       13.03705
H         10.92872       10.74967       12.71674
C          8.75063       10.50981       12.30151
H          8.72510       10.13838       11.28406
C          7.59805       10.94036       13.05106
H          6.58140       10.94856       12.67944
C          8.06466       11.54768       14.23656
H          7.46368       12.06131       14.97110
C         10.99104        5.13362       14.71457
C         12.24227        5.47344       14.19935
H         12.32764        6.26464       13.46580
C         13.37596        4.79141       14.59636
H         14.33785        5.06661       14.19129
C         13.27482        3.74936       15.50507
H         14.15898        3.21541       15.81633
C         12.03364        3.38548       15.99649
H         11.94508        2.56114       16.68739
C         10.89501        4.06878       15.60185
H          9.93474        3.75701       15.98411
C          8.13967        5.28481       14.87163
C          8.09526        5.28209       16.26627
H          8.87637        5.77801       16.83018
C          7.03908        4.66872       16.91384
H          6.99750        4.66905       17.99236
C          6.03879        4.05300       16.17601
H          5.21594        3.57382       16.68363
C          6.08912        4.05547       14.79091
H          5.30598        3.58035       14.22082
C          7.13721        4.67340       14.13097
H          7.17013        4.70534       13.05225
C          9.77949        5.73400       12.31745
C          9.71545        4.40273       11.91937
H          9.49339        3.63341       12.64718
C          9.93956        4.07590       10.59447
H          9.87704        3.04634       10.27734
C         10.25031        5.06878        9.67888
H         10.42704        4.81129        8.64609
C         10.33888        6.39099       10.08550
H         10.58969        7.15975        9.37049
C         10.10241        6.72980       11.40499
H         10.14985        7.76227       11.72526
H         11.06617        7.88356       14.10676
H          7.44229        7.42260       15.56165
