110
CSD_code = RAHLUI | q = 0 | S = 0 | Stoichiometry = C32H70NP2ReSi4 | MND = 5
Re         0.00039       18.38812        1.47594
P          2.26437       19.28071        1.22684
Si         1.48551       18.21807       -1.57343
Si        -0.95669       21.88962        5.08200
N         -0.00015       18.38811       -0.73807
C          1.73197       19.37496       -3.07058
H          1.01117       19.11790       -3.83919
H          2.72177       19.25144       -3.49874
H          1.59817       20.42673       -2.83863
C          1.80619       16.44607       -2.22390
H          1.76916       15.69677       -1.43820
H          2.78170       16.37998       -2.69692
H          1.06538       16.17766       -2.96955
C          2.90115       18.53849       -0.30639
H          3.29346       17.56135       -0.03374
H          3.71893       19.12192       -0.72250
C          2.24619       21.15027        0.89676
C          0.89522       21.44118        0.23654
H          0.83406       22.49348       -0.04198
H          0.08182       21.22747        0.93482
H          0.75703       20.84270       -0.66109
C          2.29118       21.93319        2.20944
H          2.03473       22.97487        2.01592
H          3.28198       21.91687        2.65478
H          1.56543       21.52540        2.91048
C          3.36349       21.62079       -0.03441
H          3.34987       22.70971       -0.08489
H          3.22012       21.24250       -1.04390
H          4.34521       21.31666        0.31925
C          3.57381       18.82872        2.52784
C          3.04162       19.18891        3.91539
H          3.65793       18.71595        4.67780
H          2.01876       18.82812        4.02185
H          3.05374       20.25755        4.09317
C          4.93802       19.46691        2.27934
H          5.66077       19.05520        2.98335
H          4.91412       20.54349        2.42290
H          5.29410       19.25266        1.27290
C          3.72118       17.30330        2.47166
H          4.19686       16.94891        3.38382
H          4.34037       16.98527        1.63581
H          2.73930       16.83352        2.40547
C         -0.38216       19.67673        3.03077
C         -0.60900       20.55627        3.84930
C          0.57659       22.12618        6.19530
H          0.87233       21.18407        6.64548
H          0.38669       22.83298        6.99802
H          1.42342       22.49552        5.62509
C         -2.47257       21.40931        6.13833
H         -3.37104       21.35674        5.53128
H         -2.65373       22.12757        6.93305
H         -2.32894       20.43605        6.59660
C         -1.32216       23.51295        4.13922
H         -2.17162       23.39352        3.47360
H         -0.47245       23.81331        3.53404
H         -1.54823       24.33056        4.81785
P         -2.26439       17.49613        1.22668
C         -2.90155       18.23800       -0.30652
Si        -1.48579       18.55813       -1.57348
C         -1.73229       17.40113       -3.07051
H         -1.01160       17.65823       -3.83922
H         -2.72217       17.52457       -3.49853
H         -1.59838       16.34939       -2.83849
C         -1.80643       20.33012       -2.22402
H         -1.76951       21.07947       -1.43836
H         -2.78188       20.39614       -2.69715
H         -1.06555       20.59850       -2.96960
H         -3.29375       19.21517       -0.03387
H         -3.71935       17.65448       -0.72242
C         -2.24637       15.62640        0.89706
C         -0.89545       15.33534        0.23685
H         -0.83442       14.28302       -0.04162
H         -0.08202       15.54902        0.93508
H         -0.75723       15.93373       -0.66084
C         -2.29131       14.84338        2.20971
H         -2.03487       13.80168        2.01624
H         -3.28211       14.85973        2.65504
H         -1.56556       15.25120        2.91074
C         -3.36366       15.15567       -0.03404
H         -3.35009       14.06674       -0.08439
H         -3.22025       15.53383       -1.04357
H         -4.34535       15.45989        0.31958
C         -3.57384       17.94782        2.52785
C         -3.04173       17.58779        3.91547
H         -3.65793       18.06089        4.67790
H         -2.01882       17.94845        4.02187
H         -3.05397       16.51918        4.09335
C         -4.93817       17.30977        2.27959
H         -5.66089       17.72155        2.98359
H         -4.91430       16.23320        2.42323
H         -5.29427       17.52395        1.27315
C         -3.72123       19.47323        2.47165
H         -4.19682       19.82772        3.38382
H         -4.34043       19.79123        1.63580
H         -2.73936       19.94297        2.40537
C          0.38331       17.09987        3.03072
C          0.60891       16.21990        3.84911
Si         0.95698       14.88694        5.08207
C         -0.57703       14.64842        6.19395
H         -0.87414       15.59008        6.64421
H         -0.38690       13.94158        6.99658
H         -1.42301       14.27827        5.62298
C          2.47156       15.36843        6.13969
H          3.37043       15.42224        5.53333
H          2.65286       14.64991        6.93415
H          2.32658       16.34129        6.59838
C          1.32489       13.26457        4.13859
H          2.17496       13.38522        3.47396
H          0.47613       12.96372        3.53230
H          1.55102       12.44681        4.81702
