48
CSD_code = REHSON | q = 0 | S = 0 | Stoichiometry = C20H26SiZr | MND = 12
Zr         0.41222        4.43889        8.86416
Si         2.79476        1.52702        8.34077
C          0.41355        6.71926        7.70706
H         -0.39694        7.06711        7.07881
C          0.56517        6.98569        9.08400
H         -0.10175        7.58849        9.68873
C          1.81640        6.48230        9.48916
H          2.27914        6.64646       10.45559
C          2.43626        5.89377        8.36702
H          3.46075        5.54377        8.32246
C          1.56784        6.04205        7.26330
H          1.80527        5.81658        6.23008
C          2.18084        3.51693       10.41683
H          3.19970        3.88428       10.46777
C          1.14207        3.85047       11.30011
H          1.20834        4.53650       12.13723
C          0.04686        3.00305       11.02296
H         -0.86303        2.93875       11.60569
C          0.40250        2.16568        9.95503
H         -0.18868        1.34270        9.57307
C          1.73323        2.47871        9.55470
C         -0.26658        3.44110        6.98923
H         -0.92034        2.57829        7.19317
H          0.55284        3.07059        6.35497
H         -0.85681        4.13044        6.36361
C         -1.70623        4.88524        9.40661
H         -2.19908        5.55939        8.68911
H         -1.75129        5.37751       10.39357
H         -2.33256        3.98139        9.46755
C          3.53988        2.72571        7.03804
H          2.81471        3.48002        6.73074
H          3.85803        2.19046        6.14866
H          4.41387        3.23815        7.43085
C          1.76482        0.17010        7.47286
H          1.39804       -0.55732        8.19000
H          2.36716       -0.36600        6.74660
H          0.90812        0.58738        6.95296
C          4.23611        0.69558        9.26526
C          5.31312        0.16094        8.56427
H          5.32995        0.23380        7.48631
C          6.36070       -0.45855        9.22059
H          7.18797       -0.86613        8.65654
C          6.35056       -0.55593       10.60197
H          7.16813       -1.03854       11.11806
C          5.28743       -0.03158       11.31707
H          5.27379       -0.10488       12.39534
C          4.24300        0.58623       10.65272
H          3.41665        0.99396       11.21690
