54
CSD_code = RIKKAX | q = 0 | S = 0 | Stoichiometry = C21H30CrOSi | MND = 11
Cr        12.71846        1.36005       10.90263
Si        14.01403        4.13825       11.14442
O         11.46416       -1.33101       10.66829
C         12.23660        3.47689       11.07767
C         11.60093        2.78482       12.16380
C         10.64397        1.89740       11.63518
C         10.66349        2.02916       10.19853
C         11.63226        2.99349        9.86752
C         11.70678        3.08142       13.62419
H         10.78405        3.54865       13.97475
H         11.84831        2.16633       14.19689
H         12.52508        3.75752       13.83719
C          9.60980        1.15726       12.42418
H          8.73855        1.79444       12.59288
H          9.27957        0.26444       11.89766
H         10.00416        0.85757       13.39230
C          9.66048        1.44000        9.25729
H          8.78782        2.09281        9.18058
H         10.08654        1.32398        8.26351
H          9.32444        0.46463        9.60235
C         11.78404        3.55277        8.49040
H         10.85538        4.04010        8.18623
H         12.57760        4.28800        8.44458
H         11.99072        2.76433        7.76864
C         14.54144        5.39624        9.80085
H         14.47737        5.05690        8.77533
H         13.92996        6.28928        9.88613
H         15.57100        5.69062        9.97840
C         14.54952        5.14220       12.68438
H         14.14737        6.14737       12.60724
H         14.24226        4.74728       13.64386
H         15.63185        5.22678       12.69909
C         14.65239        2.35736       10.99910
C         14.59351        1.41966       12.08555
C         14.50626        0.11910       11.55739
C         14.51433        0.22516       10.11842
C         14.60836        1.59019        9.78597
C         14.82955        1.69461       13.53513
H         15.77373        1.24317       13.84675
H         14.88578        2.75759       13.73407
H         14.04187        1.26127       14.14918
C         14.64208       -1.15079       12.33711
H         15.69678       -1.41379       12.44690
H         14.21407       -1.04019       13.33066
H         14.13808       -1.97449       11.83626
C         14.67043       -0.91739        9.16450
H         15.72895       -1.15005        9.02670
H         14.17311       -1.81025        9.53708
H         14.24770       -0.66974        8.19361
C         14.86416        2.06663        8.39325
H         15.82825        1.69019        8.04491
H         14.10209        1.69663        7.70931
H         14.88856        3.14770        8.33885
C         11.95286       -0.28232       10.75975
