79
CSD_code = RIKLEC | q = 0 | S = 0 | Stoichiometry = C28H46N2Si2Ti | MND = 12
Ti        -0.98669        0.76119        5.11611
Si         0.39838       -3.16688        8.00269
C         -0.43518       -0.68947        6.39513
C         -0.10731       -1.65934        7.05276
C          2.30783       -3.25635        8.05513
H          2.65137       -4.12703        8.60677
H          2.73007       -2.37742        8.53361
H          2.72424       -3.31667        7.05387
C         -0.29561       -4.70626        7.11356
H          0.02074       -5.62624        7.59718
H          0.03651       -4.74309        6.08058
H         -1.38132       -4.69257        7.10662
C         -0.29007       -3.07855        9.78229
H          0.08101       -2.20314       10.30707
H         -0.00687       -3.95323       10.36134
H         -1.37467       -3.02344        9.77898
C          1.13553        0.45110        4.11636
C          1.33919        1.12846        5.34270
H          1.96247        0.77969        6.15718
C          0.72312        2.39384        5.25531
H          0.82041        3.18911        5.98392
C          0.14126        2.50796        3.97845
H         -0.29124        3.40704        3.55816
C          0.38706        1.31053        3.27644
H          0.15629        1.12125        2.23444
C          1.67969       -0.90102        3.76237
H          1.21041       -1.26439        2.84531
H          1.44448       -1.59907        4.57167
C          3.19828       -0.83369        3.54470
H          3.40890       -0.02058        2.84405
H          3.69669       -0.59306        4.50151
N          3.71896       -2.05859        2.96184
C          5.06255       -1.87040        2.45575
H          5.39483       -2.79115        1.97825
H          5.78475       -1.60615        3.24516
H          5.05858       -1.07678        1.70996
C          3.66789       -3.17183        3.88653
H          4.06462       -4.05870        3.39447
H          2.63538       -3.36735        4.16650
H          4.25534       -2.98742        4.80103
C         -1.53933       -0.68872        3.83673
C         -1.86681       -1.65849        3.17876
Si        -2.37355       -3.16605        2.22943
C         -4.28308       -3.25377        2.17647
H         -4.62728       -4.12449        1.62530
H         -4.70438       -2.37476        1.69731
H         -4.69980       -3.31305        3.17766
C         -1.68136       -4.70537        3.12008
H         -1.99963       -5.62553        2.63805
H         -2.01268       -4.74016        4.15339
H         -0.59563       -4.69343        3.12612
C         -1.68465       -3.07979        0.44990
H         -2.05499       -2.20458       -0.07574
H         -1.96836       -3.95477       -0.12843
H         -0.60002       -3.02546        0.45340
C         -3.10880        0.45078        6.11616
C         -3.31259        1.12832        4.88994
C         -2.69658        2.39373        4.97750
H         -3.93602        0.77972        4.07550
H         -2.79405        3.18914        4.24906
C         -2.11460        2.50767        6.25431
C         -2.36024        1.31009        6.95612
C         -3.65282       -0.90144        6.47000
H         -3.18445       -1.26425        7.38774
H         -3.41633       -1.59969        5.66124
C         -5.17170       -0.83487        6.68588
H         -5.38362       -0.02153        7.38589
H         -5.66916       -0.59503        5.72839
N         -5.69230       -2.05980        7.26877
C         -7.03651       -1.87218        7.77343
H         -7.36872       -2.79291        8.25102
H         -7.75807       -1.60874        6.98316
H         -7.03377       -1.07821        8.51884
C         -5.63968       -3.17342        6.34464
H         -6.03609       -4.06037        6.83682
H         -4.60682       -3.36827        6.06550
H         -6.22661       -2.98990        5.42963
H         -1.68215        3.40670        6.67473
H         -2.12937        1.12066        7.99807
