96
CSD_code = RIKVOY | q = 0 | S = 0 | Stoichiometry = C36H56NScSi2 | MND = 8
C          2.86395        9.99716        1.98547
C          2.75656        8.86828        1.09654
C          4.04156        8.52406        0.67347
C          4.96939        9.45327        1.23334
C          4.26607       10.35226        2.05439
C          1.48802        8.19091        0.65860
H          0.64525        8.48815        1.27925
H          1.58463        7.10769        0.71382
H          1.25904        8.45257       -0.37753
C          4.40278        7.46044       -0.31822
H          4.72166        7.91445       -1.25852
H          3.55164        6.81784       -0.52422
H          5.22250        6.83985        0.04424
C          6.40961        9.56682        0.83226
H          6.50527       10.19552       -0.05620
H          6.82357        8.58914        0.59425
H          7.00992       10.01204        1.62428
C          4.77280       11.72762        2.40583
H          5.83509       11.71227        2.64105
H          4.23435       12.16891        3.24124
H          4.63971       12.38729        1.54321
C          1.78880       10.83715        2.45505
C          0.75663       11.17413        1.56127
H          0.77306       10.73524        0.57623
C         -0.21525       12.09088        1.87760
H         -0.97948       12.33943        1.15574
C         -0.19431       12.73502        3.11498
H         -0.93822       13.47932        3.35475
C          0.77959       12.40756        4.02272
H          0.78666       12.89073        4.99076
C          1.76119       11.43414        3.74730
C          2.55683       11.04490        4.87376
H          2.37980       11.66253        5.76316
C          3.83495        9.81739        6.33256
C          2.96450        9.40089        7.35217
C          3.48025        9.20846        8.62777
H          2.82334        8.88700        9.42056
C          4.81316        9.43008        8.90614
H          5.19139        9.27828        9.90590
C          5.65864        9.85994        7.90136
H          6.69482       10.05165        8.12883
C          5.18883       10.05970        6.61244
C          1.49048        9.14515        7.12100
H          1.28494        9.17907        6.04538
C          0.64179       10.22205        7.80525
H          0.82531       10.22953        8.87729
H         -0.41470       10.02534        7.63689
H          0.87097       11.21151        7.41645
C          1.07867        7.76209        7.63676
H          1.78060        7.00060        7.30504
H          0.08913        7.50778        7.26336
H          1.04372        7.74283        8.72302
C          6.09080       10.64389        5.55027
H          5.69301       10.34298        4.56839
C          6.04502       12.17248        5.66240
H          5.02903       12.54164        5.54065
H          6.67335       12.63224        4.90284
H          6.40382       12.48431        6.64162
C          7.53685       10.15804        5.64216
H          8.05091       10.60093        6.49200
H          8.07893       10.44634        4.74347
H          7.57042        9.07593        5.73420
C          5.80121        7.28339        3.72187
H          6.02803        6.78232        2.76630
H          6.55011        8.08963        3.79693
C          7.93758        6.10414        5.81044
H          8.68520        6.17057        5.02568
H          8.16160        5.21906        6.39815
H          8.06796        6.96293        6.46237
C          4.97121        6.29699        6.56807
H          5.25836        7.16531        7.15251
H          4.96185        5.44352        7.23860
H          3.95431        6.45923        6.21596
C          5.93759        4.23538        4.44595
H          4.96716        4.10206        3.98191
H          6.02168        3.51283        5.25207
H          6.69394        3.98840        3.70728
C          1.99806        7.05846        3.93453
H          1.84891        7.06144        5.02351
H          1.16976        7.66937        3.53188
C         -0.00940        4.92711        2.67453
H         -0.77190        5.07887        3.43264
H         -0.10191        3.90539        2.31846
H         -0.24329        5.58480        1.84239
C          1.99263        4.06582        4.83956
H          2.93877        4.24340        5.33970
H          1.98131        3.03104        4.51139
H          1.20405        4.18213        5.57697
C          2.99289        4.80549        1.98300
H          2.55131        4.90638        0.99604
H          3.32578        3.77631        2.07465
H          3.87329        5.44788        2.02516
N          3.35351       10.03317        5.00778
Sc         3.81479        8.30972        3.51138
Si         6.15642        6.02527        5.08658
Si         1.74873        5.27183        3.37215
