77
CSD_code = ROFSEK | q = 0 | S = 0 | Stoichiometry = C22H48FeO2P2Si2 | MND = 5
Fe        -2.51890       -0.03967        3.10691
P         -0.49104        0.14219        3.82218
Si        -1.64097        3.99169        1.70153
C         -0.10764        1.32436        5.19278
C          0.32157       -1.37653        4.50279
O         -1.77634       -1.68451        0.80425
C         -0.73023        0.91017        6.51938
C         -2.72287        5.42070        1.04947
C         -0.00564        4.73219        2.36401
C         -1.24659        2.81388        0.25253
C         -2.05487       -1.04539        1.73019
C          0.72448        0.70281        2.53901
C          0.38992       -2.51377        3.49373
C          2.21303        0.68347        2.86741
C         -2.51906        1.74901        3.10684
C         -2.51855        3.05165        3.10715
H         -0.51428        2.28902        4.87229
H          0.97743        1.41513        5.29692
H         -0.28430       -1.68979        5.35925
H          1.31938       -1.10930        4.86654
H         -0.69593        1.73485        7.22897
H         -1.77018        0.62686        6.37093
H         -0.20154        0.06591        6.95646
H         -3.70236        5.07595        0.73308
H         -2.86824        6.18349        1.80702
H         -2.25033        5.89567        0.19506
H          0.59706        3.99294        2.88351
H          0.59406        5.13165        1.55105
H         -0.19347        5.54366        3.05872
H         -1.91584        2.97597       -0.58622
H         -0.23111        2.94169       -0.10997
H         -1.35805        1.77961        0.56596
H          0.40469        1.71787        2.28297
H          0.52964        0.07842        1.66001
H          0.84420       -3.39543        3.94358
H         -0.61355       -2.77567        3.16199
H          0.97522       -2.23357        2.62007
H          2.77183        1.06139        2.01232
H          2.44620        1.31595        3.72054
H          2.56352       -0.32431        3.07555
P         -4.54734        0.14231        2.39288
C         -4.93124        1.32511        1.02293
C         -4.30810        0.91209       -0.30380
H         -4.34237        1.73721       -1.01287
H         -3.26811        0.62898       -0.15512
H         -4.83636        0.06795       -0.74165
H         -4.52529        2.28983        1.34407
H         -6.01634        1.41532        0.91859
C         -5.35984       -1.37611        1.71139
C         -5.42756       -2.51395        2.71981
H         -5.88156       -3.39557        2.26959
H         -4.42390       -2.77559        3.05123
H         -6.01281       -2.23443        3.59372
H         -4.75418       -1.68872        0.85453
H         -6.35782       -1.10894        1.34808
C         -5.76264        0.70212        3.67663
C         -7.25124        0.68294        3.34846
H         -7.80990        1.06051        4.20378
H         -7.48452        1.31576        2.49562
H         -7.60175       -0.32477        3.13998
H         -5.44277        1.71703        3.93315
H         -5.56758        0.07722        4.55521
C         -2.98303       -1.04544        4.48350
O         -3.26016       -1.68486        5.40967
Si        -3.39632        3.99203        4.51243
C         -2.31489        5.42190        5.16334
H         -1.33500        5.07791        5.47925
H         -2.17045        6.18453        4.40548
H         -2.78718        5.89687        6.01784
C         -5.03216        4.73152        3.85014
H         -5.63532        3.99163        3.33215
H         -5.63117        5.13211        4.66301
H         -4.84483        5.54203        3.15420
C         -3.78967        2.81464        5.96199
H         -3.11986        2.97711        6.80046
H         -4.80514        2.94254        6.32503
H         -3.67827        1.78018        5.64866
