58
CSD_code = SABBIG | q = 0 | S = 0 | Stoichiometry = C23H26F5NbOSi2 | MND = 12
Nb         3.92731        2.94976        2.04117
Si         1.46064        5.17627       -0.10915
Si         6.17840        4.49168        4.72531
F          3.01621        0.30772        0.59911
F          0.86945       -1.39849        0.71306
F         -1.10822       -0.95065        2.55407
F         -0.90301        1.17145        4.26514
F          1.24418        2.86659        4.07198
O          2.66209        5.50702        3.32725
C          3.07082        4.51512        2.88970
C          4.36463        4.81463        0.51214
C          5.36178        3.86116        0.25174
C          4.74127        2.70706       -0.27581
C          3.36418        2.95008       -0.34655
C          3.09291        4.25818        0.15187
C          0.09994        4.26312        0.86987
C          1.07353        5.12227       -1.98221
C          1.63708        6.98779        0.46003
C          4.46239        2.11092        4.30012
C          4.47556        0.92562        3.52687
C          5.47273        1.05206        2.55113
C          6.10697        2.29609        2.73876
C          5.50644        2.96827        3.83483
C          7.91188        4.04460        5.39783
C          6.32376        5.94302        3.49038
C          4.99556        4.94684        6.14682
C          2.11468        1.69632        2.24533
C          1.98637        0.56656        1.45146
C          0.92997       -0.33057        1.52166
C         -0.07106       -0.11006        2.46307
C          0.03274        0.97685        3.32732
C          1.11583        1.83699        3.19888
H          4.53355        5.85109        0.77185
H          6.42913        4.03697        0.29885
H          5.25119        1.83538       -0.66346
H          2.63604        2.32133       -0.84051
H          0.27600        4.34200        1.93889
H         -0.88333        4.67301        0.66364
H          0.07758        3.20584        0.61632
H          1.86611        5.57695       -2.56880
H          0.15572        5.65847       -2.19944
H          0.94820        4.10343       -2.33527
H          2.41740        7.50806       -0.08737
H          1.87164        7.04756        1.51786
H          0.71072        7.52912        0.29864
H          3.90568        2.25152        5.21914
H          3.87824        0.04221        3.71593
H          5.77370        0.28181        1.85429
H          7.02383        2.60554        2.25200
H          8.60691        3.80842        4.59779
H          8.32952        4.87325        5.96005
H          7.87093        3.18520        6.06004
H          6.86068        6.77707        3.93128
H          5.34027        6.30087        3.19977
H          6.85611        5.65551        2.58765
H          3.97579        5.05685        5.78977
H          5.28848        5.88486        6.60685
H          4.99632        4.18904        6.92416
