124
CSD_code = SATKEF | q = 0 | S = 0 | Stoichiometry = C52H66Cl2O2SiZr | MND = 12
Zr         8.63007        2.90714        5.19423
Cl        10.16932        1.36682        4.34233
Si         8.63011        6.23635        5.19431
O          5.38814        5.66727        5.45794
C          7.91537        4.90871        4.02121
C          8.72817        4.13987        3.12509
C          8.04929        2.96416        2.74857
C          6.77822        2.95614        3.38702
C          5.69280        2.04907        3.29667
C          4.52900        2.38797        3.94919
C          4.40350        3.57960        4.67715
C          5.45225        4.46466        4.79558
C          6.68955        4.16074        4.17525
C         10.06745        4.48979        2.54182
C          5.83178        0.80170        2.53203
C          4.80813        0.37781        1.68857
C          4.93902       -0.78208        0.94471
C          6.12789       -1.50106        1.05069
C          7.16173       -1.11113        1.88983
C          6.99203        0.04550        2.64258
C          3.84984       -1.28842        0.00971
C          4.39363       -1.31619       -1.42554
C          3.43708       -2.70373        0.43757
C          2.59942       -0.40480        0.02849
C          8.47811       -1.86847        1.97697
C          8.45707       -3.18254        1.19017
C          9.58468       -0.97256        1.40099
C          8.79618       -2.19002        3.44192
C          4.14616        6.08262        5.97045
C          9.73169        7.48423        4.25054
H          8.37604        2.27605        1.97902
H          3.68419        1.71727        3.91532
H          3.45500        3.78865        5.14499
H          9.94092        5.14278        1.67530
H         10.57037        3.57977        2.20718
H         10.70216        4.99971        3.25950
H          3.92466        0.99032        1.61759
H          6.24005       -2.39187        0.45685
H          7.75652        0.36179        3.34401
H          3.62276       -1.65832       -2.11323
H          5.24730       -1.98252       -1.51271
H          4.70790       -0.31892       -1.72662
H          4.27108       -3.39701        0.37617
H          2.64030       -3.07304       -0.20510
H          3.07726       -2.69455        1.46428
H          1.85036       -0.82148       -0.64227
H          2.82713        0.60387       -0.30816
H          2.16940       -0.35932        1.02629
H          7.66577       -3.83803        1.54759
H          9.40629       -3.69809        1.32231
H          8.32237       -3.00426        0.12548
H         10.52796       -1.51389        1.37638
H          9.72208       -0.08657        2.01501
H          9.33569       -0.66391        0.38692
H          9.68587       -2.81318        3.50151
H          7.96742       -2.72259        3.90273
H          8.98761       -1.28502        4.01066
H          3.79186        5.41378        6.76205
H          3.38980        6.14491        5.18254
H          4.31619        7.07430        6.38717
H         10.47541        7.89808        4.92128
H          9.10734        8.30377        3.90807
H         10.24806        7.08532        3.38978
Cl         7.09180        1.36707        6.04730
O         11.87208        5.66730        4.93068
C          9.34485        4.90866        6.36736
C          8.53206        4.13980        7.26346
C          9.21089        2.96403        7.63987
C         10.48198        2.95604        7.00144
C         11.56744        2.04901        7.09183
C         12.73125        2.38797        6.43935
C         12.85675        3.57962        5.71143
C         11.80799        4.46467        5.59300
C         10.57067        4.16070        6.21328
C          7.19281        4.48977        7.84680
C         11.42851        0.80167        7.85651
C         12.45219        0.37778        8.69993
C         12.32133       -0.78211        9.44380
C         11.13243       -1.50107        9.33790
C         10.09856       -1.11113        8.49881
C         10.26825        0.04548        7.74602
C         13.41056       -1.28848       10.37873
C         12.86691       -1.31600       11.81404
C         13.82312       -2.70389        9.95101
C         14.66110       -0.40501       10.35970
C          8.78215       -1.86844        8.41175
C          8.80321       -3.18248        9.19858
C          7.67564       -0.97248        8.98775
C          8.46401       -2.19001        6.94682
C         13.11406        6.08266        4.41816
C          7.52853        7.48419        6.13813
H          8.88419        2.27597        8.40949
H         13.57609        1.71731        6.47325
H         13.80526        3.78871        5.24362
H          7.31939        5.14287        8.71323
H          6.68994        3.57978        8.18159
H          6.55804        4.99959        7.12910
H         13.33568        0.99027        8.77086
H         11.02029       -2.39185        9.93177
H          9.50372        0.36176        7.04461
H         13.63780       -1.65817       12.50169
H         12.01314       -1.98219       11.90136
H         12.55283       -0.31865       12.11505
H         12.98906       -3.39708       10.01263
H         14.61994       -3.07319       10.59363
H         14.18280       -2.69489        8.92425
H         15.41019       -0.82174       11.03038
H         14.43357        0.60371       10.69631
H         15.09097       -0.35966        9.36183
H          9.59447       -3.83800        8.84114
H          7.85397       -3.69800        9.06651
H          8.93796       -3.00417       10.26327
H          6.73234       -1.51378        9.01240
H          7.53824       -0.08649        8.37372
H          7.92467       -0.66383       10.00181
H          7.57431       -2.81314        6.88728
H          9.29274       -2.72262        6.48599
H          8.27258       -1.28502        6.37806
H         13.46836        5.41381        3.62657
H         13.87042        6.14499        5.20606
H         12.94400        7.07433        4.00142
H          6.78487        7.89811        5.46738
H          8.15288        8.30368        6.48071
H          7.01208        7.08523        6.99882
