88
CSD_code = SINZIZ | q = 0 | S = 0 | Stoichiometry = C27H52O4Si4W | MND = 10
W          6.40891       24.59143       11.02479
Si         6.71292       20.21111        9.43131
H          6.12334       20.20902        8.08282
H          5.63841       19.75883       10.33084
Si         7.98247       17.66537        8.40361
Si         9.81907       20.23894        8.92831
Si         8.58306       18.63872       11.38389
O          8.75651       24.15500        9.04319
O          8.92834       23.82856       12.66720
O          7.05617       21.76578        9.82615
O          5.33013       22.80000        8.65803
C          7.86958       24.31636        9.76722
C          7.98560       24.12123       12.06892
C          5.82369       22.70588       12.24243
H          6.62887       21.99453       12.37255
H          5.19531       22.82482       13.12095
C          5.18545       22.74868       10.98660
H          4.12139       22.91606       10.84844
C          6.02848       22.67251        9.83929
C          6.08857       23.13891        7.50906
H          6.42140       24.18001        7.56562
H          5.41958       23.00791        6.66011
H          6.95690       22.48949        7.40535
C          8.30756       19.18804        9.54792
C          6.20516       16.99059        8.57777
H          5.95162       16.75171        9.60195
H          6.07756       16.08515        7.99166
H          5.48096       17.71533        8.22536
C          8.14263       18.08363        6.54528
H          7.97052       17.19944        5.93820
H          9.12252       18.46873        6.29003
H          7.40825       18.82446        6.24865
C          9.15525       16.19197        8.72324
H          9.00657       15.76625        9.70852
H         10.19719       16.47382        8.63747
H          8.97198       15.40431        7.99877
C          9.41098       21.23699        7.34761
H          8.51452       20.87715        6.85619
H         10.22032       21.19114        6.62503
H          9.26188       22.28100        7.59948
C         11.31416       19.13645        8.46814
H         11.10264       18.49712        7.61877
H         11.62563       18.50269        9.28823
H         12.16234       19.75965        8.20180
C         10.43922       21.48857       10.22466
H         11.23028       22.10745        9.81075
H         10.82919       21.00973       11.11578
H          9.63739       22.15334       10.52603
C          8.38200       20.04851       12.65677
H          9.07809       19.94115       13.48333
H          7.38092       20.04609       13.07694
H          8.55880       21.01878       12.21007
C          7.32036       17.31127       11.93696
H          7.43343       17.10602       12.99750
H          7.44981       16.37246       11.41147
H          6.30054       17.64455       11.77823
C         10.31203       17.88645       11.70140
H         11.09283       18.63543       11.63264
H         10.55199       17.09246       11.00571
H         10.35486       17.46430       12.70122
C          5.54416       26.45460        9.92643
C          6.41949       26.86089       10.99984
C          5.78428       26.48910       12.23588
C          4.59335       25.79325       11.92045
C          4.44128       25.77612       10.49359
C          5.69965       26.87525        8.49452
H          5.39588       27.91880        8.38197
H          5.08005       26.26871        7.83691
H          6.73642       26.79488        8.16842
C          7.55691       27.83514       10.86367
H          8.07402       27.69739        9.91562
H          8.27990       27.70294       11.66679
H          7.18140       28.85998       10.90433
C          6.23933       26.90276       13.60320
H          5.92197       26.18759       14.35951
H          5.81581       27.87699       13.85714
H          7.32389       26.98158       13.64418
C          3.55143       25.37137       12.91396
H          2.95808       24.53396       12.54883
H          2.87010       26.20249       13.11075
H          4.00471       25.08287       13.86140
C          3.20090       25.36493        9.75138
H          2.64179       24.61802       10.32139
H          3.46442       24.91185        8.79140
C          2.29130       26.57419        9.51648
H          2.00613       27.02267       10.46595
H          1.38783       26.27186        8.99154
H          2.80127       27.32849        8.92247
