67
CSD_code = SOBFAQ | q = 0 | S = 0 | Stoichiometry = C23H40N2SiTi | MND = 8
Ti         7.14638       24.22886        1.20481
N          8.03608       24.19988        2.63094
N          8.64168       25.11892        0.15122
Si         4.88940       26.06188        3.01248
C          6.02809       25.98868        1.51460
C          4.77511       24.35078        3.87885
C          3.09004       26.61968        2.60484
C          5.49630       27.36081        4.29290
C          8.88716       24.47245        3.71727
C         10.04461       23.44619        3.79204
C          9.48055       25.89165        3.55183
C          8.11107       24.41002        5.05124
C          5.96934       23.51751       -0.73963
C          7.26997       22.95564       -0.82673
C          7.44789       22.10129        0.28778
C          6.26002       22.13719        1.06771
C          5.33414       23.00301        0.41104
C          5.31094       24.34799       -1.80357
C          8.16384       23.05288       -2.03115
C          8.59894       21.17175        0.55671
C          5.99738       21.20880        2.22260
C          3.87067       23.15847        0.71154
C          8.49945       26.23413       -0.57278
C          9.54920       26.83775       -1.24566
C         10.81031       26.26573       -1.18400
C         10.95673       25.09272       -0.45015
C          9.85638       24.56114        0.19375
H          5.44264       26.11739        0.59132
H          6.72079       26.84152        1.57821
H          3.84421       23.83946        3.65154
H          4.83303       24.43883        4.95969
H          5.61168       23.73439        3.53922
H          3.08081       27.60184        2.14174
H          2.58817       25.93600        1.92656
H          2.48741       26.67966        3.50561
H          5.33959       28.37085        3.92612
H          4.96640       27.27141        5.23631
H          6.55624       27.25017        4.49752
H         10.68779       23.52748        2.91806
H          9.63426       22.43869        3.83537
H         10.64621       23.61745        4.68195
H         10.09467       25.93712        2.65209
H          8.66293       26.60305        3.44668
H         10.08984       26.15882        4.41272
H          7.68921       23.41576        5.18235
H          7.29995       25.13067        5.03088
H          8.77127       24.62854        5.88813
H          4.93341       23.70701       -2.60628
H          6.00920       25.05631       -2.25484
H          4.46538       24.90537       -1.40149
H          7.85280       22.32310       -2.78469
H          8.11415       24.04062       -2.49445
H          9.20674       22.84809       -1.78419
H          8.27436       20.13251        0.44990
H          9.41736       21.33532       -0.14371
H          8.97559       21.29799        1.57454
H          6.78419       21.29314        2.97612
H          5.04263       21.42311        2.69945
H          5.97581       20.17221        1.87239
H          3.59607       22.62090        1.61649
H          3.59075       24.20432        0.83995
H          3.27983       22.75003       -0.11349
H          7.50511       26.66660       -0.61443
H          9.37857       27.74121       -1.81098
H         11.65064       26.71249       -1.69231
H         11.91612       24.60358       -0.37884
H          9.92799       23.65480        0.78591
