59
CSD_code = TABTUL | q = 0 | S = 0 | Stoichiometry = C18H33MoO3PSSi2 | MND = 9
Mo         8.46398        4.66092        9.69495
P          9.67654        2.75920        8.87574
S         11.94178        4.06345        7.67006
Si         8.48054       -0.06383        8.23773
Si        10.90990        0.47249       10.42577
C          7.07655        3.46594       10.24314
O          6.22215        2.79067       10.63058
C          8.95774        3.78735       11.34258
O          9.15696        3.19201       12.31417
O         11.35156        4.99010        6.72068
C          8.39559        3.35725        7.83116
H          8.77558        3.86275        6.94258
H          7.54619        2.71749        7.62773
C         11.28754        2.54732        8.10411
H         11.17373        1.96809        7.18541
C         12.30458        4.93791        9.20263
H         13.04009        4.36560        9.75190
H         11.37193        4.99349        9.76599
H         12.66441        5.93059        8.95826
C         13.61865        3.69019        7.06236
H         14.08906        3.01760        7.76791
H         14.17029        4.61803        6.96636
H         13.52890        3.21739        6.09066
C          9.33104        1.08973        9.51962
H          8.58298        1.25827       10.30113
C          9.29122        0.05531        6.51303
H          9.25647        1.07208        6.13209
H          8.76717       -0.57795        5.80342
H         10.32830       -0.26447        6.53362
C          8.58193       -1.87753        8.82599
H          9.59721       -2.21924        8.98612
H          8.12919       -2.52826        8.08516
H          8.03651       -2.01454        9.75343
C          6.60683        0.30995        8.09938
H          6.03026       -0.60915        8.14786
H          6.35093        0.79849        7.16340
H          6.26508        0.94880        8.90845
C         11.88303        1.91744       11.21070
H         12.90999        1.95213       10.86158
H         11.90082        1.84085       12.29270
H         11.40483        2.85890       10.95885
C         10.34252       -0.67405       11.84176
H         11.19772       -1.04414       12.39740
H          9.79012       -1.53299       11.47916
H          9.70374       -0.14037       12.53864
C         12.10639       -0.47216        9.27193
H         12.92714       -0.88180        9.85165
H         12.52517        0.17732        8.51179
H         11.61821       -1.29859        8.76947
C          7.87089        6.36540        8.22772
H          7.46817        6.28855        7.22538
C          7.11909        6.54421        9.39790
H          6.04000        6.58590        9.46059
C          8.01521        6.78328       10.46426
H          7.73880        7.12260       11.45700
C          9.33324        6.79938        9.92614
H         10.21527        7.13430       10.46109
C          9.24254        6.52475        8.54920
H         10.03996        6.60360        7.82151
