64
CSD_code = TANJUO | q = 0 | S = 0 | Stoichiometry = C25H33ClNO2RhSi | MND = 4
Rh         1.93017       17.06005        4.82502
Si         2.40536       20.21224        4.64403
Cl         3.82745       17.31796        6.04338
O         -0.41824       16.62528        3.02925
O          1.16027       14.85294        6.70841
N          3.86346       18.44552        2.98058
C          2.91664       18.50755        3.86557
C          0.49137       16.84071        3.69960
C          1.36802       15.71741        5.98984
C          0.92954       20.29045        5.91559
C          0.69468       21.75346        6.30476
H          0.49061       22.36258        5.42615
H          1.55581       22.16470        6.82443
H         -0.16449       21.82464        6.97125
C         -0.38080       19.75257        5.34320
H         -0.28147       18.69796        5.07560
H         -0.68374       20.31440        4.46282
H         -1.17302       19.83539        6.08727
C          1.27151       19.50428        7.18015
H          0.48977       19.62850        7.92947
H          2.21400       19.83972        7.60782
H          1.35773       18.43558        6.95212
C          4.08816       17.24770        2.14139
H          4.97624       17.45436        1.54273
C          2.91020       17.04747        1.18978
H          3.13923       16.25362        0.48378
H          2.70166       17.95970        0.63580
H          2.01860       16.76702        1.74561
C          4.36563       15.98750        2.95373
H          3.48121       15.70187        3.54387
H          5.19887       16.14569        3.63409
H          4.60930       15.16918        2.28083
C          4.82453       19.52712        2.72815
H          4.53246       20.36098        3.36647
C          6.22938       19.09942        3.15437
H          6.19401       18.65604        4.14601
H          6.87416       19.97320        3.19334
H          6.66961       18.38293        2.46520
C          4.78419       20.02188        1.28329
H          5.17727       19.29298        0.57924
H          5.38980       20.92102        1.20551
H          3.76587       20.27426        0.99870
C          3.80829       21.21422        5.46557
C          4.88771       20.57601        6.07292
H          4.93134       19.49843        6.07354
C          5.89191       21.29501        6.69600
H          6.71481       20.77193        7.16123
C          5.84086       22.67757        6.72819
H          6.62450       23.24281        7.21160
C          4.76858       23.33072        6.14496
H          4.70976       24.40961        6.17622
C          3.76502       22.60636        5.52712
H          2.92953       23.13755        5.09789
C          1.82754       20.99575        2.99328
C          2.34413       22.17802        2.47380
H          3.10731       22.71170        3.01806
C          1.91548       22.68097        1.25734
H          2.33091       23.60516        0.88172
C          0.96256       22.00029        0.51989
H          0.62530       22.39121       -0.42892
C          0.45411       20.80707        1.00480
H         -0.27891       20.25753        0.43170
C          0.88549       20.31501        2.22304
H          0.48989       19.37566        2.57983
