75
CSD_code = TAZDAB | q = 0 | S = 0 | Stoichiometry = C31H34FO5PSi2W | MND = 6
C         -1.79616        6.20570        9.68857
C         -1.26746        5.00350        9.23411
H         -0.40326        5.01276        8.58167
C         -1.84227        3.80415        9.60549
H         -1.42681        2.87409        9.24453
C         -2.95012        3.77893       10.44656
C         -3.45871        4.98275       10.91930
H         -4.30918        4.97941       11.58577
C         -2.89034        6.18523       10.54157
H         -3.29266        7.11390       10.90731
C         -3.53915        2.44490       10.84486
H         -3.54145        1.80834        9.95045
C         -2.67381        1.76390       11.88336
C         -1.94945        2.49078       12.81956
H         -1.98185        3.57065       12.80338
C         -1.18393        1.84104       13.77201
H         -0.62344        2.41860       14.49243
C         -1.13548        0.45818       13.80315
H         -0.53698       -0.04752       14.54619
C         -1.85788       -0.27346       12.87598
H         -1.82560       -1.35296       12.89370
C         -2.62084        0.37627       11.92271
H         -3.18488       -0.19922       11.20196
C         -4.97687        2.58498       11.30082
C         -5.96162        2.80669       10.34411
H         -5.68516        2.86125        9.30013
C         -7.28440        2.96088       10.71492
H         -8.03807        3.13163        9.96017
C         -7.64232        2.89308       12.05121
H         -8.67554        3.00938       12.34285
C         -6.66870        2.67418       13.00957
H         -6.93989        2.62011       14.05379
C         -5.34319        2.52359       12.63803
H         -4.59111        2.35409       13.39441
C         -2.22317        9.06672        9.09626
H         -1.71014        9.78156        8.44033
C         -3.17301        7.07448        6.84126
H         -3.04207        6.13568        7.37077
H         -2.23361        7.30830        6.34539
H         -3.91652        6.90976        6.06674
C         -4.17440        9.97492        6.90145
H         -3.33192       10.31212        6.30525
H         -4.52551       10.82024        7.48240
H         -4.96828        9.70057        6.21413
C         -5.22910        7.93607        9.01015
H         -5.34532        8.49791        9.93068
H         -5.18857        6.88226        9.26521
H         -6.12608        8.09185        8.41979
C         -2.94090        9.21741       12.29655
H         -2.23179        8.43171       12.53500
H         -3.93725        8.78563       12.26883
H         -2.92620        9.92613       13.11962
C         -3.88350       11.37649       10.30257
H         -4.82124       10.88899       10.06099
H         -3.62218       12.02208        9.47122
H         -4.05759       12.01309       11.16334
C         -0.88643       11.13629       10.96798
H         -1.02395       11.88393       11.74372
H         -0.58096       11.65758       10.06459
H         -0.06187       10.49947       11.27117
C          2.44986        7.89757        6.40531
C          1.85977        6.56233        8.85711
C          0.25185        6.25750        6.50495
C         -0.10255        9.05134        6.42606
C          1.56078        9.34781        8.67241
F         -0.33686        8.04251       10.69765
O          3.35612        7.96384        5.71174
O          2.42172        5.88270        9.58149
O         -0.04524        5.40507        5.80221
O         -0.65947        9.79341        5.75422
O          1.96903       10.24113        9.25336
P         -0.97088        7.75332        9.20638
Si        -3.70416        8.48949        8.00240
Si        -2.48610       10.13690       10.68808
W          0.88104        7.79277        7.61740
