36
CSD_code = TEWMAJ | q = 0 | S = 0 | Stoichiometry = C16H16Cl2SiZr | MND = 12
Zr         0.13069        3.65593        0.07249
Cl        -1.44727        2.19655        0.95891
Cl         1.84673        2.87564        1.44820
C          0.59883        4.22475       -2.24904
C          1.78366        3.56109       -1.82221
C          1.52449        2.20489       -1.56942
C          0.14138        1.97191       -1.81833
C         -0.65636        0.81279       -1.76256
C         -1.99637        0.91714       -2.03841
C         -2.58108        2.15171       -2.37275
C         -1.83461        3.30159       -2.46355
C         -0.44686        3.23893       -2.21345
Si         0.34921        6.09790       -2.17167
C          1.99391        7.02437       -2.42946
C         -1.00679        6.78796       -3.32049
C         -0.15102        6.04013       -0.34485
C          0.77621        5.91712        0.72824
C          0.08515        5.45034        1.86938
C         -1.26147        5.24003        1.50770
C         -1.40389        5.56563        0.14059
H          2.77007        4.01279       -1.79754
H          2.26119        1.44836       -1.33002
H         -0.21165       -0.13943       -1.50485
H         -2.62356        0.03993       -1.99517
H         -3.64228        2.18591       -2.57005
H         -2.29109        4.23172       -2.77816
H          2.78453        6.64359       -1.79094
H          1.87464        8.08028       -2.21262
H          2.32708        6.93646       -3.45780
H         -2.00235        6.65885       -2.90965
H         -0.85738        7.85015       -3.47907
H         -0.97951        6.30430       -4.29113
H          1.80704        6.25589        0.71513
H          0.49639        5.35782        2.86777
H         -2.06270        4.95888        2.18060
H         -2.34645        5.60152       -0.39513
