108
CSD_code = TEWTEW | q = 0 | S = 0 | Stoichiometry = C41H61NOPSi2Y | MND = 9
Y          4.59761        4.75622       12.32576
P          3.76562        3.91943       15.42744
Si         7.90316        6.32083       12.52404
Si         3.87090        6.68312        9.26084
O          4.81314        2.36828       10.72168
N          3.81386        3.05958       14.06833
C          5.18447        3.71349       16.57298
C          4.46970        6.69190       15.50217
H          5.23035        6.61451       16.26116
C          2.82447        6.15133       13.98556
H          1.96168        5.63554       13.57526
C          3.43963        1.70382       13.99657
C          3.04093        7.52399       13.95001
H          2.49302        8.22962       13.34802
C          3.72893        5.61277       14.97214
C          5.84449        1.02821       14.40925
H          5.91603        2.11217       14.54141
C          6.43986        4.02554       16.05948
H          6.51695        4.39087       15.04030
C          4.40305        0.68961       14.11625
C          5.07110        3.28143       17.88758
H          4.09901        3.06006       18.30431
C          2.20436        2.09864       16.85562
H          2.96163        1.37663       16.58083
C          2.33850        3.42552       16.45743
C          1.36637        4.35536       16.80254
H          1.48479        5.38305       16.48716
C          4.05527        7.84649       14.86438
H          4.43816        8.83508       15.04747
C          2.10062        1.36685       13.72103
C          6.99537        4.69289       12.19317
H          7.37895        3.92150       12.87260
H          7.27605        4.34650       11.19048
C          1.75940        0.03231       13.56224
H          0.73731       -0.23473       13.34209
C          3.26023        5.32581       10.41640
H          3.09695        4.41525        9.82788
H          2.26950        5.62658       10.78214
C          6.20460        3.14588       18.67110
H          6.11097        2.80950       19.69353
C          9.35591        6.61014       11.30599
H         10.11637        5.84188       11.40466
H          9.83417        7.56942       11.47667
H          9.00965        6.59678       10.27720
C          2.70747       -0.96665       13.68087
H          2.42289       -2.00144       13.55913
C          7.56942        3.88791       16.84334
H          8.54028        4.13306       16.43930
C          1.10515        1.71059       17.59990
H          1.00197        0.68049       17.90943
C          1.06319        2.44982       13.54024
H          1.42051        3.34651       14.06100
C          4.05990        1.16697       10.60252
H          3.34050        1.12681       11.41770
H          4.73460        0.30229       10.67640
C          4.01981       -0.63304       13.95428
H          4.75803       -1.41634       14.04518
C          0.26925        3.96193       17.54788
H         -0.48503        4.68569       17.81979
C          7.45274        3.44173       18.15039
H          8.33410        3.33167       18.76493
C         -0.29941        2.08542       14.12759
H         -0.93435        2.96866       14.15867
H         -0.19132        1.70659       15.14111
H         -0.80257        1.33335       13.52434
C          5.46743        2.50507        9.46320
H          6.36451        1.86979        9.45383
H          5.75577        3.55000        9.34648
C          6.74631        0.65058       13.23250
H          6.67151       -0.41113       13.00692
H          7.78365        0.87943       13.46923
H          6.45847        1.22071       12.35140
C          0.13849        2.64164       17.94713
H         -0.71870        2.33573       18.52886
C          8.63365        6.42155       14.29173
H          7.85050        6.47072       15.04122
H          9.24600        7.31062       14.40479
H          9.26127        5.56453       14.51501
C          6.31870        0.36449       15.70312
H          5.66665        0.63520       16.53183
H          7.32679        0.69510       15.94564
H          6.32519       -0.71891       15.60968
C          2.90734        6.79544        7.60153
H          2.99380        5.87649        7.02888
H          3.27746        7.60330        6.97771
H          1.85013        6.97335        7.77263
C          0.93257        2.78782       12.05158
H          1.89234        3.13132       11.65971
H          0.19331        3.57337       11.90491
H          0.61717        1.90848       11.49129
C          4.46192        2.03061        8.39869
H          3.99931        2.88019        7.89976
H          4.95321        1.41623        7.64666
C          3.69027        8.38011       10.12350
H          2.67085        8.74466       10.04351
H          4.33780        9.12981        9.67995
H          3.93253        8.31378       11.18025
C          5.70184        6.38138        8.76804
H          6.30846        6.09954        9.62556
H          6.13971        7.27512        8.33444
H          5.78393        5.59488        8.02298
C          3.42739        1.23157        9.20908
H          3.24960        0.23902        8.80236
H          2.47838        1.76434        9.25312
C          6.69926        7.79756       12.33792
H          6.38571        7.92816       11.30647
H          7.16606        8.72654       12.65292
H          5.80632        7.66128       12.95183
