65
CSD_code = TIMPOU | q = 0 | S = 0 | Stoichiometry = C16H42O2PReSi3 | MND = 5
Re         1.35986       -0.68513        6.01941
P          2.25308       -2.73047        7.16363
Si         0.22830        0.74165        8.92527
Si         1.04351        2.11516        4.04035
Si         0.25159       -2.41751        1.79224
O          2.68050        0.33387        6.14566
O         -0.02015       -2.41448        5.01467
C         -0.09746       -0.63483        7.65321
C          2.08303        1.02807        9.30032
C         -0.61141        0.21641       10.56864
C         -0.54184        2.40554        8.38934
C          0.08845        0.77761        5.00527
C         -0.17201        3.10405        2.93826
C          1.87991        3.32056        5.26316
C          2.38624        1.34409        2.91365
C          1.57066       -2.34292        3.20417
C          0.98035       -1.93598        4.49084
C         -0.91364       -0.91567        1.78015
C         -0.75027       -4.02273        2.04468
C          1.24808       -2.48020        0.16677
C          1.23575       -4.25438        7.26117
C          2.78616       -2.53467        8.90597
C          3.79879       -3.38368        6.41057
H         -0.07686       -1.60229        8.17185
H         -1.11339       -0.52262        7.26128
H          2.46151        0.35608       10.06507
H          2.25595        2.04258        9.64665
H          2.67251        0.88344        8.39789
H         -1.68095        0.08537       10.44118
H         -0.46442        0.97393       11.33106
H         -0.21219       -0.71664       10.95567
H         -1.58447        2.29445        8.10633
H         -0.00940        2.82269        7.54172
H         -0.49881        3.12854        9.19886
H         -0.54509        1.27986        5.73925
H         -0.58738        0.25213        4.32642
H          0.34582        3.89678        2.40941
H         -0.95467        3.56399        3.53176
H         -0.65353        2.47654        2.19575
H          1.16495        3.99404        5.72581
H          2.63665        3.92856        4.77712
H          2.36362        2.74930        6.05026
H          1.96338        0.74339        2.11403
H          3.02409        0.70398        3.51713
H          3.01223        2.10543        2.45800
H          2.40260       -1.68883        2.95505
H          1.96009       -3.35620        3.32417
H         -1.59711       -0.94534        2.62351
H         -1.51360       -0.90176        0.87440
H         -0.36765        0.02129        1.83230
H         -0.13556       -4.91004        1.91742
H         -1.57170       -4.09108        1.33783
H         -1.17408       -4.05407        3.04445
H          0.58347       -2.58432       -0.68398
H          1.94003       -3.31631        0.14458
H          1.82545       -1.57282        0.02013
H          0.35638       -4.06252        7.87288
H          1.81550       -5.06687        7.69785
H          0.90103       -4.53552        6.26431
H          1.94253       -2.20993        9.51080
H          3.55492       -1.76573        8.94764
H          3.18095       -3.47322        9.29449
H          3.59629       -3.72636        5.39745
H          4.20192       -4.20723        6.99924
H          4.52757       -2.57624        6.36051
