75
CSD_code = TISVAS | q = 0 | S = 0 | Stoichiometry = C26H45OSi2Ta | MND = 9
Ta         2.95881        8.50411        3.29027
Si         2.80134        4.98842        2.45079
Si         1.60290        9.74856        0.26731
O          1.78709       10.00775        3.68383
C          4.69091        9.27327        5.60968
C          5.58531        8.25916        5.82214
C          6.37316        8.07582        4.62566
C          5.95410        8.96828        3.67860
C          4.82778        9.72729        4.22461
C          3.76060        9.90632        6.60055
C          5.77818        7.43576        7.05174
C          7.44598        7.04661        4.49705
C          6.53445        9.17066        2.30995
C          4.65158       11.18662        3.87869
C          0.65678        9.99175        4.37919
C         -0.19998       11.09475        4.49570
C         -1.38196       10.93300        5.20417
C         -1.71854        9.71940        5.77804
C         -0.86224        8.63525        5.66908
C          0.33446        8.76248        4.98497
C          0.15163       12.39671        3.84096
C          1.36262        7.70078        4.81839
C          3.69760        6.36661        3.40995
C          3.70880        4.65468        0.79464
C          2.80111        3.34200        3.43238
C          0.96804        5.40886        2.06423
C          2.85028        8.52686        1.00992
C          1.56124        9.59083       -1.63932
C          2.14086       11.53468        0.69523
C         -0.14858        9.35830        0.92923
H          3.50543        9.21358        7.40025
H          2.83569       10.23513        6.12679
H          4.23301       10.77959        7.05635
H          5.03580        7.67547        7.80831
H          6.76755        7.61030        7.47599
H          5.70315        6.37459        6.81313
H          7.02410        6.04386        4.58051
H          8.18350        7.16229        5.29103
H          7.95254        7.13056        3.53923
H          6.64085        8.22211        1.78169
H          7.52511        9.62373        2.38025
H          5.90711        9.82821        1.71023
H          3.73891       11.58303        4.32142
H          4.61033       11.34292        2.79992
H          5.49273       11.76394        4.26933
H         -2.05246       11.77499        5.29987
H         -2.64927        9.61954        6.31613
H         -1.11902        7.68912        6.12343
H         -0.44540       13.20763        4.25086
H         -0.03162       12.33564        2.76804
H          1.20676       12.62383        3.98529
H          0.89953        6.73851        4.59481
H          1.92422        7.58799        5.75366
H          4.73759        6.34670        3.06564
H          3.74505        6.04233        4.45337
H          4.70253        4.25488        0.97062
H          3.82186        5.55768        0.20336
H          3.17015        3.93160        0.19027
H          3.81146        2.99583        3.62577
H          2.28531        2.55782        2.88720
H          2.30576        3.45515        4.39165
H          0.31125        5.05796        2.85387
H          0.64709        4.92317        1.14751
H          0.80554        6.47743        1.94990
H          3.85288        8.77369        0.64692
H          2.62472        7.52904        0.63433
H          2.53003        9.80332       -2.07907
H          0.84642       10.28234       -2.07268
H          1.27531        8.59000       -1.94460
H          3.08711       11.78822        0.22502
H          2.25735       11.65144        1.76771
H          1.40908       12.26338        0.35965
H         -0.16389        9.30774        2.01440
H         -0.50684        8.40587        0.55006
H         -0.86434       10.11620        0.62496
