58
CSD_code = TUDFED | q = 0 | S = 0 | Stoichiometry = C20H28NO5PSi2W | MND = 6
W          2.73189        1.96685        0.87023
P          2.31154        2.90228        3.13027
Si         4.07587        5.36311        3.39072
Si         4.67018        2.56159        5.09199
O          5.77673        1.39983        1.37318
O          2.35260       -1.03343        1.69669
O         -0.31271        2.17696        0.13274
O          3.14035        4.74570       -0.52903
O          3.16190        0.77172       -1.98221
N          1.21313        2.13019        4.19147
C          4.67668        1.68044        1.22823
C          2.46201        0.08456        1.48223
C          0.78783        2.13208        0.44378
C          3.00968        3.77906        0.06558
C          3.01357        1.21457       -0.93786
C          0.60113        3.33336        3.61690
H         -0.12923        3.16905        2.81871
C          0.23711        4.42472        4.53531
C         -0.42731        5.54645        4.04356
H         -0.68387        5.59366        2.99465
C         -0.75684        6.59158        4.88514
H         -1.27030        7.45623        4.49103
C         -0.43025        6.53242        6.23062
H         -0.68484        7.35181        6.88605
C          0.20969        5.41205        6.73221
H          0.44955        5.35230        7.78383
C          0.53924        4.36297        5.89303
H          1.00609        3.47217        6.28593
C          0.55271        0.87364        3.93615
H         -0.33116        0.81581        4.57551
H          1.22203        0.05281        4.19104
H          0.23079        0.75559        2.89146
C          3.42551        3.77871        4.26491
H          2.77007        4.13197        5.06521
C          5.40469        5.03293        2.06464
H          5.20563        4.11761        1.51377
H          6.39654        4.95260        2.49514
H          5.42895        5.84587        1.34493
C          4.77650        6.49411        4.75498
H          5.59605        6.02202        5.28576
H          4.01605        6.75177        5.48500
H          5.14987        7.41958        4.33105
C          2.57845        6.21791        2.57473
H          1.99834        5.50460        1.99186
H          2.88410        7.01637        1.90555
H          1.91372        6.64768        3.31837
C          4.56932        2.92058        6.96458
H          3.58040        2.71239        7.36096
H          4.79633        3.96030        7.17812
H          5.27709        2.31110        7.51647
C          4.15823        0.75759        4.76238
H          3.96300        0.59565        3.70364
H          3.25569        0.50357        5.30902
H          4.93374        0.05973        5.06382
C          6.46917        2.80546        4.51580
H          6.81023        3.82156        4.68103
H          6.60149        2.57456        3.46506
H          7.12463        2.14688        5.07706
