107
CSD_code = TUGTEW | q = 0 | S = 0 | Stoichiometry = C37H64NO2ScSi2 | MND = 5
Sc        -2.87378        1.64791        3.76352
Si        -1.63006        4.75541        5.30301
Si        -7.97871       -1.89455        3.89296
O         -4.88680        2.69749        2.97866
O         -2.16237        1.65773        2.01739
C         -3.69919       -0.35143        5.58044
C         -2.41330       -0.78185        6.00801
N         -0.93154        0.11994        4.27193
C          1.42501        1.15494        1.89343
H          2.13824        0.45220        2.30139
C          0.08613        0.95631        2.16710
C          1.85829        2.21788        1.11377
C         -4.61118       -0.00549        6.59771
H         -5.59697        0.34581        6.33064
C         -0.89861        1.84509        1.67827
C          0.09496        0.78599        5.07642
H          0.37973        1.72811        4.60975
H          0.99109        0.15334        5.17143
H         -0.29627        0.98552        6.07320
C          0.88160        3.04410        0.57286
H          1.19246        3.85193       -0.06346
C         -0.47420        2.88458        0.81147
C         -6.10496       -1.73633        4.22820
H         -5.90453       -1.88688        5.29023
H         -5.56168       -2.52437        3.70220
C         -5.64621        3.76437        3.54151
H         -5.03789        4.24971        4.30412
H         -6.55768        3.35431        4.00006
C         -5.52061       -0.37703        3.80607
H         -5.63831       -0.28581        2.72181
H         -6.10438        0.42165        4.27211
C          4.04417        2.59837        2.23522
H          3.61959        3.44796        2.76581
H          5.10876        2.77441        2.09328
H          3.92560        1.71566        2.85736
C         -3.03216       -0.52861        8.32933
H         -2.77742       -0.60491        9.37536
C         -1.50253        3.79539        0.14872
C         -2.57075        3.13025        5.42308
H         -3.55507        3.35246        5.86836
H         -2.06722        2.53414        6.20338
C          3.34708        2.42238        0.87833
C         -0.35316       -0.24127        2.96488
H         -1.12603       -0.77335        2.39455
H          0.50518       -0.91945        3.10755
C         -4.28482       -0.08781        7.93427
H         -5.01754        0.18774        8.68006
C         -2.10595       -0.86155        7.35461
H         -1.12179       -1.20067        7.65201
C         -4.03297       -0.25710        4.15467
H         -3.50860       -1.04114        3.57876
C         -2.47461        2.92041       -0.65495
H         -1.93879        2.40230       -1.44809
H         -3.25673        3.52799       -1.10828
H         -2.92997        2.17617       -0.00849
C         -5.92234        3.76120        1.14280
H         -6.86426        3.70372        0.60142
H         -5.14864        4.09523        0.45561
C         -1.35797       -1.10486        4.98475
H         -1.75112       -1.82051        4.25468
H         -0.49006       -1.57850        5.46894
C          3.64964        3.65859        0.02731
H          3.21293        3.56819       -0.96455
H          4.72674        3.76423       -0.08918
H          3.27229        4.56053        0.50337
C         -5.54678        2.40373        1.75012
H         -6.45416        1.81867        1.95731
H         -4.86411        1.81856        1.13356
C         -2.25231        4.58633        1.22905
H         -2.71939        3.91198        1.95265
H         -3.01835        5.21212        0.77150
H         -1.55628        5.23101        1.76072
C         -0.05381        4.54385        4.22326
H          0.77466        4.16961        4.81829
H          0.26785        5.48632        3.78989
H         -0.21867        3.84282        3.40607
C         -0.88514        4.80983       -0.82088
H         -0.22323        5.50037       -0.30377
H         -1.68171        5.39289       -1.28069
H         -0.33416        4.31233       -1.61557
C         -6.00441        4.68714        2.36802
H         -6.99418        5.12015        2.49512
H         -5.28277        5.49827        2.29048
C         -2.73572        6.13343        4.54409
H         -3.16037        5.83441        3.59157
H         -2.16883        7.04449        4.37877
H         -3.55661        6.38154        5.21102
C         -8.58744       -3.61698        4.44021
H         -8.08107       -4.40793        3.89596
H         -9.65286       -3.73092        4.26681
H         -8.40801       -3.78138        5.49798
C          3.91909        1.19421        0.15643
H          3.78445        0.29180        0.74632
H          4.98362        1.32625       -0.02754
H          3.41734        1.05354       -0.79868
C         -8.33438       -1.66494        2.02778
H         -8.05411       -0.67327        1.68442
H         -9.38931       -1.79898        1.80803
H         -7.78330       -2.38463        1.42979
C         -8.92684       -0.55082        4.86752
H         -8.66993       -0.57582        5.92238
H        -10.00084       -0.69102        4.79001
H         -8.70282        0.44613        4.49901
C         -1.01764        5.47536        6.97619
H         -1.84947        5.69750        7.63804
H         -0.45172        6.39279        6.84253
H         -0.37449        4.76771        7.49164
