58
CSD_code = TUGVAS | q = 0 | S = 0 | Stoichiometry = C19H30CrO5SSi2 | MND = 9
Cr         3.36807        2.40948        8.51011
C          5.04596        3.94746        8.50614
C          5.48182        2.88284        7.71767
C          4.62080        2.52783        6.64587
C          3.43573        3.21550        6.38451
C          2.97889        4.24375        7.24060
C          3.81239        4.59483        8.30445
S          6.08370        4.74777        9.72636
O          7.23160        3.91313        9.98177
O          5.25658        5.10887       10.84797
C          6.71408        6.31618        8.94583
C          7.31777        5.93492        7.60936
C          7.75906        6.80265        9.93478
C          5.57147        7.30547        8.81534
Si         6.96309        1.75300        8.16937
C          8.67920        2.49989        7.78328
C          6.81018        0.27610        6.95406
C          6.71581        1.00479        9.90015
Si         1.34183        5.17147        6.97414
C          1.79536        6.87110        6.21928
C          0.51942        5.36749        8.67775
C          0.24264        4.17296        5.78300
C          3.44992        0.60334        8.69550
O          3.40602       -0.54337        8.84645
C          3.18064        2.33175       10.32407
O          3.00638        2.19954       11.45410
C          1.62262        1.91710        8.54281
O          0.52768        1.54268        8.60138
H          4.94038        1.75691        5.95683
H          2.86184        2.97051        5.49842
H          3.54439        5.39573        8.98045
H          8.07170        5.16669        7.75409
H          7.78541        6.80067        7.14220
H          6.55603        5.55183        6.93115
H          7.28740        6.99966       10.89504
H          8.23772        7.71400        9.57963
H          8.51605        6.03569       10.07962
H          5.00664        7.33316        9.74496
H          4.90569        7.03630        7.99739
H          5.96100        8.30378        8.61905
H          8.71044        3.01276        6.82539
H          9.41047        1.69867        7.74495
H          8.98536        3.18720        8.56172
H          5.85180       -0.22586        7.03932
H          7.57393       -0.45738        7.18869
H          6.95645        0.55835        5.91583
H          5.70321        0.62719       10.02317
H          6.89547        1.74119       10.67341
H          7.40209        0.17852       10.05915
H          2.35230        6.77098        5.29179
H          2.39437        7.46717        6.90189
H          0.89654        7.43759        5.99902
H          0.44297        4.40803        9.18204
H         -0.48246        5.77409        8.58442
H          1.07976        6.03393        9.32644
H          0.66721        4.10489        4.78561
H         -0.73226        4.63952        5.68546
H          0.08587        3.16371        6.15199
