74
CSD_code = UKOQIV | q = 0 | S = 0 | Stoichiometry = C27H41N2OScSi2 | MND = 5
Sc        -2.86919        6.34797        2.44744
Si        -1.73957        9.77457        2.43028
Si        -4.53580        3.19101        2.02406
N         -5.00603        7.10196        2.92515
N         -3.05277        6.24542        4.59725
O         -0.60180        5.35277        2.51319
C         -5.94192        7.52444        2.09557
H         -5.66689        7.57739        1.04817
C         -7.22718        7.89296        2.50650
H         -7.94909        8.22500        1.77631
C         -7.53762        7.82576        3.83778
H         -8.51663        8.10665        4.19980
C         -6.56630        7.38916        4.76257
C         -6.80883        7.31852        6.14154
H         -7.77995        7.59409        6.52299
C         -5.79803        6.91902        6.98497
H         -5.97149        6.89033        8.05158
C         -4.55088        6.55244        6.50349
H         -3.77869        6.27193        7.20448
C         -4.25538        6.55703        5.13435
C         -5.29093        7.02008        4.24378
C         -2.06131        5.70053        5.41115
C         -2.25219        4.54017        6.17288
H         -3.22370        4.06571        6.17690
C         -1.20800        3.99460        6.89325
H         -1.37039        3.09215        7.46537
C          0.04151        4.59509        6.89072
H          0.85194        4.16747        7.46195
C          0.23797        5.75431        6.15628
H          1.20352        6.24207        6.17006
C         -0.79638        6.29988        5.42218
H         -0.65715        7.20986        4.84888
C         -2.11171        8.23023        1.40965
H         -1.25459        8.03411        0.74637
H         -2.93798        8.50038        0.72625
C         -2.91820        9.83814        3.94353
H         -3.95641        9.87676        3.62199
H         -2.73850       10.70925        4.56665
H         -2.80292        8.95433        4.56966
C         -1.95694       11.43309        1.48385
H         -1.27746       11.49857        0.63917
H         -1.76846       12.29169        2.12164
H         -2.96708       11.53079        1.09678
C          0.07083        9.79644        3.08210
H          0.25335        9.01474        3.81398
H          0.29339       10.74312        3.56459
H          0.78596        9.66969        2.27429
C         -3.58609        4.58966        1.18475
H         -4.24988        5.01263        0.40914
H         -2.74559        4.14540        0.62521
C         -6.08040        3.86202        2.94242
H         -5.79480        4.40653        3.83883
H         -6.74504        3.05848        3.24520
H         -6.65292        4.54042        2.31594
C         -5.15779        1.80800        0.84067
H         -5.86783        2.19902        0.11794
H         -5.65133        1.00603        1.38170
H         -4.33692        1.36680        0.28274
C         -3.43757        2.31906        3.33817
H         -2.67515        1.69419        2.88215
H         -4.03282        1.67973        3.98290
H         -2.93744        3.05149        3.96810
C         -0.28385        3.99139        2.85946
H         -0.90134        3.32342        2.25345
H         -0.52727        3.84524        3.91734
C          1.21290        3.80128        2.61521
H          1.65184        3.09991        3.31997
H          1.39575        3.44500        1.60089
C          1.74040        5.22323        2.77845
H          2.69512        5.38756        2.28536
H          1.82998        5.47097        3.83558
C          0.61125        6.02462        2.14421
H          0.54901        7.05604        2.49363
H          0.70433        6.01892        1.04922
