61
CSD_code = VEKTIO | q = 0 | S = 0 | Stoichiometry = C20H35FeO2PSi2 | MND = 9
Fe        -1.41975       11.44663        6.77132
P          0.52352       11.67199        5.58375
Si         2.49756        9.97110        6.88291
Si         2.97497       13.22747        6.68567
O         -2.81352       13.27290        5.05744
O         -1.99736        9.92147        4.39297
C         -0.49400       13.09122        5.90019
C          1.77773       11.75165        6.93925
C         -1.80507       12.90340        5.55640
C         -1.72326       10.51942        5.33685
C         -2.24796       10.02372        8.16967
C         -3.21615       10.99762        7.73657
C         -2.77963       12.26517        8.17153
C         -1.51520       12.08848        8.82118
C         -1.23935       10.69714        8.89978
C         -2.43062        8.54412        8.04254
C         -4.50507       10.71493        7.03652
C         -3.54940       13.53894        8.06853
C         -0.78200       13.16632        9.55479
C          1.04075        8.76339        6.63474
C          3.63575        9.81570        5.36196
C          3.46048        9.52843        8.47096
C          4.66917       12.90882        7.50380
C          2.27916       14.80450        7.52193
C          3.19675       13.55573        4.82391
C         -0.14682       10.07594        9.70586
H         -0.16791       13.94493        6.47285
H          1.23334       11.89453        7.87165
H         -3.22231        8.20769        8.71373
H         -2.71284        8.27799        7.02646
H         -1.51922        8.00998        8.29465
H         -5.33310       10.68801        7.74622
H         -4.70724       11.49162        6.30291
H         -4.46126        9.76044        6.52012
H         -4.28643       13.59667        8.87119
H         -2.89402       14.40313        8.14591
H         -4.07815       13.59346        7.11988
H         -1.25135       13.34956       10.52306
H          0.25493       12.88920        9.73234
H         -0.79798       14.09986        8.99541
H          0.95065        8.49027        5.58830
H          1.15646        7.84521        7.20134
H          0.10060        9.23311        6.91530
H          3.11533       10.14173        4.46661
H          4.53696       10.41079        5.45839
H          3.93877        8.78470        5.21067
H          3.91129        8.54715        8.36560
H          4.25915       10.23420        8.66666
H          2.82313        9.49939        9.34776
H          4.57614       12.77959        8.57709
H          5.15520       12.02631        7.10473
H          5.33123       13.75191        7.33511
H          1.83172       14.59150        8.48787
H          3.07578       15.52320        7.68822
H          1.53154       15.29702        6.90815
H          3.77096       14.45916        4.64286
H          3.71077       12.73477        4.33595
H          2.23154       13.67160        4.33782
H         -0.46250        9.98641       10.74741
H          0.10263        9.08492        9.33973
H          0.75460       10.68378        9.68232
