42
CSD_code = VEWJAJ | q = 0 | S = 0 | Stoichiometry = C18H16ClN2O3ReSi | MND = 6
Re        21.50708        4.52146       -3.02902
O         24.02397        4.65467       -4.81851
Si        14.51911        0.76128       -0.84075
Cl        20.25803        5.33475       -4.88719
C         22.50096        7.44682       -2.77728
H         23.45781        7.00055       -3.01635
N         21.49757        6.60439       -2.55361
C         17.39746        4.13549       -1.50237
C         17.92727        6.45908       -1.64646
H         17.63202        7.49340       -1.58311
N         19.61714        4.82649       -2.07735
C         16.49597        3.07366       -1.27926
C         21.15571        2.69217       -3.60761
C         22.42719        3.99471       -1.40250
C         22.36396        8.82142       -2.71986
H         23.21002        9.45765       -2.92241
C         16.99535        5.47168       -1.41519
H         15.97222        5.71573       -1.17302
C         23.12538        4.55669       -4.11683
C         15.71141        2.17161       -1.09634
C         20.28874        7.10597       -2.23812
C         18.72776        3.87589       -1.83519
H         19.07005        2.85138       -1.90998
C         19.23909        6.11622       -1.98024
C         13.19777        0.87994       -2.20761
H         12.65619        1.81982       -2.15476
H         12.47123        0.07671       -2.12416
H         13.64712        0.81562       -3.19405
C         15.50699       -0.86112       -0.96105
H         14.86257       -1.72664       -0.83543
H         16.27790       -0.91175       -0.19773
H         15.99593       -0.95274       -1.92634
C         13.74324        0.97770        0.88640
H         13.21602        1.92363        0.96835
H         14.50052        0.95559        1.66447
H         13.03100        0.18556        1.09881
C         21.12017        9.35082       -2.40990
H         20.96655       10.41819       -2.36595
C         20.07645        8.48249       -2.15734
H         19.10295        8.87331       -1.91185
O         22.95558        3.70709       -0.42293
O         20.85625        1.65932       -3.99834
