71
CSD_code = VIKXUJ | q = 0 | S = 0 | Stoichiometry = C25H41NSi3Zr | MND = 13
C          4.04274        4.40760        4.41017
C          4.43396        4.49341        5.64074
C          7.37731        4.48317        6.26436
C          2.78354        3.77215        1.66597
H          3.72019        4.13626        1.24899
H          1.99032        4.04784        0.97712
H          2.82866        2.68690        1.68724
C          1.00798        3.52215        4.19517
H          0.70917        3.96236        5.14058
H          1.28804        2.49121        4.38865
H          0.13955        3.51116        3.54306
C          1.95341        6.33176        3.22963
H          2.72438        6.90592        2.72502
H          1.78800        6.78806        4.20069
H          1.03769        6.43379        2.65518
C          2.16148        4.82845        7.93215
H          1.65095        3.89902        7.69962
H          1.65135        5.62467        7.39884
H          2.04014        5.01366        8.99590
C          4.81967        3.27911        8.37222
H          4.17465        2.40603        8.36875
H          5.02592        3.52518        9.40983
H          5.75668        2.99635        7.89416
C          4.84900        6.39920        7.90785
H          5.82066        6.48380        7.42242
H          4.99538        6.49376        8.97978
H          4.24821        7.24447        7.58614
C          9.03304        4.47395        8.21003
C          8.32260        5.39420        9.20986
H          7.30210        5.05411        9.37000
H          8.29058        6.41315        8.82958
H          8.85285        5.39129       10.15903
C          9.06762        3.03267        8.73109
H          8.05825        2.68103        8.93448
H          9.64728        2.98470        9.64934
H          9.52279        2.37339        7.99448
C         10.45176        4.97672        7.92031
H         10.41864        5.98268        7.50699
H         10.94525        4.32425        7.20280
H         11.03685        4.99451        8.83608
C          7.32185        2.74063        2.85666
C          7.95052        2.50039        4.10759
H          9.00642        2.64418        4.31554
C          7.02104        1.88302        4.96740
H          7.23556        1.46213        5.94263
C          5.80074        1.76190        4.27493
H          4.91574        1.25487        4.63994
C          5.97173        2.30667        2.98934
H          5.25130        2.25195        2.18230
C          7.38641        5.54753        2.56494
C          8.03624        6.00328        3.74312
H          9.08483        5.85142        3.98033
C          7.14620        6.82899        4.45708
H          7.39057        7.42608        5.32777
C          5.92844        6.87009        3.75193
H          5.07458        7.48568        4.00585
C          6.06065        6.06715        2.60383
H          5.33563        5.99346        1.80062
C          7.01111        3.86122       -0.07710
H          5.93276        3.87152        0.04353
H          7.27899        2.93559       -0.57460
H          7.27914        4.67984       -0.73609
C          9.80962        3.94892        1.31408
H         10.12588        4.74465        0.64840
H         10.09922        3.00567        0.86400
H         10.36109        4.05590        2.24200
N          8.31614        4.47480        6.98840
Si         2.46391        4.49342        3.41650
Si         4.00908        4.74111        7.42591
Si         7.92067        4.01518        1.59599
Zr         6.27059        4.34145        4.35628
