49
CSD_code = VORCAJ | q = 0 | S = 0 | Stoichiometry = C15H24ClO5PSi2W | MND = 6
C          1.37772        9.17379        3.56833
H          0.38406        8.83716        3.86139
H          1.70179        9.99399        4.21373
C          1.39609        9.56498        2.12913
H          2.26318       10.12390        1.80108
C          0.45091        9.23697        1.26581
H         -0.43078        8.69430        1.56618
H          0.50904        9.51453        0.22757
C          2.63578        7.51830        5.60969
H          3.10752        6.53053        5.68606
C         -0.38611        6.54561        5.06676
H         -0.68905        5.54148        5.34808
H          0.03209        6.48368        4.06509
H         -1.28869        7.14823        5.01479
C          0.14657        8.90098        6.98845
H          0.80076        9.36626        7.71677
H         -0.80161        8.70992        7.48099
H         -0.03873        9.62524        6.20168
C          1.00470        5.98383        7.74210
H          1.64979        6.32363        8.54347
H          1.39620        5.03738        7.38123
H          0.02685        5.78846        8.17050
C          3.51546       10.53768        6.25149
H          2.48488       10.81133        6.45455
H          3.75137       10.82879        5.23323
H          4.14164       11.13234        6.90958
C          3.65640        8.35808        8.43557
H          4.35326        8.98334        8.98386
H          3.88531        7.32694        8.68291
H          2.66231        8.57644        8.80695
C          5.65437        8.22300        6.14143
H          6.12575        8.96764        5.50831
H          5.71711        7.27187        5.62044
H          6.25114        8.13813        7.04477
C          2.69191        4.19974        1.16014
C          3.09269        6.98469        0.83466
C          0.65599        5.94828        1.71678
C          2.02474        4.61849        3.86994
C          4.43765        5.56092        2.93992
O          2.78341        3.28511        0.48119
O          3.40550        7.65731       -0.03197
O         -0.40798        5.95760        1.29900
O          1.77276        3.95253        4.76556
O          5.50625        5.40796        3.31518
Si         0.86017        7.25559        6.33089
Si         3.84862        8.68582        6.56673
P          2.55527        7.75934        3.80001
Cl         4.23517        8.70952        3.32989
W          2.54619        5.78880        2.34263
