88
CSD_code = WAWMOZ | q = 0 | S = 0 | Stoichiometry = C40H42Cl2O2SiTi | MND = 12
Ti         2.79828        4.25575        3.55990
Cl         4.59632        3.55866        2.47695
Cl         2.19603        2.27643        4.31663
Si         1.28041        7.17055        3.87534
O          2.88045        8.01613        1.10384
O          0.08396        5.63110        6.54298
C          1.37817        3.65522        1.75049
C          0.79903        4.54503        2.68597
C          1.37200        5.84668        2.50709
C          2.23860        5.75490        1.36314
C          2.21636        4.40671        0.87639
C          2.97419        4.02074       -0.24516
C          3.72423        4.99623       -0.87047
C          3.71281        6.32849       -0.44660
C          2.97400        6.72567        0.65055
C         -0.36110        4.16637        3.56060
C          3.56347        9.02395        0.40101
C          2.95754        2.63407       -0.73737
C          1.75142        1.99605       -1.00917
C          1.72816        0.69404       -1.48439
C          2.93161        0.02966       -1.68138
C          4.14641        0.64556       -1.41664
C          4.14928        1.95227       -0.94929
C          0.42413        0.02606       -1.80592
C          5.43955       -0.08810       -1.61098
C          1.90482        8.96834        3.69176
C         -0.52540        7.50270        4.40594
C          4.46540        4.89129        5.15823
C          3.88922        5.97957        4.47306
C          2.52006        6.12038        4.87476
C          2.29417        5.11449        5.87902
C          3.50307        4.36077        6.05971
C          3.59368        3.32974        7.01985
C          2.49346        3.12000        7.82404
C          1.31831        3.86963        7.69073
C          1.19669        4.85310        6.73116
C          4.70295        6.88186        3.59292
C         -1.01594        5.44432        7.39928
C          4.80710        2.50811        7.12749
C          5.36403        2.21017        8.36752
C          6.50939        1.43565        8.46374
C          7.09453        0.95273        7.30010
C          6.54973        1.22593        6.05238
C          5.40570        2.00477        5.97573
C          7.11692        1.11533        9.79747
C          7.17883        0.67881        4.80679
H          1.07195        2.62756        1.59304
H          4.31227        4.73506       -1.73789
H          4.28914        7.04533       -1.00954
H         -1.28785        4.53194        3.11154
H         -0.27512        4.58670        4.55981
H         -0.42656        3.08004        3.64116
H          4.64549        8.85485        0.40354
H          3.34382        9.95164        0.92759
H          3.21121        9.10210       -0.63219
H          0.82376        2.53385       -0.87095
H          2.92034       -0.98773       -2.04809
H          5.08539        2.44102       -0.72110
H          0.11441        0.28210       -2.81995
H         -0.35773        0.35382       -1.12419
H          0.51593       -1.05579       -1.74382
H          5.29277       -0.98842       -2.20299
H          5.85162       -0.37621       -0.64383
H          6.17103        0.54602       -2.10841
H          2.97990        9.07647        3.64850
H          1.55001        9.54530        4.54074
H          1.48813        9.41457        2.79659
H         -0.96491        8.21285        3.71140
H         -0.53919        7.95683        5.39007
H         -1.16269        6.63061        4.43548
H          5.51453        4.62569        5.13019
H          2.52367        2.34170        8.57183
H          0.50100        3.65244        8.35991
H          5.46828        6.30003        3.07363
H          5.20692        7.63290        4.20689
H          4.08963        7.39496        2.86049
H         -1.76367        6.16934        7.08112
H         -0.74857        5.63481        8.44316
H         -1.42901        4.43411        7.30883
H          4.90660        2.60746        9.26266
H          7.99030        0.35058        7.36919
H          4.95783        2.19943        5.00823
H          7.05661        0.04475        9.99214
H          6.60122        1.64104       10.59720
H          8.16872        1.39738        9.81545
H          6.79615        1.19159        3.92758
H          6.95213       -0.38308        4.70915
H          8.26151        0.78783        4.84026
