118
CSD_code = WIMBOL | q = 0 | S = 0 | Stoichiometry = C46H66N3Si2Y | MND = 5
Y          3.07780        8.08427        9.88051
N          4.44972       10.10356        9.97166
N          4.25044        9.27856        7.89896
N          2.39191        9.85994       11.83580
Si         0.42969        6.46929        8.01442
Si         5.74714        6.46486       11.64325
C          4.67872       10.25487        8.65628
C          5.24669       11.51690        8.12070
C          4.77179       12.72674        8.62307
H          4.01875       12.72003        9.39799
C          5.24935       13.92448        8.12701
H          4.87234       14.85712        8.52042
C          6.20671       13.92933        7.12556
H          6.57894       14.86566        6.73697
C          6.68449       12.73043        6.62446
H          7.43224       12.72943        5.84519
C          6.20798       11.52812        7.11559
H          6.59371       10.59851        6.72754
C          4.32743        9.28382        6.49569
C          5.28600        8.45721        5.88139
C          5.31371        8.36490        4.50062
H          6.03883        7.72699        4.01989
C          4.42541        9.08453        3.72239
H          4.46309        9.00818        2.64574
C          3.48840        9.89515        4.32932
H          2.79418       10.45074        3.71694
C          3.41789       10.00582        5.71105
C          6.24791        7.66326        6.73761
H          6.36143        8.18628        7.69343
C          7.63694        7.51898        6.11499
H          7.62316        6.83583        5.26925
H          8.32942        7.12053        6.85401
H          8.01440        8.48196        5.77586
C          5.64462        6.28557        7.02704
H          4.69835        6.39906        7.56017
H          6.32231        5.69514        7.64067
H          5.46045        5.75226        6.09613
C          2.34349       10.86492        6.33523
H          2.44678       10.81300        7.42390
C          2.48725       12.32752        5.90849
H          3.48163       12.70102        6.14169
H          1.75516       12.94267        6.42800
H          2.32428       12.43544        4.83893
C          0.95401       10.33602        5.96802
H          0.77813       10.42275        4.89848
H          0.18720       10.90704        6.48777
H          0.85926        9.28951        6.24823
C          5.13516       10.75428       10.94591
C          6.47709       11.15772       10.78865
H          6.97233       10.95215        9.85102
C          7.17037       11.76780       11.80313
H          8.20071       12.05422       11.64948
C          6.55759       12.01570       13.03033
H          7.10458       12.50061       13.82406
C          5.25477       11.62567       13.21789
H          4.77450       11.80059       14.17111
C          4.52104       10.98059       12.21026
C          3.16300       10.62993       12.51528
H          2.77884       11.08625       13.43850
C          1.03382        9.78220       12.22037
C          0.17382       10.84806       11.90091
C         -1.17571       10.71643       12.18885
H         -1.85948       11.50845       11.93015
C         -1.66610        9.58701       12.81785
H         -2.71926        9.50962       13.04299
C         -0.80514        8.56725       13.16970
H         -1.19230        7.70227       13.68514
C          0.54883        8.64251       12.87298
C          0.71114       12.08208       11.20564
H          1.71148       12.29410       11.60048
C         -0.13967       13.33145       11.42993
H         -1.08218       13.26922       10.89159
H          0.39482       14.20595       11.06407
H         -0.34669       13.47453       12.48819
C          0.85138       11.79237        9.70892
H          1.54724       10.96521        9.55570
H          1.22633       12.66950        9.18442
H         -0.11362       11.51862        9.28674
C          1.48723        7.54146       13.31518
H          2.45637        7.68026       12.81481
C          0.96654        6.15233       12.94088
H          0.05769        5.90926       13.48555
H          1.71424        5.40136       13.18810
H          0.76023        6.10122       11.87243
C          1.71488        7.64330       14.82693
H          2.14784        8.60777       15.08404
H          2.39424        6.86166       15.15971
H          0.77478        7.53604       15.36383
C          0.81798        7.91367        9.16017
H          0.14540        7.87906       10.02646
H          0.57625        8.84632        8.63676
C         -1.29117        6.55114        7.16970
H         -2.08683        6.60415        7.90625
H         -1.47660        5.67979        6.54890
H         -1.37520        7.42885        6.53573
C          1.75378        6.38200        6.62475
H          2.35455        7.28926        6.58276
H          1.30075        6.25002        5.64681
H          2.42969        5.54596        6.78020
C          0.49880        4.83327        9.01033
H          1.44445        4.73325        9.53783
H          0.39142        3.97133        8.35955
H         -0.29887        4.78551        9.74496
C          4.15117        6.10650       10.70635
H          3.47415        5.54636       11.36210
H          4.37710        5.42970        9.87293
C          6.67009        4.90901       12.28297
H          6.05446        4.34697       12.97814
H          7.59027        5.16889       12.79717
H          6.92849        4.24230       11.46629
C          6.97529        7.42400       10.53100
H          7.40164        6.78526        9.76429
H          7.79768        7.83150       11.11105
H          6.48007        8.25645       10.03748
C          5.39035        7.55868       13.17599
H          4.88739        8.48035       12.89434
H          6.31134        7.83522       13.68016
H          4.76806        7.04249       13.90006
