92
CSD_code = WISKOB | q = 0 | S = 0 | Stoichiometry = C29H55FeN3P2Si2 | MND = 5
Fe         2.39126       12.35300        4.45515
P          1.94617       10.57267        3.39692
Si         1.28028       15.14422        0.57780
N          2.46520       11.25252        6.01647
C          2.18533        9.93037        5.93913
P          2.92964       13.96040        5.73080
Si         7.18343       11.80562        3.37891
N          1.86215        9.43738        4.69017
C          2.19597        9.11395        7.06700
H          1.94892        8.06939        7.00097
N          3.11608       13.12322        7.22794
C          2.53481        9.66404        8.28988
H          2.55235        9.04749        9.17518
C          2.85360       11.00636        8.37086
H          3.12882       11.43664        9.31726
C          2.81751       11.78005        7.21260
C          0.18382       10.65494        2.74895
H          0.28068       11.22258        1.81529
C         -0.55274       11.52987        3.76200
H         -1.57946       11.72108        3.45290
H         -0.03114       12.49065        3.83998
H         -0.57282       11.04868        4.74180
C         -0.58243        9.36571        2.47629
H         -1.54135        9.60662        2.01745
H         -0.78173        8.82722        3.39972
H         -0.04693        8.71096        1.79231
C          2.84114        9.69379        2.02538
H          2.17555        8.95842        1.55319
C          4.10655        9.01227        2.53407
H          4.70567        8.67251        1.69095
H          3.88549        8.15139        3.15963
H          4.69153        9.72751        3.10845
C          3.19515       10.78042        1.01266
H          3.71879       10.35088        0.16044
H          3.83426       11.51884        1.49210
H          2.30605       11.29353        0.65277
C          1.56521       15.16098        6.21524
H          1.85011       15.71769        7.11737
C          0.32767       14.31762        6.50738
H         -0.51413       14.94610        6.79580
H          0.51183       13.60496        7.31113
H          0.04802       13.76258        5.61096
C          1.28515       16.13713        5.07863
H          1.17795       15.59591        4.13836
H          2.09158       16.85874        4.97351
H          0.36475       16.68749        5.27292
C          4.41543       15.08460        5.65104
H          4.20232       15.99986        6.22258
C          5.67503       14.41026        6.18720
H          5.77565       13.42636        5.73485
H          5.66183       14.30581        7.26850
H          6.54758       15.00376        5.91848
C          4.60860       15.43559        4.17660
H          4.86179       14.53127        3.62937
H          5.41042       16.16269        4.06005
H          3.70072       15.83870        3.73697
C          1.60826        8.02138        4.52842
H          1.47305        7.81154        3.47102
H          0.70234        7.71767        5.06318
H          2.44428        7.42122        4.89936
C          3.38530       13.78635        8.48522
H          3.58433       14.83718        8.28680
H          4.25918       13.35597        8.98152
H          2.52982       13.71828        9.16612
C          2.19881       13.41646        2.92836
C          1.83377       14.10763        1.99141
C          2.64234       16.37790        0.06216
H          3.55573       15.85342       -0.20013
H          2.88014       17.05814        0.87447
H          2.34509       16.97660       -0.79471
C         -0.28342       16.13178        1.07388
H         -0.66958       16.71849        0.24482
H         -0.07019       16.81675        1.88952
H         -1.07784       15.46853        1.40410
C          0.84160       14.03892       -0.92063
H          0.51850       14.62557       -1.77636
H          0.04078       13.34603       -0.67736
H          1.70093       13.45115       -1.22964
C          4.21783       12.10086        4.07343
C          5.39520       11.94417        3.80107
C          7.86343       13.50500        2.82992
H          8.89809       13.43869        2.50407
H          7.81850       14.22696        3.63913
H          7.28188       13.90437        2.00482
C          7.46396       10.55743        1.95775
H          6.82024       10.78171        1.11284
H          7.25038        9.54090        2.27421
H          8.49137       10.58191        1.60426
C          8.17024       11.21161        4.90702
H          7.78725       10.26373        5.27375
H          8.10199       11.92713        5.72123
H          9.22337       11.07393        4.67755
