102
CSD_code = WIXLUL | q = 0 | S = 0 | Stoichiometry = C39H56N2OPSi2Y | MND = 5
Y         13.74771       11.05480       15.11086
N         16.08275       10.46403       15.74231
N         15.60803       12.08696       13.89639
O         13.49951        9.04191       16.89266
P         16.83125       11.46072       14.73575
Si        11.27172       12.85448       17.06466
Si        12.55609        9.18974       12.22557
C         14.48166       13.73395       12.59613
H         13.54155       13.30269       12.94146
C         14.48773       14.80961       11.73227
H         13.55008       15.22673       11.39303
C         15.68536       15.35821       11.30047
H         15.68726       16.20066       10.62543
C         16.87946       14.81446       11.74426
H         17.81993       15.23351       11.41486
C         16.88261       13.73603       12.60524
H         17.81733       13.30838       12.94577
C         15.68342       13.17354       13.05048
C         17.77022       12.80422       15.56916
C         16.97960       13.69477       16.28651
H         15.90668       13.53660       16.30351
C         17.55451       14.75792       16.95526
H         16.93636       15.44853       17.51028
C         18.92835       14.93749       16.90763
H         19.38354       15.76686       17.42885
C         19.71805       14.05849       16.18523
H         20.78792       14.20462       16.14207
C         19.14333       12.99368       15.51247
H         19.76209       12.31752       14.93870
C         18.08321       10.54674       13.76313
C         17.97138       10.44031       12.38272
H         17.18975       10.98317       11.87007
C         18.86080        9.64926       11.67714
H         18.77693        9.57192       10.60286
C         19.85484        8.95486       12.34772
H         20.54611        8.33484       11.79578
C         19.96208        9.05090       13.72646
H         20.73344        8.50413       14.24935
C         19.07832        9.84364       14.43525
H         19.14703        9.91483       15.51247
C         16.67541        9.42025       16.46076
C         16.66085        8.11872       15.93182
C         17.17251        7.07002       16.67677
H         17.16181        6.07260       16.25733
C         17.70074        7.26528       17.94595
C         17.68762        8.54880       18.46837
H         18.07945        8.72268       19.46177
C         17.18029        9.62363       17.75315
C         16.07714        7.86881       14.57404
H         15.88901        6.80716       14.42494
H         16.76068        8.20447       13.79302
H         15.13963        8.42462       14.45733
C         18.26567        6.11214       18.72109
H         19.20040        5.77669       18.27128
H         17.57529        5.26980       18.71741
H         18.46503        6.39697       19.75132
C         17.16611       10.99249       18.36350
H         17.19230       10.93061       19.44962
H         16.27142       11.53353       18.05483
H         18.03263       11.56840       18.03505
C         13.70956        9.18721       18.29849
H         14.76057        8.96987       18.52880
H         13.48532       10.22398       18.55541
C         12.77992        8.17523       18.99495
H         11.97482        8.67541       19.52846
H         13.33975        7.57128       19.70678
C         12.23672        7.32159       17.84068
H         12.23422        6.25846       18.06734
H         11.22386        7.62908       17.58261
C         13.19048        7.66591       16.69688
H         12.74802        7.55504       15.70597
H         14.11078        7.06913       16.76725
C         13.10832       12.72800       16.67367
H         13.67308       12.55450       17.60067
H         13.44458       13.70131       16.28768
C         10.59243       11.12490       17.54744
H         11.00400       10.35287       16.89950
H          9.51071       11.08809       17.46449
H         10.84531       10.87500       18.57342
C         10.80992       14.04187       18.50132
H         11.29845       13.75188       19.42682
H          9.74005       14.05210       18.68562
H         11.11306       15.06015       18.27878
C         10.35251       13.47154       15.50299
H         10.64019       14.48957       15.25974
H          9.27610       13.46136       15.64091
H         10.58299       12.84914       14.64202
C         12.01628       10.15415       13.75527
H         11.34295        9.52743       14.35415
H         11.39363       10.99071       13.40980
C         12.73735        7.31793       12.60999
H         13.46443        7.12512       13.39194
H         13.05646        6.77154       11.72825
H         11.78930        6.89494       12.92776
C         11.32608        9.30645       10.75861
H         10.35236        8.91022       11.02920
H         11.67649        8.75242        9.89313
H         11.18442       10.33781       10.45076
C         14.23628        9.85539       11.58718
H         14.14953       10.89796       11.28938
H         14.58763        9.29912       10.72262
H         15.00958        9.79478       12.35190
