37
CSD_code = WOHNAJ | q = 0 | S = 0 | Stoichiometry = C15H18Cl2SiZr | MND = 12
Zr         2.34630        3.82027       10.42820
Cl         1.76524        1.63559       11.01001
Cl         4.04337        3.96013       11.99892
Si         2.71318        6.74017        9.25369
C          3.04612        5.04496        8.47298
C          1.97453        4.15538        8.13221
C          2.48531        2.83368        8.15260
C          3.85220        2.89257        8.51915
C          4.19081        4.24338        8.72527
C          1.30260        5.98808       10.27332
C          0.43321        4.98877        9.72431
C         -0.07713        4.21980       10.79959
C          0.47872        4.71801       12.00337
C          1.32996        5.79140       11.67941
C          0.49721        4.53858        8.26180
C          2.35612        8.23928        8.12059
C          4.15664        7.17212       10.42473
C          0.06606        5.62807        7.27572
C         -0.38959        3.30379        8.04890
H          1.97593        1.93011        7.84011
H          4.53913        2.05407        8.52260
H          5.18563        4.61870        8.93436
H         -0.84248        3.45455       10.75174
H          0.20171        4.40138       13.00237
H          1.83623        6.43136       12.39244
H         -0.97978        5.87999        7.43776
H          0.18485        5.27104        6.25501
H          0.65951        6.52534        7.39911
H         -0.11609        2.49815        8.73489
H         -1.43362        3.56473        8.21167
H         -0.28624        2.94525        7.02646
H          2.47266        7.99742        7.06953
H          3.05700        9.03431        8.34998
H          1.35685        8.63491        8.26848
H          4.39152        6.34772       11.09674
H          3.91847        8.04177       11.02912
H          5.05303        7.41288        9.86177
