83
CSD_code = WUKDIQ | q = 0 | S = 0 | Stoichiometry = C22H54FeP4Si2 | MND = 6
C         12.00179        2.64981        7.15827
C         14.47433        4.02994        8.35060
H         15.02415        3.88906        7.42415
H         15.19584        4.03413        9.16293
H         14.01713        5.01487        8.31310
C         12.19735        3.00832       10.20158
H         11.70347        3.97553       10.16736
H         12.85458        3.00643       11.06674
H         11.43106        2.25672       10.36954
C         14.03816        0.97647        8.73692
H         13.32114        0.16775        8.84740
H         14.70082        0.94716        9.59746
H         14.63661        0.76461        7.85519
C          8.83509        2.63460        3.28801
C          8.06061        2.62778        2.34332
C          5.35416        3.66729        1.32703
H          4.81819        3.27235        2.18569
H          4.65952        3.69669        0.49212
H          5.63289        4.69167        1.55813
C          7.74131        3.31259       -0.63374
H          8.03312        4.34892       -0.48757
H          7.08379        3.27608       -1.49791
H          8.63863        2.75187       -0.88035
C          6.32976        0.81692        0.56763
H          7.17764        0.17733        0.33881
H          5.64733        0.77226       -0.27663
H          5.81913        0.38692        1.42489
C         11.03531        4.31970        1.94511
H         11.06142        5.26132        2.48658
H         10.04558        4.18650        1.51220
H         11.78902        4.32813        1.15620
C         11.31397        1.61655        1.75268
H         11.99299        1.90652        0.94938
H         10.29473        1.55857        1.37500
H         11.60444        0.64513        2.14292
C         13.17111        3.06758        3.33530
H         13.51913        4.04686        3.01109
H         13.71656        2.30296        2.78413
H         13.36931        2.95513        4.40063
C          6.83110        3.65141        5.40046
H          5.91375        3.36749        5.91859
H          6.65399        3.69339        4.32730
H          7.15667        4.62898        5.74499
C          7.08830        0.94747        5.18302
H          7.61234        0.00800        5.33563
H          6.87382        1.06496        4.12232
H          6.15846        0.94635        5.75392
C          8.01490        2.21838        7.54626
H          7.36619        2.98604        7.96558
H          9.01837        2.33271        7.95464
H          7.62593        1.24112        7.82739
C          9.79640       -0.69023        3.79943
H          9.10388       -0.17235        3.13673
H          9.25923       -1.46035        4.35115
H         10.57168       -1.16604        3.20122
C         12.30767        0.08808        4.87580
H         12.39941       -0.99502        4.97036
H         12.81358        0.57757        5.70600
H         12.76035        0.41405        3.94343
C         10.20521       -0.24674        6.57376
H         10.55383       -1.28005        6.54038
H          9.14665       -0.22668        6.81715
H         10.75572        0.30672        7.33231
C          9.13297        5.96693        4.32691
H          8.60226        5.44221        3.53322
H          9.78168        6.72279        3.88668
H          8.40941        6.46157        4.97286
C         11.77113        5.53502        5.27882
H         11.66302        6.57012        5.60652
H         12.21960        5.51130        4.28950
H         12.40898        4.98992        5.97216
C          9.68573        5.18986        7.00143
H          9.77620        6.27097        7.11746
H         10.38379        4.68426        7.66627
H          8.67432        4.87875        7.24809
C         11.22812        2.64361        6.21286
Si         6.89219        2.60743        0.92560
Si        13.15801        2.66542        8.58609
Fe        10.03105        2.63926        4.75079
P         11.34043        2.89881        3.06433
P          8.11683        2.37723        5.69739
P         10.53649        0.55875        4.95919
P         10.12719        4.72144        5.28331
