54
CSD_code = XACZOQ | q = 0 | S = 0 | Stoichiometry = C20H30Cl2MoSi | MND = 12
Mo        -1.77165        9.57117       10.20020
Cl        -3.17299       11.16285       11.49231
Cl        -3.95453        9.25135        9.12167
Si         1.40798        9.15904       10.80071
C          2.81433        8.07337       10.09368
C          2.37292       10.10075       12.15100
C          0.35290       10.19634        9.59152
C         -0.42215       11.33488        9.98282
C         -1.47508       11.49114        9.00931
C         -1.29683       10.50409        7.99582
C         -0.22677        9.67554        8.37367
C         -0.21759        8.29825       11.31731
C         -1.17174        8.85666       12.22674
C         -2.44912        8.25572       11.92860
C         -2.25747        7.28615       10.89972
C         -0.91711        7.34658       10.48409
C         -0.08745       12.39402       10.97991
C         -2.33083       12.71029        8.84252
C         -2.06981       10.45131        6.72032
C          0.38566        8.68343        7.43594
C         -0.92545        9.64561       13.46966
C         -3.65906        8.30258       12.81213
C         -3.29938        6.32154       10.44056
C         -0.30360        6.31058        9.59541
H          2.58251        7.48237        9.21704
H          3.15525        7.38947       10.86469
H          3.65237        8.71282        9.83585
H          2.83557        9.38458       12.82316
H          1.79005       10.78488       12.75340
H          3.17217       10.67113       11.68759
H          0.10052       13.33904       10.46848
H          0.79221       12.13432       11.55651
H         -0.93014       12.53918       11.65621
H         -1.81788       13.44106        8.21233
H         -2.54231       13.16491        9.80768
H         -3.27910       12.44616        8.37466
H         -3.11367       10.20540        6.92461
H         -1.66735        9.70086        6.04529
H         -2.04040       11.42467        6.22966
H         -0.35376        7.96932        7.07809
H          1.20404        8.14488        7.89635
H          0.78132        9.21542        6.56802
H         -1.54142       10.54509       13.46027
H          0.11667        9.92741       13.56213
H         -1.20336        9.05629       14.34452
H         -4.56471        8.16460       12.22170
H         -3.72614        9.26236       13.31942
H         -3.60271        7.50957       13.56195
H         -3.69988        5.77518       11.29547
H         -2.89282        5.61283        9.72388
H         -4.12237        6.85763        9.96396
H         -0.42155        5.33071       10.06275
H          0.75574        6.48357        9.45137
H         -0.79594        6.27477        8.62542
