51
CSD_code = XADWOP | q = 0 | S = 0 | Stoichiometry = C21H22O4P2SiW | MND = 6
W          3.76511        2.94973        1.47166
C          4.87189        3.25512       -0.15389
O          5.51214        3.43366       -1.08772
C          2.70986        1.56201        0.54567
O          2.09239        0.76204        0.00250
C          2.66626        2.62856        3.09052
O          2.03387        2.40986        4.02274
C          4.98341        1.52080        2.07964
O          5.70080        0.69963        2.43643
P          2.59569        5.02681        0.86819
C          1.92353        5.48953       -0.75796
C          1.76355        6.81321       -1.15540
H          2.02530        7.61741       -0.47991
C          1.27793        7.09778       -2.41754
H          1.15636        8.12517       -2.72943
C          0.94980        6.06700       -3.28531
H          0.57111        6.29548       -4.27055
C          1.11203        4.74811       -2.89464
H          0.86119        3.94674       -3.57361
C          1.60239        4.45902       -1.63364
H          1.74657        3.43475       -1.31163
P          4.81669        4.98293        2.36693
C          6.58758        5.39888        2.39076
C          7.49323        4.34541        2.34942
H          7.11467        3.33082        2.32158
C          8.85306        4.60017        2.33942
H          9.55597        3.78102        2.30917
C          9.30950        5.90765        2.36209
H         10.37041        6.10936        2.35016
C          8.40853        6.96137        2.39386
H          8.76933        7.97984        2.40419
C          7.04952        6.71107        2.40900
H          6.34564        7.53308        2.42806
C          4.09348        6.10029        1.07572
H          4.70512        6.05091        0.16800
H          3.91821        7.14005        1.36508
C          1.46260        5.84346        2.04711
H          0.62246        5.16111        2.19678
H          1.07237        6.75082        1.57827
C          4.16924        5.78690        3.87507
H          4.77547        6.67312        4.08129
H          4.32433        5.08194        4.69533
Si         2.31053        6.26031        3.72333
C          2.24734        8.16659        3.88032
H          2.79242        8.68249        3.09454
H          2.66650        8.48324        4.82965
H          1.22106        8.51718        3.84960
C          1.33125        5.46613        5.14570
H          1.33188        4.38230        5.10354
H          0.29806        5.79685        5.12471
H          1.74857        5.75962        6.10328
