50
CSD_code = XALREH | q = 0 | S = 0 | Stoichiometry = C18H28Cl2SiZr | MND = 12
Zr         2.00561        3.41712        2.57389
Cl         2.17946        5.40868        3.79740
Cl         2.38201        2.07483        4.45888
Si        -0.90517        3.05574        4.92466
C          3.77938        4.46025        1.27661
C          4.39478        3.67111        2.29469
C          4.14468        2.30303        1.99159
C          3.37113        2.24378        0.80101
C          3.15829        3.57581        0.34779
C          3.86100        5.95271        1.10188
H          4.27396        6.42729        1.98934
H          2.87201        6.38392        0.92189
H          4.50156        6.20037        0.25227
C          5.20300        4.15348        3.46830
H          5.10386        5.23016        3.59648
H          6.26066        3.91985        3.32819
H          4.86436        3.66997        4.38996
C          4.74900        1.10969        2.67538
H          4.03049        0.29242        2.75122
H          5.08613        1.36179        3.67848
H          5.61010        0.75226        2.10464
C          3.04992        0.96357        0.07876
H          2.44417        0.29546        0.69740
H          3.97348        0.43579       -0.16672
H          2.52170        1.15579       -0.85257
C          2.64333        3.99036       -1.00362
H          1.86203        3.32601       -1.36916
H          3.46112        3.96825       -1.72858
H          2.25407        5.00736       -0.98109
C          0.01589        2.05809        2.27719
H         -0.02222        1.01071        2.55797
C          0.24728        2.55978        0.98025
H          0.37830        1.96267        0.08777
C          0.07919        3.96493        1.01795
H          0.07126        4.62769        0.16205
C         -0.28657        4.31978        2.33077
H         -0.57974        5.31026        2.65904
C         -0.32612        3.14748        3.13037
C          0.12750        4.15216        6.09603
H          0.12065        5.19088        5.77584
H          1.16478        3.82939        6.13769
H         -0.27123        4.11693        7.10573
C         -0.90435        1.22950        5.48638
H          0.09462        0.80624        5.46088
H         -1.54842        0.61850        4.86090
H         -1.26978        1.14927        6.50479
C         -2.70879        3.69802        4.93559
H         -2.76717        4.73696        4.62835
H         -3.13040        3.62709        5.93209
H         -3.34222        3.12251        4.26860
