65
CSD_code = XARHON | q = 0 | S = 0 | Stoichiometry = C26H34ClN2NbSi | MND = 9
Nb         1.37124        9.79418        3.94318
Si         4.72128        9.79348        5.52455
Cl         1.67590        7.47087        3.53901
N         -0.42048        9.45486        2.80616
N          0.71181        9.74115        5.59561
C          3.65140       10.36566        4.07769
C          3.62204        9.81034        2.76958
H          4.13053        8.90126        2.47444
C          2.91834       10.66333        1.91630
H          2.77937       10.52742        0.85179
C          2.49622       11.77403        2.66317
H          2.00594       12.65702        2.27304
C          2.92718       11.59789        3.99877
H          2.93124       12.36961        4.76072
C          4.89650        7.89127        5.47114
H          3.96706        7.41460        5.16677
H          5.17310        7.49074        6.44164
H          5.66519        7.58907        4.76522
C          3.89240       10.38195        7.14581
H          4.06725       11.44093        7.31315
H          4.28615        9.85151        8.00694
H          2.81535       10.22453        7.11960
C          6.44738       10.60274        5.36248
H          6.94066       10.31336        4.43955
H          7.08581       10.30002        6.18564
H          6.38479       11.68655        5.37523
C         -0.32203       10.69889        2.98498
C         -1.30357       11.69947        2.46424
H         -2.17410       11.21000        2.01856
H         -0.81930       12.32450        1.71271
H         -1.62096       12.35639        3.27345
C         -1.39680        8.66241        2.19025
C         -1.29096        8.35226        0.83148
C         -2.24963        7.52627        0.26557
H         -2.18366        7.28110       -0.78437
C         -3.27767        7.00919        1.03410
H         -4.01748        6.36758        0.57977
C         -3.34972        7.29688        2.38627
H         -4.14049        6.87247        2.98697
C         -2.41082        8.12023        2.98814
C         -0.13461        8.88943        0.04294
H         -0.16266        9.98006        0.00025
H         -0.14588        8.50336       -0.97315
H          0.80235        8.58996        0.51971
C         -2.43673        8.43246        4.45267
H         -3.18683        7.83340        4.96152
H         -2.65917        9.48753        4.62107
H         -1.45335        8.23640        4.89348
C          0.21795        9.71964        6.84360
C          0.37126        8.56996        7.65455
C         -0.14243        8.57265        8.93808
H         -0.02487        7.69336        9.55538
C         -0.80016        9.68302        9.44221
H         -1.19271        9.66933       10.44789
C         -0.95177       10.81142        8.65330
H         -1.46467       11.67706        9.04842
C         -0.45623       10.84880        7.36295
C          1.09252        7.38897        7.08765
H          0.58363        7.03093        6.19064
H          1.15017        6.58162        7.81261
H          2.10136        7.67942        6.78826
C         -0.62152       12.05262        6.48658
H         -0.94378       12.91389        7.06619
H         -1.36686       11.84533        5.71638
H          0.31992       12.27832        5.98003
