94
CSD_code = XARKOR | q = 0 | S = 0 | Stoichiometry = C36H54OSi2Zr | MND = 12
Zr         1.12290        3.06662       11.40257
Si        -1.58728        7.26430       11.46319
Si         3.95573        4.32307       13.60643
O         -0.49716        3.06167       12.84969
C          0.70656        2.93079        9.18003
H          0.49180        2.18415        8.41730
C          1.96296        3.62384        9.07787
H          2.70477        3.27544        8.36231
C          2.24907        4.73092        9.86370
H          3.21664        5.21683        9.76278
C          1.27624        5.27547       10.76920
H          1.48284        6.24501       11.22123
C         -0.10891        4.92177       10.48498
C         -0.40108        3.70605        9.75315
C         -1.81393        3.56543        9.70892
C         -2.35268        4.67746       10.34991
H         -3.40132        4.88845       10.46110
C         -1.33390        5.52350       10.85063
C          3.01170        2.87941       12.88609
C          3.27186        2.19879       11.65218
H          4.08510        2.46982       10.98723
C          2.45651        1.03642       11.52471
C          1.69492        0.94425       12.74810
C          2.06293        2.06628       13.58687
C          1.56726        2.15582       14.89476
H          1.89755        2.95891       15.54070
C          0.69982        1.19302       15.36227
H          0.32581        1.24701       16.37509
C          0.31232        0.12566       14.54665
H         -0.36492       -0.61971       14.93974
C          0.79949       -0.01031       13.26320
H          0.50412       -0.87550       12.68404
C         -2.56262        2.43889        9.03117
C         -2.08069        1.07137        9.57105
H         -2.73148        0.72765       10.37389
H         -1.06156        1.13528        9.96769
H         -2.10328        0.31920        8.78488
C         -4.07200        2.55233        9.27351
H         -4.46089        3.46673        8.83342
H         -4.30110        2.55732       10.33783
H         -4.58519        1.70781        8.81651
C         -2.32961        2.51885        7.51385
H         -2.91137        1.75748        6.99579
H         -1.28174        2.38102        7.26586
H         -2.63376        3.49637        7.14670
C         -3.44908        7.59885       11.72919
H         -4.00513        7.45770       10.80888
H         -3.61369        8.62033       12.05700
H         -3.88116        6.94303       12.47895
C         -0.91985        8.53024       10.19153
H          0.14073        8.38193       10.01188
H         -1.05795        9.55424       10.52705
H         -1.42517        8.42369        9.23650
C         -0.73780        7.70256       13.13329
H         -1.18669        7.19229       13.98094
H         -0.82936        8.76899       13.31819
H          0.32373        7.47418       13.13014
C          2.69802       -0.11107       10.55380
C          1.39373       -0.56343        9.88175
H          0.99892        0.24051        9.26142
H          0.63999       -0.84470       10.61265
H          1.58226       -1.42661        9.24521
C          3.67812        0.29969        9.44804
H          3.31032        1.17243        8.91175
H          3.79241       -0.51685        8.73755
H          4.65905        0.52333        9.86036
C          3.31625       -1.28580       11.33070
H          3.54339       -2.10862       10.65562
H          2.63968       -1.64584       12.10012
H          4.23787       -0.96958       11.81420
C          5.02088        3.79779       15.10851
H          5.84027        3.15412       14.80404
H          4.43685        3.25108       15.84161
H          5.44902        4.66267       15.60564
C          2.69587        5.65595       14.17711
H          3.15698        6.63724       14.23101
H          2.29781        5.43720       15.16340
H          1.85679        5.71535       13.48366
C          5.12979        5.08935       12.30821
H          4.58272        5.55475       11.49529
H          5.79518        4.34598       11.88131
H          5.74913        5.85398       12.76542
C         -1.71899        2.30251       12.75588
H         -1.45486        1.23929       12.72405
H         -2.24734        2.60439       11.84089
C         -2.52838        2.68800       13.98656
H         -3.59046        2.49639       13.85888
H         -2.16648        2.14918       14.86355
C         -2.19294        4.17224       14.09048
H         -2.38533        4.58768       15.07613
H         -2.74980        4.73782       13.34262
C         -0.70808        4.17983       13.73807
H         -0.41703        5.09883       13.21838
H         -0.08931        4.02080       14.63107
