82
CSD_code = XEBCEN | q = 0 | S = 0 | Stoichiometry = C21H54N3Si3Y | MND = 6
Y          4.18172        0.98870       10.47659
Si         4.74799       -1.29940        7.59207
Si         0.95574       -0.08441       12.72608
Si         6.65988       -0.77316       12.61336
N          3.98379        3.46765       12.14395
N          5.30582        3.74335        9.56209
N          2.40447        3.26230        9.65472
C          4.33577        2.92741       13.45488
C          4.80082        4.64723       11.84682
C          5.85200        4.36451       10.76662
C          6.40298        3.35013        8.68387
C          4.37074        4.62405        8.85736
C          3.04301        3.93255        8.52113
C          1.22347        2.54252        9.18237
C          2.03207        4.19132       10.72630
C          2.54907        3.75049       12.10227
C          4.11407        0.40228        8.07701
C          4.66404       -1.69297        5.70968
C          3.69485       -2.64282        8.45845
C          6.58813       -1.50006        8.07983
C          2.31112       -0.34194       11.44832
C         -0.45969        1.08876       12.16040
C          0.05312       -1.72330       13.16677
C          1.54470        0.60964       14.41845
C          6.43898        0.66646       11.42480
C          6.18542       -2.43364       11.78907
C          5.51301       -0.55300       14.13355
C          8.43646       -0.99837       13.31470
H          4.09185        3.63443       14.26330
H          5.40259        2.71588       13.48660
H          3.79753        1.99730       13.62762
H          5.33439        4.98731       12.74355
H          4.16346        5.47808       11.53864
H          6.36916        5.31261       10.53046
H          6.59070        3.67261       11.17598
H          7.02712        4.21224        8.39971
H          6.00333        2.89782        7.77897
H          7.03079        2.61494        9.18503
H          4.80369        4.97253        7.91044
H          4.18213        5.51985        9.45235
H          2.37059        4.68807        8.07552
H          3.23607        3.16617        7.76765
H          0.46779        3.22969        8.77086
H          0.78747        1.98402       10.00682
H          1.50546        1.83852        8.40145
H          0.94026        4.27008       10.80436
H          2.39288        5.19554       10.49371
H          2.27650        4.53281       12.83429
H          2.03633        2.82632       12.37984
H          4.66208        1.15612        7.49885
H          5.01637       -2.69673        5.49151
H          5.27507       -1.00184        5.13635
H          4.09286       -3.63723        8.28242
H          2.67280       -2.63121        8.09177
H          6.93523       -2.51068        7.88789
H          6.74107       -1.29133        9.13386
H          2.86284       -1.22678       11.80962
H         -1.29171        1.02867       12.85588
H         -0.84043        0.80592       11.18354
H         -0.75155       -1.57992       13.88278
H          0.74723       -2.44060       13.59501
H          0.83707        0.34164       15.19744
H          1.62909        1.69225       14.42679
H          6.77699        1.57957       11.93103
H          6.04097       -3.21317       12.53104
H          6.95639       -2.77559       11.10645
H          5.59234       -1.40111       14.80647
H          4.47450       -0.47539       13.82322
H          8.50333       -1.85232       13.98225
H          8.75434       -0.12227       13.87261
H          3.06937        0.46837        7.74483
H          3.64749       -1.61586        5.33536
H          3.65875       -2.48574        9.53289
H          7.22098       -0.82597        7.51000
H          1.79317       -0.68953       10.53808
H         -0.15939        2.13177       12.11620
H         -0.37642       -2.18101       12.28030
H          2.50551        0.19700       14.70846
H          7.13072        0.52606       10.58318
H          5.26265       -2.33913       11.22205
H          5.76170        0.33609       14.70479
H          9.15483       -1.15227       12.51502
