54
CSD_code = XEJMII | q = 0 | S = 0 | Stoichiometry = C20H30I2SiZr | MND = 12
Zr         3.63735       -1.36627       12.23961
I          4.14903        1.39538       11.80438
I          6.42431       -1.84753       12.67233
Si         1.93177       -4.16799       12.57321
C          2.62894       -3.25496       11.06895
C          2.01111       -2.10356       10.50110
H          0.94423       -1.91135       10.52500
C          2.94610       -1.41959        9.68737
C          4.18304       -2.10291        9.82282
H          5.09540       -1.88460        9.27967
C          3.98647       -3.22421       10.65883
H          4.71955       -4.00088       10.85034
C          2.19475       -2.66262       13.69280
C          3.34600       -2.42700       14.49337
H          3.99366       -3.20760       14.87503
C          3.39721       -1.06116       14.85668
C          2.29820       -0.42541       14.22108
H          1.98722        0.60191       14.37373
C          1.57037       -1.39503       13.49930
H          0.60421       -1.22835       13.03140
C          0.11179       -4.68338       12.38827
H         -0.52369       -3.85197       12.10208
H         -0.26755       -5.08238       13.32260
H          0.00925       -5.45403       11.63223
C          3.06992       -5.60371       13.09120
H          4.11017       -5.29884       13.17514
H          3.01993       -6.41008       12.36757
H          2.76489       -6.00743       14.05057
C          2.57745       -0.43695        8.59124
C          1.99836       -1.27881        7.43809
H          2.73059       -2.00599        7.09413
H          1.73085       -0.63502        6.60348
H          1.10923       -1.81677        7.75987
C          1.50462        0.55600        9.05682
H          0.58869        0.04129        9.34096
H          1.26199        1.23855        8.24582
H          1.84886        1.15137        9.89974
C          3.79858        0.32379        8.06553
H          4.51060       -0.35835        7.60703
H          4.30218        0.87441        8.85531
H          3.48569        1.03787        7.30751
C          4.25969       -0.42901       15.93456
C          5.27324       -1.43012       16.49752
H          4.76752       -2.28244       16.94626
H          5.86840       -0.94808       17.26930
H          5.95361       -1.78462       15.72756
C          3.32589        0.01007       17.07577
H          2.74499       -0.83568       17.43806
H          2.63734        0.78237       16.74251
H          3.91032        0.40760       17.90208
C          5.00710        0.79850       15.40004
H          5.70142        0.52216       14.60721
H          5.58499        1.25420       16.20085
H          4.31498        1.54812       15.02147
