56
CSD_code = XEPGAA | q = 0 | S = 0 | Stoichiometry = C30H22Cl2HfSi | MND = 12
Hf        -1.33084        4.05869       22.90981
Cl        -2.82841        5.17534       21.55935
Cl         0.44642        4.63323       21.55850
Si        -1.53289        2.65415       25.77644
C         -1.67001        1.95451       24.02065
C         -2.80458        2.15055       23.18102
H         -3.82961        2.22751       23.52080
C         -2.39692        2.00753       21.83597
H         -3.05119        1.97151       20.97623
C         -1.00478        1.77923       21.82245
H         -0.41255        1.53866       20.95066
C         -0.54800        1.77919       23.15937
H          0.45411        1.52426       23.48030
C         -1.24960        4.41787       25.16818
C         -2.27006        5.37828       24.79850
C         -3.67077        5.33771       24.91699
H         -4.15929        4.48021       25.36065
C         -4.40693        6.42446       24.49760
H         -5.48262        6.40205       24.58760
C         -3.79432        7.55856       23.95734
H         -4.40701        8.38799       23.64024
C         -2.42378        7.62795       23.82156
H         -1.95489        8.50603       23.40246
C         -1.64633        6.54552       24.23107
C         -0.22347        6.32143       24.22793
C          0.84695        7.11328       23.81463
H          0.66853        8.09316       23.39689
C          2.13040        6.62603       23.94426
H          2.96692        7.22713       23.62348
C          2.36710        5.35772       24.48143
H          3.38412        5.00490       24.56496
C          1.33432        4.54925       24.90385
H          1.53701        3.58118       25.34233
C          0.01391        5.01843       24.79181
C         -0.07098        1.92322       26.72861
C          0.55792        2.65240       27.73413
H          0.22762        3.65904       27.94376
C          1.60621        2.11094       28.45487
H          2.08712        2.69273       29.22753
C          2.04134        0.82398       28.18415
H          2.86177        0.40014       28.74435
C          1.42051        0.08270       27.19294
H          1.75546       -0.92196       26.97918
C          0.37228        0.62871       26.47428
H         -0.10982        0.04563       25.70352
C         -3.12619        2.44374       26.77418
C         -3.97868        1.36743       26.54702
H         -3.73939        0.65755       25.76895
C         -5.12586        1.19871       27.30132
H         -5.77911        0.35996       27.10957
C         -5.43673        2.10407       28.30196
H         -6.33271        1.97426       28.89100
C         -4.59427        3.17633       28.54522
H         -4.83268        3.88503       29.32470
C         -3.44924        3.34141       27.78819
H         -2.79992        4.18365       27.97605
