60
CSD_code = XEQPUF | q = 0 | S = 0 | Stoichiometry = C25H25O5PSSi2W | MND = 6
W          1.44818       -3.25989        2.18724
S          2.44148        2.66880        0.78910
P          2.55736       -1.24649        3.11722
Si         0.45842        1.33384        4.35289
Si         3.45505        6.26127       -3.32989
O          2.23494       -5.01397        4.67403
O         -1.14805       -2.33341        3.68932
O          0.61608       -1.36474       -0.17439
O         -0.01072       -5.73377        0.95297
O          4.05595       -4.02872        0.61068
C          1.75437        0.36957        3.38864
C          2.49580        0.35423        2.27560
C          2.91710        1.02246        1.11966
C          3.70620        0.51776        0.10944
H          4.09488       -0.48635        0.13448
C          3.93167        1.42976       -0.92301
H          4.51898        1.22302       -1.79965
C          3.32055        2.64529       -0.71227
C          3.35743        3.76985       -1.53676
C          3.38763        4.75581       -2.24065
C          4.08318       -1.22601        4.10496
C          4.50602       -0.09551        4.79682
H          3.91207        0.80762        4.75097
C          5.67217       -0.13690        5.53625
H          5.99961        0.74087        6.07430
C          6.42139       -1.30257        5.59147
H          7.33216       -1.33038        6.17094
C          6.00146       -2.43160        4.90742
H          6.58393       -3.34000        4.95248
C          4.83378       -2.39558        4.16732
H          4.49446       -3.27438        3.63070
C          0.20825        0.41053        5.99595
H          1.13501        0.34222        6.55916
H         -0.14064       -0.60297        5.81921
H         -0.52490        0.90552        6.62537
C          1.14762        3.09255        4.60562
H          0.41572        3.72645        5.09643
H          1.40103        3.55555        3.65647
H          2.04227        3.08982        5.22120
C         -1.11274        1.35001        3.27718
H         -1.49041        0.34398        3.12059
H         -0.91676        1.78420        2.30092
H         -1.90285        1.92970        3.74501
C          5.13131        6.25456       -4.23619
H          5.95894        6.27368       -3.53341
H          5.23231        7.11854       -4.88688
H          5.24345        5.36593       -4.85012
C          3.29197        7.79225       -2.20689
H          2.35466        7.77987       -1.65875
H          3.32373        8.71188       -2.78414
H          4.09648        7.83303       -1.47861
C          2.01085        6.16475       -4.56928
H          2.07841        5.27175       -5.18344
H          2.00453        7.02276       -5.23556
H          1.05365        6.13845       -4.05726
C          1.97159       -4.37415        3.76569
C         -0.21056       -2.70134        3.14976
C          0.91307       -2.08637        0.65994
C          0.52459       -4.82977        1.40353
C          3.11665       -3.75845        1.20256
