47
CSD_code = XIBQEE | q = 0 | S = 0 | Stoichiometry = C17H26N2SiZr | MND = 12
Zr         3.73977       -2.03506        2.99073
Si         5.53389       -3.15010        5.65212
N          3.42456       -2.89351        1.17337
N          2.64445       -0.35726        2.63799
C          3.22022       -4.17644        4.21543
H          3.66606       -5.13748        3.98205
C          1.95484       -3.72090        3.79436
H          1.26277       -4.25448        3.15350
C          1.67470       -2.52420        4.48943
H          0.72497       -2.00520        4.48601
C          2.77108       -2.23415        5.32237
H          2.82209       -1.43044        6.04949
C          3.71711       -3.28066        5.19501
C          6.19488       -2.66324        2.83755
H          6.53294       -3.67024        2.61771
C          6.07357       -1.61261        1.90980
H          6.32925       -1.65923        0.85937
C          5.73841       -0.43800        2.61705
H          5.67700        0.55649        2.19103
C          5.66684       -0.76465        3.98603
H          5.56535       -0.06347        4.80805
C          5.99132       -2.13718        4.13702
C          6.13295       -2.67140        7.40791
H          6.71214       -1.75853        7.51124
H          5.35575       -2.65587        8.16707
C          6.99156       -3.94816        7.47684
H          8.05260       -3.70708        7.45548
H          6.79782       -4.53553        8.37282
C          6.56362       -4.67420        6.18793
H          5.98182       -5.56873        6.39275
H          7.40125       -4.96333        5.55998
C          3.80501       -4.24629        0.82376
H          3.69221       -4.91833        1.67906
H          4.85311       -4.30591        0.46212
H          3.16785       -4.63262        0.00833
C          3.52534       -2.05484       -0.00973
H          3.42585       -0.99896        0.26606
H          2.73492       -2.30756       -0.73977
H          4.49045       -2.19527       -0.53323
C          1.34912       -0.50512        1.99462
H          1.29458       -1.46746        1.47340
H          1.17844        0.30541        1.26304
H          0.51718       -0.44945        2.72247
C          2.60395        0.78783        3.52383
H          3.58148        0.96215        3.98277
H          1.85042        0.66771        4.33057
H          2.32755        1.70136        2.96793
