70
CSD_code = XIWSEC | q = 0 | S = 0 | Stoichiometry = C36H30Cl2SiZr | MND = 12
Zr         5.02949        6.89333        3.17347
Cl         5.88498        8.97635        2.54044
Cl         7.12044        6.43355        4.13821
Si         2.17003        5.22574        2.47121
C          2.69115        6.35147        3.91336
C          2.77634        7.76850        3.78596
C          3.67383        8.27200        4.77251
C          4.21678        7.14037        5.47122
C          3.61549        5.96408        4.93104
C          3.86359        5.38095        1.64923
C          4.29546        6.47791        0.85301
H          3.64377        7.13091        0.28453
C          5.70097        6.41668        0.73051
H          6.31254        7.05196        0.10127
C          6.15567        5.31289        1.47689
H          7.17729        4.95745        1.52381
C          5.03629        4.69431        2.07264
H          5.05338        3.75938        2.62179
C          0.76558        5.92877        1.39301
H          1.01846        6.88053        0.94006
H         -0.13838        6.07357        1.97404
H          0.53407        5.23171        0.59475
C          1.75398        3.41490        2.88821
H          1.54881        2.87316        1.97076
H          0.86991        3.34629        3.51177
H          2.56150        2.90501        3.40070
C          1.91088        8.59096        2.91890
C          0.55577        8.71654        3.21008
H          0.15502        8.21277        4.07720
C         -0.26594        9.48334        2.40405
H         -1.31536        9.57775        2.64094
C          0.25459       10.13130        1.29683
H         -0.38725       10.72922        0.66738
C          1.60268       10.01331        1.00011
H          2.01187       10.52002        0.13844
C          2.42939        9.24853        1.80440
H          3.48758        9.16093        1.57324
C          3.72170        9.66084        5.26235
C          3.59511        9.88851        6.63544
H          3.49008        9.04894        7.30682
C          3.58975       11.17326        7.14168
H          3.49404       11.32725        8.20664
C          3.70018       12.25935        6.28940
H          3.69835       13.26406        6.68550
C          3.80906       12.04645        4.92627
H          3.89330       12.88720        4.25356
C          3.81699       10.76194        4.41312
H          3.92533       10.61862        3.35020
C          5.19476        7.23289        6.56153
C          5.13916        6.39900        7.67676
H          4.35020        5.66551        7.75795
C          6.08075        6.51487        8.68334
H          6.02827        5.85997        9.54080
C          7.08390        7.46406        8.59552
H          7.81945        7.54961        9.38140
C          7.14292        8.30433        7.49414
H          7.92666        9.04341        7.42021
C          6.20956        8.19366        6.48310
H          6.26904        8.84442        5.61488
C          3.80171        4.59095        5.42645
C          5.06278        3.99412        5.46636
H          5.93170        4.54437        5.12262
C          5.20706        2.70792        5.95535
H          6.18651        2.25397        5.98042
C          4.10520        2.00205        6.41186
H          4.22406        0.99886        6.79288
C          2.85228        2.59128        6.38410
H          1.99133        2.04955        6.74716
C          2.70029        3.87612        5.89587
H          1.72700        4.34432        5.88362
