63
CSD_code = XUVFIF | q = 1 | S = 0 | Stoichiometry = C22H35N3Si2Y(1+) | MND = 13
Y          8.19770        9.72366       10.17936
Si        11.03909       12.19523        9.64178
Si         4.65937       11.23435       10.77629
N          6.47436        8.85959        8.75571
N          8.48143        7.33262       10.08229
N         10.18320        9.18208       11.43382
C          9.90452        9.86742        8.24737
H         10.80587        9.27269        8.32776
C          8.92958        9.72389        7.26055
H          8.88403        8.93569        6.52530
C          8.04601       10.81626        7.34650
H          7.22010       11.00543        6.67921
C          8.45562       11.63625        8.39604
H          8.06684       12.62273        8.61109
C          9.65471       11.08601        8.98587
C         11.24947       13.68615        8.47374
H         12.11039       14.28395        8.75551
H         10.37980       14.33509        8.49343
H         11.39207       13.36362        7.44711
C         10.65916       12.84482       11.40345
H         10.42384       12.05070       12.10695
H          9.81633       13.52897       11.38882
H         11.50698       13.39739       11.79603
C         12.67514       11.20140        9.66289
H         12.55699       10.19965       10.06427
H         13.42981       11.71269       10.25149
H         13.06653       11.10362        8.65597
C          6.28916       10.50299       11.38735
C          7.34075       11.29176       11.97566
H          7.42116       12.36795       11.88961
C          8.04434       10.49470       12.89110
H          8.82195       10.83321       13.55909
C          7.48767        9.20202       12.87374
H          7.78489        8.38029       13.50825
C          6.42344        9.19464       11.96366
H          5.71229        8.38866       11.83832
C          4.00520       12.46732       12.07369
H          3.01730       12.82761       11.80502
H          4.65475       13.33193       12.16577
H          3.93391       12.00728       13.05428
C          4.87440       12.15064        9.10867
H          5.39201       11.55558        8.36133
H          5.44201       13.06579        9.24542
H          3.90979       12.43637        8.70083
C          3.38947        9.81603       10.57663
H          3.80781        8.94036       10.08956
H          2.53014       10.14309       10.00036
H          3.02186        9.50251       11.54792
C          5.57534        8.70557        8.05717
C          4.46873        8.54976        7.18039
H          3.74960        9.34756        7.36994
H          3.98735        7.58618        7.34575
H          4.81024        8.60966        6.14660
C          8.59440        6.19110       10.05246
C          8.73120        4.77739       10.01620
H          7.89602        4.31397       10.54199
H          9.66412        4.48480       10.49825
H          8.74042        4.43457        8.98136
C         11.12520        9.21122       12.09089
C         12.27604        9.27548       12.92155
H         11.99311        9.08275       13.95676
H         12.71432       10.27144       12.84644
H         13.01179        8.53617       12.60539
