56
CSD_code = YADBEL | q = 0 | S = 0 | Stoichiometry = C20H31ClN2SiTi | MND = 8
Ti         6.85312        3.27022        8.14131
Cl         8.81344        4.17308        7.71623
Si         9.49524        0.78965        7.15007
N          5.84993        4.49663        7.19503
N          6.51389        4.23951        9.67509
C          6.09804        5.68747        7.84736
C          6.46808        5.54431        9.22767
C          6.75279        6.69041        9.97282
C          6.66652        7.94589        9.39647
C          6.30924        8.08390        8.06570
C          6.03394        6.96801        7.29442
C          5.20254        4.53166        5.90319
C          3.73901        4.99682        6.00806
C          2.91810        4.04845        6.87268
C          6.60806        3.99261       11.09613
C          5.31694        4.38936       11.83415
C          4.12712        3.57386       11.34411
C          7.73304        1.20243        7.68048
C          7.22676        1.17449        9.00370
C          5.82588        1.34158        8.95853
C          5.45165        1.48385        7.60303
C          6.62425        1.40329        6.82141
C         10.72224        1.28210        8.52679
C          9.56567       -1.11018        6.91322
C          9.88899        1.62956        5.48179
H          7.06191        6.60839       11.00458
H          6.88782        8.81977        9.99098
H          6.25119        9.06562        7.61969
H          5.78670        7.10087        6.25131
H          5.22320        3.51646        5.48296
H          5.74965        5.19266        5.21091
H          3.31157        5.05892        5.00509
H          3.71706        5.99289        6.45332
H          1.92685        4.45684        7.05410
H          3.42006        3.90441        7.83160
H          2.80503        3.08281        6.38295
H          7.46228        4.53797       11.53021
H          6.78644        2.91844       11.24516
H          5.45927        4.24212       12.90680
H          5.12033        5.44782       11.65558
H          3.20132        3.95394       11.76925
H          4.23196        2.52959       11.63323
H          4.06636        3.63724       10.25584
H          7.80916        0.93209        9.88645
H          5.14010        1.23053        9.78871
H          4.43459        1.49896        7.23283
H          6.66351        1.36628        5.73779
H         11.74744        1.13560        8.20158
H         10.57719        0.68446        9.42274
H         10.60606        2.32804        8.79572
H          8.87074       -1.44445        6.14933
H          9.32132       -1.63744        7.83000
H         10.56031       -1.42011        6.61092
H          9.27071        1.23400        4.68033
H         10.92530        1.46739        5.20228
H          9.72439        2.70183        5.53739
