53
CSD_code = YEDYIS | q = 0 | S = 0 | Stoichiometry = C16H26NO6PSi2W | MND = 6
W          4.47091        2.10396       19.86540
P          2.53541        1.47797       21.24579
Si         0.13427       -0.55180       21.06404
Si         2.99014       -1.21874       22.64295
O          0.97223        3.96144       22.14329
O          6.80076        2.93055       17.94392
O          5.54996       -0.84138       19.93901
O          6.10682        3.14593       22.33517
O          3.07204        4.89351       19.55662
O          2.58450        1.18117       17.53410
N          1.21037        2.24376       20.56539
C          0.65022        3.27921       21.03633
C          2.13417        3.58300       22.86303
H          2.02216        4.06025       23.84153
H          3.01609        4.01549       22.36580
C          2.30585        2.07399       22.98558
H          1.40588        1.61797       23.40450
H          3.16269        1.85579       23.61911
C         -0.52470        3.88398       20.33280
H         -0.18058        4.72788       19.73667
H         -1.24323        4.25263       21.06007
H         -0.98185        3.14979       19.67789
C          2.03227       -0.27301       21.26232
H          2.45523       -0.64365       20.32108
C         -0.23508       -2.41445       21.26384
H         -1.29275       -2.59477       21.10458
H          0.01571       -2.79485       22.24704
H          0.30565       -3.00549       20.53283
C         -0.91746        0.36680       22.36862
H         -1.96199        0.09357       22.25402
H         -0.85204        1.44404       22.26278
H         -0.62724        0.10783       23.38221
C         -0.39656       -0.10387       19.28693
H         -0.04770       -0.85406       18.58322
H          0.01168        0.85100       18.97709
H         -1.47779       -0.05516       19.19916
C          1.96311       -1.33606       24.25101
H          2.46006       -2.00238       24.94895
H          0.97133       -1.73529       24.07244
H          1.85074       -0.37704       24.74651
C          4.66780       -0.42619       23.10881
H          5.48674       -1.10989       22.90623
H          4.71340       -0.17619       24.16514
H          4.86202        0.48131       22.54213
C          3.34744       -2.96969       21.97943
H          3.98714       -2.93685       21.10279
H          2.44081       -3.49717       21.70673
H          3.85707       -3.56183       22.73252
C          5.95473        2.62241       18.64866
C          5.19542        0.24587       19.95654
C          5.53848        2.73735       21.42847
C          3.63208        3.90440       19.69089
C          3.30307        1.50854       18.35816
