62
CSD_code = YEDYUE | q = 0 | S = 0 | Stoichiometry = C19H32NO6PSi2W | MND = 6
W          8.00371        7.83843        3.71482
P         10.39155        7.26372        3.91850
Si        13.12401        8.55591        2.98343
Si        11.76431        9.11312        5.96102
O         10.79065        4.30954        3.27255
O          5.00612        8.60719        3.24438
O          7.46809        5.07636        2.32984
O          8.91637        8.85618        0.89062
O          8.54600       10.69212        4.90700
O          7.19002        6.47837        6.42432
N         10.83393        6.51593        2.48400
C         10.94250        5.25860        2.34070
C         10.37924        4.66997        4.57980
H         10.65661        3.81348        5.20330
H          9.28251        4.76490        4.59288
C         11.00866        5.96163        5.08178
H         12.09828        5.91098        5.01547
H         10.70580        6.13847        6.11140
C         11.25523        4.64843        0.98512
C         12.42282        3.66519        1.12126
H         13.32803        4.18344        1.43035
H         12.61205        3.18889        0.16230
H         12.19250        2.89582        1.85312
C          9.99707        3.89415        0.53350
H          9.16103        4.58092        0.42567
H          9.72838        3.12953        1.25792
H         10.17880        3.41796       -0.42710
C         11.60023        5.73119       -0.03229
H         10.78655        6.44575       -0.11454
H         11.76731        5.27764       -1.00625
H         12.49748        6.26344        0.26795
C         11.55767        8.65589        4.09959
H         10.98778        9.48869        3.67096
C         12.57455        8.97360        1.20586
H         13.31938        8.68554        0.47007
H         12.41715       10.04411        1.10265
H         11.64368        8.47863        0.95519
C         14.06217        6.89912        3.13235
H         14.44180        6.74177        4.13775
H         14.91618        6.89457        2.46148
H         13.43670        6.05297        2.87306
C         14.36928        9.91898        3.47118
H         13.93137       10.90640        3.37693
H         15.22521        9.88224        2.80560
H         14.74039        9.81670        4.48415
C         12.04014       10.99701        6.05682
H         12.94691       11.30627        5.55103
H         12.12008       11.31165        7.09231
H         11.21194       11.54169        5.61412
C         10.23168        8.71917        7.03494
H          9.77875        9.63166        7.41135
H         10.49189        8.11145        7.89733
H          9.46553        8.19115        6.47284
C         13.25682        8.20787        6.74132
H         13.06825        7.15144        6.90360
H         13.48023        8.64728        7.70850
H         14.14937        8.29469        6.13198
C          6.10204        8.33307        3.42298
C          7.67188        6.07236        2.85585
C          8.56332        8.53131        1.92693
C          8.34450        9.63976        4.50721
C          7.49536        7.02212        5.46337
