78
CSD_code = YIFKED | q = 0 | S = 0 | Stoichiometry = C24H42F3FeNO2P2Si3 | MND = 8
Fe        -3.02171        2.28325       19.28498
C         -2.41391        0.66337       19.09834
O         -2.06160       -0.42216       18.99248
C         -4.60794        1.55609       19.18672
O         -5.61739        1.01722       19.17320
P         -2.85639        2.69268       17.08668
P         -3.15572        0.80738       16.03147
Si        -4.10873        0.29283       13.26133
C         -3.51242       -0.51145       11.63467
C         -5.05569       -0.99896       14.29857
C         -5.41022        1.61094       12.81010
Si        -2.15108        2.82995       13.73701
C         -3.41749        4.20603       14.12806
C         -1.91605        2.85880       11.84212
C         -0.49106        3.40068       14.49879
Si        -1.05572       -0.14815       14.31592
C          0.08583        0.31200       15.78480
C         -1.58309       -1.95440       14.64279
C          0.00563       -0.11446       12.73139
C         -4.36215        2.08926       16.35919
N         -5.59903        2.35275       16.22202
C         -6.12838        3.47206       16.81195
F         -7.31667        3.22018       17.37870
F         -6.34745        4.47666       15.93912
F         -5.37977        4.04232       17.81268
C         -2.60771        1.02518       14.26179
C         -1.46459        3.78063       19.78117
C         -2.72016        4.48203       19.76033
C         -3.56471        3.89841       20.73325
C         -2.83557        2.84044       21.37520
C         -1.52196        2.80237       20.80997
C         -0.25825        4.19624       19.00326
C         -2.98745        5.70023       18.94388
C         -4.91259        4.39798       21.14381
C         -3.28196        2.08901       22.58901
C         -0.37487        1.98498       21.31495
H         -2.97830        0.19396       11.00966
H         -4.36790       -0.86440       11.06881
H         -2.86251       -1.36088       11.80784
H         -4.41020       -1.75957       14.72263
H         -5.80955       -1.50202       13.69984
H         -5.56686       -0.50249       15.11944
H         -5.00735        2.42394       12.21742
H         -5.85282        2.03083       13.70736
H         -6.21246        1.15508       12.23770
H         -4.43739        3.84335       14.14088
H         -3.36295        4.99209       13.38022
H         -3.22311        4.66145       15.09527
H         -1.24949        2.07795       11.50004
H         -1.48853        3.80904       11.53933
H         -2.85654        2.74349       11.31641
H          0.35325        2.87336       14.06968
H         -0.46979        3.24608       15.57268
H         -0.34190        4.46085       14.31570
H          0.90563        0.95542       15.48597
H          0.51706       -0.58024       16.22808
H         -0.46986        0.82441       16.56636
H         -2.20903       -2.35544       13.85416
H         -2.12972       -2.03192       15.57773
H         -0.70884       -2.59337       14.72247
H          0.47370        0.85052       12.57505
H         -0.57193       -0.35332       11.84703
H          0.79797       -0.85124       12.81210
H          0.47393        3.39442       18.95494
H          0.20921        5.06338       19.47260
H         -0.53669        4.47134       17.98711
H         -4.03151        5.98890       19.00538
H         -2.74308        5.52285       17.89678
H         -2.37040        6.52667       19.29928
H         -5.45632        4.78780       20.28842
H         -4.80345        5.19755       21.87847
H         -5.50390        3.60270       21.58973
H         -2.78917        1.12204       22.65050
H         -4.35620        1.92445       22.57148
H         -3.03799        2.65559       23.48948
H          0.33862        1.77980       20.52109
H         -0.71701        1.03655       21.72096
H          0.14195        2.52867       22.10754
