99
CSD_code = YIJSIU | q = 0 | S = 0 | Stoichiometry = C37H57NP2SiTi | MND = 5
Ti        10.99298        9.43766        1.50664
P          9.45511        9.64043       -0.49589
C         10.31596       11.11968       -1.10756
C          9.73615       12.12546       -1.86929
C         10.44882       13.25195       -2.25135
C          9.81669       14.31238       -3.10240
C         11.77054       13.36529       -1.82859
C         12.36643       12.38636       -1.06636
C         11.66488       11.22742       -0.68611
N         12.20639       10.26111        0.12532
C         13.54836        9.99706        0.06027
C         14.28328       10.12611       -1.13549
C         15.63746        9.89494       -1.17777
C         16.34623        9.53740       -0.03237
C         17.83300        9.34773       -0.08285
C         15.63201        9.36185        1.14067
C         14.25581        9.54790        1.20101
P         13.25012        9.24212        2.68754
C          9.65202        8.46507       -1.95452
C          9.13058        9.01816       -3.27647
C         11.13126        8.10160       -2.06882
C          7.64510       10.08837       -0.54502
C          7.40634       11.13539        0.53822
C          6.82395        8.83126       -0.27005
C         14.02456        7.71864        3.50148
C         14.39954        6.68476        2.43899
C         15.18387        7.94641        4.46905
C         13.77220       10.68139        3.76358
C         13.59578       11.96643        2.95958
C         12.89381       10.71732        5.01008
C          9.98481       10.42435        2.81149
C          9.78434       11.80787        3.01205
C         10.22475       12.77247        2.07004
C         10.03382       14.11906        2.27045
C          9.39880       14.58426        3.41597
C          8.94940       13.66597        4.35593
C          9.13041       12.31657        4.16267
C         10.57411        7.37241        1.69011
Si         9.72802        6.73318        3.24198
C          7.88227        7.25767        3.22210
C          9.74693        4.81892        3.42706
C         10.55400        7.42128        4.83656
H          8.70332       12.03813       -2.17624
H          8.74041       14.34338       -2.94731
H         10.00077       14.11066       -4.15917
H         10.23288       15.29042       -2.87114
H         12.33811       14.24688       -2.09237
H         13.38297       12.52008       -0.72100
H         13.76359       10.41324       -2.04009
H         16.16530       10.00263       -2.11529
H         18.10173        8.63267       -0.85986
H         18.32959       10.29045       -0.31399
H         18.21281        8.98448        0.86942
H         16.16782        9.08996        2.03843
H          9.08961        7.55955       -1.68978
H          9.61407        9.96514       -3.51058
H          8.05446        9.17128       -3.25010
H          9.34942        8.31655       -4.08079
H         11.27477        7.30427       -2.79781
H         11.52724        7.76473       -1.10672
H         11.70717        8.96653       -2.39656
H          7.37380       10.49757       -1.52413
H          7.71746       10.73996        1.50816
H          6.35214       11.40361        0.58920
H          7.98504       12.03873        0.34783
H          7.19113        8.34083        0.63166
H          5.77682        9.08984       -0.11944
H          6.88111        8.12752       -1.09852
H         13.18827        7.30483        4.08006
H         13.61365        6.59521        1.68864
H         14.54010        5.70872        2.90154
H         15.31967        6.95564        1.92751
H         15.49530        6.98479        4.87652
H         16.04670        8.39115        3.98034
H         14.89209        8.58089        5.30157
H         14.82831       10.56463        4.03593
H         13.78854       12.83390        3.58931
H         12.56985       12.03597        2.58808
H         14.28231       11.99814        2.11396
H         13.17730       11.54947        5.65281
H         11.85227       10.85133        4.71080
H         12.97458        9.79622        5.58574
H          9.50170        9.81499        3.59644
H         10.70835       12.42589        1.16187
H         10.38049       14.82330        1.52493
H          9.25258       15.64311        3.57035
H          8.44939       14.01662        5.24945
H          8.77096       11.61512        4.90623
H         11.55163        6.88094        1.56528
H          9.96382        7.08680        0.81768
H          7.77967        8.30813        2.95995
H          7.31550        6.67447        2.50191
H          7.41729        7.10966        4.19193
H          9.23695        4.33667        2.59877
H          9.25426        4.50372        4.34150
H         10.76204        4.43334        3.45307
H         11.09909        8.33942        4.62003
H         11.24501        6.70461        5.27176
H          9.81233        7.64860        5.59647
