122
CSD_code = YONMOF | q = 0 | S = 0 | Stoichiometry = C43H68CrO3Si7 | MND = 9
Si         8.41756        7.64053        4.75493
C          7.02123        7.44221        3.65939
H          6.16271        6.82869        3.89697
C          6.91849        8.24417        2.50717
C          5.69299        8.20407        1.78534
H          4.90200        7.57228        2.17297
C          5.52156        8.82093        0.54795
H          4.60048        8.67523       -0.00578
C          6.60117        9.48951       -0.03955
H          6.54843        9.84247       -1.06264
C          7.76420        9.67748        0.71241
H          8.60020       10.14928        0.21156
C          7.94553        9.14164        2.01729
C          9.15863        9.49510        2.75225
C          9.97332       10.55357        2.30691
H          9.68783       11.14463        1.45175
C         11.12336       10.92175        2.96579
H         11.71085       11.74532        2.58726
C         11.52127       10.25964        4.12103
H         12.42611       10.54740        4.63513
C         10.71775        9.25764        4.61180
H         10.98030        8.75753        5.53270
C          9.54888        8.86853        3.95411
Cr         6.16411       10.49817        2.00315
C          6.35148       10.84039        3.77070
O          6.62082       11.06417        4.87912
C          6.71570       12.22300        1.91879
O          7.02603       13.34029        1.94438
C          4.54460       11.33352        2.07084
O          3.56694       11.95003        2.14918
C          8.81151        6.84431        6.38798
C          8.62777        7.56510        7.57494
C          8.89354        6.93048        8.78008
H          8.76710        7.48964        9.69404
C          9.31587        5.60969        8.83978
C          9.49360        4.91722        7.64630
H          9.82652        3.89298        7.67548
C          9.25238        5.51523        6.42007
C          8.16316        8.97664        7.55499
H          8.11728        9.30751        6.51056
C          9.57489        4.96741       10.16080
H          9.40082        5.73529       10.92233
C          9.44010        4.75513        5.15103
H          9.21703        5.44440        4.32622
Si         6.31706        9.08812        8.12233
Si         9.41685       10.18706        8.38261
Si         8.25133        3.62065       10.54544
Si        11.42932        4.48660       10.37524
Si         8.09475        3.38674        4.96365
Si        11.28652        4.30669        4.84266
C          5.31458        8.04450        6.87793
H          5.71237        7.03718        6.79471
H          5.34148        8.49729        5.89159
H          4.27334        7.96401        7.17369
C          6.03136        8.36739        9.86754
H          4.98477        8.46088       10.14190
H          6.61177        8.88219       10.62510
H          6.28663        7.31472        9.91012
C          5.71244       10.88964        8.07876
H          4.65612       10.94339        8.32290
H          5.83961       11.31529        7.09015
H          6.24343       11.52106        8.78300
C          9.40194       11.77710        7.33705
H          8.40071       12.18489        7.25361
H          9.75355       11.58659        6.32709
H         10.03741       12.54482        7.76726
C          8.99761       10.58939       10.20238
H          9.08003        9.71665       10.84267
H          7.99353       10.98470       10.30783
H          9.68418       11.33743       10.58788
C         11.18198        9.44005        8.37567
H         11.73129        9.73202        9.26577
H         11.75511        9.78184        7.51986
H         11.15846        8.35493        8.34936
C          6.53379        4.44483       10.41578
H          5.73548        3.71975       10.54109
H          6.39815        4.91626        9.44660
H          6.39991        5.20906       11.17520
C          8.24619        2.11360        9.37718
H          9.22529        1.65770        9.28537
H          7.90544        2.38419        8.38373
H          7.56952        1.35288        9.75585
C          8.51639        3.00810       12.33278
H          7.69986        2.36445       12.64397
H          8.56568        3.83343       13.03547
H          9.43463        2.43859       12.42906
C         11.90466        4.80123       12.19705
H         12.94494        4.54930       12.37731
H         11.30276        4.20594       12.87507
H         11.77077        5.84349       12.46930
C         11.81917        2.66111        9.97916
H         11.52197        2.38040        8.97500
H         11.31815        1.99331       10.67233
H         12.88595        2.47604       10.06398
C         12.49850        5.61956        9.27173
H         12.46475        6.64653        9.62232
H         12.15114        5.61554        8.24335
H         13.53901        5.30919        9.27136
C          8.69694        1.64483        5.45541
H          7.88756        0.92619        5.36861
H          9.05529        1.60519        6.47803
H          9.50081        1.30902        4.80840
C          7.57547        3.35997        3.12787
H          6.76883        2.65433        2.95641
H          8.40035        3.07419        2.48404
H          7.23157        4.33747        2.80400
C          6.58097        3.88041        6.01564
H          6.12721        4.78922        5.63245
H          6.85646        4.06918        7.04843
H          5.81966        3.10637        6.01160
C         12.26722        5.94195        4.93559
H         13.33281        5.77646        4.81002
H         12.12522        6.42840        5.89603
H         11.95152        6.64030        4.16601
C         12.06727        3.07026        6.06619
H         11.44930        2.19190        6.21548
H         12.24512        3.52614        7.03407
H         13.02680        2.72980        5.68734
C         11.42017        3.59194        3.07940
H         10.95002        4.24349        2.34996
H         10.94683        2.61864        3.00482
H         12.45846        3.47185        2.78746
