81
CSD_code = YUGDIO | q = 0 | S = 0 | Stoichiometry = C40H36FeNOPSi | MND = 8
C         17.68745        8.57351        4.49882
C         18.83576        6.47433        3.08069
C         15.38957        6.92998        4.44729
H         14.79632        7.82176        4.33197
C         15.76110        6.34336        5.67263
H         15.49637        6.69489        6.65560
C         16.44004        5.13464        5.37719
H         16.75296        4.40148        6.10443
C         16.45009        4.96297        3.97655
H         16.78948        4.09127        3.44257
C         15.81237        6.07742        3.39632
H         15.57871        6.18226        2.34979
C         20.15084        5.33252        6.29486
H         20.86710        5.54672        7.09649
H         19.48874        4.52621        6.62144
C         20.87309        4.89700        5.02464
H         21.48950        5.71697        4.64624
H         21.53776        4.06223        5.26275
C         19.89011        4.45992        3.92820
H         20.33556        3.64318        3.34888
H         18.97084        4.08843        4.39811
C         18.49921        7.23781        7.64283
C         18.14758        8.56314        7.89316
H         18.33730        9.30850        7.13448
C         17.56823        8.92100        9.09466
H         17.30557        9.95208        9.28025
C         17.31881        7.95691       10.05930
H         16.86410        8.23445       10.99875
C         17.64840        6.63555        9.81238
H         17.44912        5.88028       10.55910
C         18.23006        6.27484        8.60897
H         18.47480        5.23800        8.43103
C         20.49929        8.05081        5.83140
C         21.29305        8.38041        6.92686
H         21.06916        7.96092        7.89896
C         22.35384        9.25422        6.77649
H         22.96230        9.51320        7.63095
C         22.63830        9.79637        5.53284
H         23.47028       10.47564        5.41928
C         21.85403        9.46961        4.43913
H         22.07333        9.88691        3.46751
C         20.78565        8.60361        4.58948
H         20.15871        8.34774        3.74702
C         17.65541        6.40109        0.27649
C         16.80935        6.98840       -0.65870
H         16.75923        8.06602       -0.72500
C         16.02760        6.21424       -1.49784
H         15.37345        6.68795       -2.21637
C         16.08111        4.83307       -1.41652
H         15.46839        4.22682       -2.06840
C         16.92469        4.23274       -0.49631
H         16.97194        3.15455       -0.43181
C         17.70344        5.01248        0.33874
H         18.36286        4.54873        1.05713
C         20.43812        7.72323        0.68009
C         21.59879        7.21959        1.25474
H         21.52064        6.61819        2.14724
C         22.83941        7.46902        0.69540
H         23.73103        7.07149        1.15992
C         22.94044        8.22824       -0.45787
H         23.90832        8.42605       -0.89614
C         21.79327        8.73119       -1.04910
H         21.86514        9.32144       -1.95177
C         20.55704        8.48033       -0.48283
H         19.66609        8.88006       -0.94588
C         17.92997        9.14292        1.69935
C         16.55174        9.27708        1.83407
H         15.92907        8.39848        1.77119
C         15.96958       10.51244        2.04788
H         14.89652       10.59421        2.15235
C         16.76143       11.64438        2.13716
H         16.31047       12.61054        2.31305
C         18.13462       11.53121        2.00260
H         18.75853       12.41104        2.07329
C         18.70837       10.29284        1.78338
H         19.78117       10.21264        1.67834
N         19.59783        5.48976        2.97510
O         17.66177        9.70704        4.71332
Si        18.72223        7.44688        1.44218
P         19.13103        6.84771        5.97579
Fe        17.55878        6.84076        4.52741
