177
CSD_code = YUMPAX | q = 0 | S = 0 | Stoichiometry = C40H120B4Si12Zr | MND = 16
Si        11.02147       13.48177        7.20062
Si         9.93798       10.98965        5.51543
Si        12.63036       12.46997        4.62854
Si         6.23040       16.46712        7.13179
Zr         8.77087       15.11520        3.17215
C         10.90629       12.65307        5.46638
C          6.46929       17.41682        5.47382
C         11.31945       15.37346        7.11113
C          9.41800       13.30129        8.23147
C         12.41976       12.75530        8.28441
C          8.04197       11.22676        5.67218
C         10.47228        9.85745        6.96116
C         10.15742        9.94127        3.92834
C         13.77809       13.97321        4.92809
C         13.60225       10.94321        5.24662
C         12.52792       12.32025        2.71986
C          5.94833       14.58644        6.88870
C          7.75235       16.57621        8.28858
C          4.75254       17.11532        8.15812
B         10.04022       13.66545        4.52555
B          7.41080       16.47528        4.53215
H         10.58834       14.77731        4.40264
H          8.90064       13.87600        4.98853
H          9.88051       13.21458        3.37371
H          6.88172       15.37146        4.29364
H         11.28287       15.82196        8.10012
H         10.55673       15.85427        6.50177
H         12.28312       15.62070        6.68244
H          9.49799       13.85702        9.16135
H          9.21344       12.26898        8.49169
H          8.55839       13.68853        7.69719
H         13.40377       12.92971        7.86629
H         12.30412       11.68665        8.41634
H         12.40030       13.20736        9.27058
H          7.75783       11.67565        6.61629
H          7.52236       10.27523        5.59963
H          7.66781       11.86928        4.87743
H         11.53388        9.64654        6.92711
H          9.95129        8.90753        6.90305
H         10.25432       10.28864        7.93066
H          9.88434       10.50186        3.04213
H         11.17767        9.59568        3.80530
H          9.52233        9.06070        3.96233
H         14.70077       13.86616        4.36490
H         14.05029       14.07785        5.97219
H         13.31113       14.89772        4.60949
H         13.72496       10.95988        6.32234
H         14.59428       10.93007        4.80755
H         13.11951       10.00917        4.98593
H         12.03601       11.40872        2.40222
H         13.51911       12.32280        2.27450
H         11.97352       13.15612        2.29759
H          5.01592       14.37009        6.38140
H          5.92212       14.06911        7.84381
H          6.75156       14.15015        6.29827
H          7.92653       17.58720        8.63913
H          7.60974       15.95224        9.16616
H          8.65287       16.23418        7.79224
H          4.85045       18.17285        8.36941
H          3.80232       16.96698        7.65979
H          4.70459       16.59788        9.11055
B          7.41748       13.84593        1.72236
B         10.22050       16.46869        1.90282
H          7.54039       13.29776        2.83416
H          9.10878       16.34533        1.35451
H          6.95433       14.98538        1.93329
H         10.01031       16.93142        3.04258
H          8.56946       14.00531        1.27169
H         10.67142       15.31689        2.06251
H          7.64985       17.00457        3.42853
H          8.51435       16.23628        5.06151
Si         4.81133       17.65573        4.52414
Si         7.41905       19.07477        5.71270
C          6.47662       12.97977        0.71008
C         11.23298       17.40939        1.03673
C          5.05441       17.93777        2.64346
C          3.65452       16.13379        4.63324
C          3.78500       19.13360        5.17232
C          9.29974       18.83168        5.99474
C          7.30992       20.23157        4.19075
C          6.77085       20.10109        7.19057
Si         4.74239       12.86462        1.53881
Si         6.42757       13.94809       -0.95333
Si         7.31442       11.25569        0.52700
Si        10.40428       19.14363        0.92158
Si        12.89642       17.45842        2.00501
Si        11.41605       16.57155       -0.68734
H          5.56174       18.87015        2.42709
H          4.09930       17.96399        2.12614
H          5.64481       17.13451        2.20719
H          3.30396       15.95962        5.64423
H          2.77694       16.27643        4.00927
H          4.15084       15.23326        4.29121
H          3.57370       19.03570        6.22986
H          4.28333       20.08382        5.02396
H          2.83258       19.18153        4.65487
H          9.51609       18.32437        6.92715
H          9.81706       19.78679        6.02094
H          9.73601       18.24126        5.19149
H          6.29892       20.58213        4.01662
H          7.93390       21.10914        4.33336
H          7.65191       19.73524        3.29022
H          5.71332       20.31240        7.09264
H          6.91917       19.60274        8.14078
H          7.28831       21.05351        7.23853
C          4.83187       12.56665        3.43051
C          3.71156       14.46810        1.35833
C          3.65856       11.46635        0.81236
C          6.27086       15.84410       -0.71621
C          4.98182       13.41381       -2.08551
C          8.01465       13.72862       -2.00171
C          7.01488       10.10797        2.03024
C          6.69633       10.28381       -0.99976
C          9.22311       11.35812        0.37727
C          8.51258       19.05414        0.62363
C         10.58479       20.17447        2.52505
C         11.13073       20.22742       -0.47672
C         12.65932       17.61516        3.90103
C         14.02862       18.90415        1.47072
C         13.94478       15.87133        1.78557
C          9.91280       16.87112       -1.83504
C         12.94281       17.18962       -1.65925
C         11.56576       14.66287       -0.58492
H          3.84288       12.60325        3.87901
H          5.44125       13.32935        3.91132
H          5.26053       11.60297        3.67774
H          2.78168       14.38813        1.91407
H          3.45135       14.67267        0.32603
H          4.24586       15.32771        1.74557
H          4.07667       10.48234        0.98677
H          3.52663       11.58199       -0.25629
H          2.67239       11.48583        1.26441
H          5.32676       16.12827       -0.26732
H          6.34343       16.36371       -1.66773
H          7.06563       16.21825       -0.07368
H          5.01585       12.35221       -2.29641
H          5.03994       13.93480       -3.03543
H          4.01233       13.63179       -1.65430
H          8.90088       14.00168       -1.44113
H          8.13766       12.70837       -2.34730
H          7.98067       14.36371       -2.88228
H          7.57806        9.18528        1.92320
H          5.97078        9.83578        2.13489
H          7.33349       10.57494        2.95474
H          5.62061       10.16111       -0.98309
H          7.13539        9.29177       -1.01290
H          6.95702       10.76654       -1.93380
H          9.54075       11.85001       -0.53427
H          9.66846       10.36692        0.37984
H          9.64538       11.91253        1.21313
H          8.06408       20.04313        0.66023
H          8.03178       18.44477        1.38635
H          8.26533       18.62547       -0.34004
H         10.02906       21.10435        2.44507
H         11.61710       20.43467        2.72960
H         10.19755       19.64018        3.38466
H         10.95630       19.80930       -1.46072
H         12.19939       20.35933       -0.36109
H         10.67869       21.21359       -0.45725
H         12.21045       18.55927        4.18519
H         13.61084       17.54258        4.42063
H         12.01678       16.82042        4.27518
H         14.23951       18.87011        0.40911
H         14.97854       18.84603        1.99170
H         13.59743       19.87365        1.68869
H         13.38419       14.98511        2.05865
H         14.29036       15.74829        0.76532
H         14.82535       15.90530        2.42065
H         10.01983       16.30793       -2.75773
H          9.80816       17.91522       -2.10723
H          8.98830       16.55252       -1.36806
H         12.92615       18.26534       -1.78195
H         12.95592       16.75055       -2.65128
H         13.87685       16.92892       -1.17653
H         12.47729       14.34522       -0.09302
H         11.56318       14.21751       -1.57611
H         10.72989       14.24060       -0.03050
