86
CSD_code = ZAGTEG | q = 0 | S = 0 | Stoichiometry = C25H53ClSi6Zr | MND = 12
Zr         5.59367        9.06202        4.85743
Cl         5.24533       11.35618        4.57174
Si         2.71809        8.94622        2.16862
Si         2.62897       10.59540        6.96411
Si         8.17308        9.67777        5.33958
Si         9.03272       11.36678        3.83198
Si         9.65549        7.76798        5.23953
Si         8.61176       10.71531        7.48838
C          4.77656        7.18179        3.36823
C          6.17299        7.07148        3.38389
C          6.70994        8.23353        2.77070
C          5.63193        9.05260        2.39136
C          4.41658        8.42858        2.78401
C          2.74177       10.81454        1.76523
C          2.34420        7.98198        0.55740
C          1.34821        8.48509        3.42554
C          3.73952        7.95576        6.14400
C          4.88395        7.18284        6.41439
C          5.81138        7.99611        7.09923
C          5.21896        9.26924        7.26874
C          3.92919        9.26018        6.67887
C          3.39253       11.93720        8.08629
C          1.17800        9.75298        7.88698
C          1.91820       11.43825        5.39878
C          8.32553       11.33628        2.04910
C         10.94120       11.28898        3.63724
C          8.60130       13.12691        4.44974
C         10.12105        7.16135        3.47592
C         11.33062        8.00019        6.13830
C          8.83619        6.25072        6.09331
C          8.49730        9.54116        9.00975
C         10.35944       11.49200        7.65795
C          7.35883       12.14681        7.77193
H          4.07860        6.40103        3.64346
H          6.74038        6.19637        3.67260
H          7.74520        8.37653        2.49657
H          5.69779        9.95637        1.80074
H          1.75304       11.25293        1.85414
H          3.41025       11.36915        2.41874
H          3.07718       10.97874        0.74558
H          2.30897        6.91112        0.73213
H          1.38620        8.27855        0.14228
H          3.10162        8.16313       -0.19902
H          1.28854        7.40800        3.55757
H          1.49905        8.94007        4.39947
H          0.38087        8.81345        3.05782
H          2.80804        7.57361        5.74625
H          4.99252        6.12058        6.23305
H          6.73118        7.65861        7.55621
H          5.62327       10.07813        7.85865
H          2.64694       12.68031        8.35092
H          3.78248       11.52306        9.01080
H          4.20255       12.45254        7.57967
H          0.69961        8.98948        7.28151
H          1.51343        9.27930        8.80361
H          0.41953       10.48210        8.15122
H          0.88956       11.14576        5.21124
H          1.92942       12.51661        5.52350
H          2.50070       11.21389        4.51130
H          8.78312       12.10603        1.43262
H          8.48133       10.38813        1.54431
H          7.25846       11.53630        2.07372
H         11.32057       12.10602        3.03047
H         11.43212       11.34366        4.60271
H         11.25396       10.36201        3.16790
H          8.90035       13.89070        3.73644
H          7.52971       13.21917        4.59487
H          9.08039       13.35707        5.39497
H         10.96399        6.47570        3.50180
H          9.30018        6.64199        2.99133
H         10.40526        7.99333        2.83878
H         11.94720        7.10623        6.09540
H         11.89866        8.81011        5.69312
H         11.18161        8.24315        7.18534
H          9.35144        5.32429        5.85492
H          8.85437        6.35568        7.17384
H          7.79680        6.13321        5.79365
H          8.88321       10.02298        9.90421
H          7.48023        9.23126        9.22592
H          9.08708        8.64322        8.85111
H         10.48092       12.00571        8.60829
H         11.13343       10.73449        7.59620
H         10.54957       12.21391        6.87079
H          6.84999       12.07536        8.72942
H          7.85379       13.11239        7.74564
H          6.60059       12.15705        6.99156
