100
CSD_code = ZIWQOO | q = 0 | S = 0 | Stoichiometry = C32H60BO4Si2Y | MND = 12
Y         11.92041        9.04676       12.42959
Si        14.82019        8.17478       14.19251
Si         9.78264        7.56111       10.29766
O         10.90854       10.59298       13.67263
O         11.15476       10.81853       11.36046
O         10.87601       12.90688       12.68984
O          9.01498       11.54820       12.42302
C         14.18843        9.17360       12.70660
C         14.62326        8.96109       11.31705
C         14.75996       10.18476       10.68932
C         14.45708       11.21825       11.62427
C         14.12884       10.64057       12.83288
C         15.00971        7.64037       10.71688
H         16.09744        7.54735       10.68599
H         14.65026        7.55117        9.69074
H         14.61205        6.81497       11.29768
C         15.19522       10.39589        9.27189
H         14.91927        9.54686        8.64826
H         16.27916       10.51164        9.21726
H         14.74356       11.29231        8.84946
C         14.49337       12.69295       11.37808
H         15.34143       13.14574       11.89516
H         13.58348       13.15690       11.75908
H         14.58536       12.91815       10.31847
C         13.86509       11.43266       14.08155
H         13.08588       12.17436       13.89645
H         14.76782       11.97344       14.37611
H         13.55717       10.79885       14.91085
C         16.35189        8.99881       14.99226
H         16.13942       10.00879       15.32458
H         17.17020        9.05667       14.28167
H         16.69933        8.43324       15.85132
C         13.40520        8.06431       15.50316
H         12.41717        8.01711       15.02380
H         13.40951        8.91271       16.18163
H         13.51009        7.17300       16.11454
C         15.30785        6.36048       13.83479
H         16.12492        6.28917       13.12662
H         14.47228        5.78327       13.45434
H         15.63623        5.88799       14.75539
C         10.57906        7.23571       11.99708
C         11.43656        6.06334       12.21364
C         11.25207        5.60380       13.49914
C         10.27816        6.42092       14.14947
C          9.83867        7.38582       13.26431
C         12.23182        5.37350       11.14332
H         11.66430        4.52970       10.74573
H         13.16697        4.97532       11.53537
H         12.45875        6.04572       10.32072
C         11.91540        4.43374       14.15389
H         12.53615        3.88849       13.44808
H         11.16572        3.74797       14.54795
H         12.54129        4.75613       14.98798
C          9.82163        6.19561       15.55730
H          9.10949        5.36986       15.60236
H          9.33518        7.08020       15.96347
H         10.66515        5.94143       16.19816
C          8.64691        8.27953       13.47216
H          8.46837        8.43526       14.53529
H          7.75508        7.80180       13.06064
H          8.75996        9.25274       12.99758
C         11.17381        8.09714        9.06221
H         12.01739        8.57284        9.57903
H         10.79037        8.80985        8.33817
H         11.56135        7.25345        8.49837
C          8.44995        8.92956       10.24429
H          7.51754        8.59322       10.68467
H          8.23904        9.20139        9.21344
H          8.75672        9.82851       10.77036
C          8.96720        5.96963        9.60934
H          8.45328        6.16912        8.67466
H          8.23948        5.57321       10.30946
H          9.69700        5.19009        9.42326
C         10.39674       10.88901       14.96143
H          9.31531       11.04907       14.91256
H         10.87620       11.78827       15.36401
H         10.60624       10.04330       15.62155
C         11.33287       11.57026       10.16887
H         11.48431       12.62393       10.41246
H         10.45519       11.46572        9.51926
H         12.21475       11.19527        9.64490
C          9.75741       13.78151       12.72779
C          8.52638       12.87624       12.32777
C          9.65256       14.36694       14.14547
H         10.59816       14.84934       14.38281
H          9.47792       13.58906       14.88093
H          8.85730       15.10416       14.20150
C         10.01569       14.95312       11.77236
H         10.20999       14.61073       10.76132
H         10.89416       15.49237       12.11880
H          9.16667       15.63066       11.76669
C          7.31159       13.01747       13.25224
H          7.55428       12.74124       14.27305
H          6.53203       12.34606       12.90064
H          6.93554       14.03623       13.23244
C          8.03805       13.10720       10.88865
H          7.28218       12.35797       10.66398
H          8.84937       12.98855       10.17824
H          7.59994       14.09479       10.78020
B         10.45210       11.54718       12.54162
