84
CSD_code = ZODNOY | q = 0 | S = 0 | Stoichiometry = C29H43BN6O2SeSiW | MND = 6
W          6.49371        7.15208        3.21106
Se         8.88933        8.76554        0.88689
Si        11.44628       10.71013        4.59007
N          4.52351        7.28930        2.30632
N          6.25969        5.07935        2.60491
O          9.34275        6.78777        4.44014
N          5.32154        6.48037        4.94340
N          3.58110        6.35441        2.52387
N          5.10074        4.41856        2.77367
O          6.79174       10.18532        3.87900
N          4.29303        5.62744        4.79090
C          6.59549        9.05646        3.72079
C          7.64540        7.87328        1.85793
C          8.25275        6.87338        4.06590
C          4.01082        8.20362        1.48541
C          4.78067        9.38509        1.01734
H          4.91028       10.10502        1.82530
H          4.25710        9.86995        0.19736
H          5.77382        9.07511        0.68343
C          5.43740        6.75435        6.24103
C          2.69739        7.84667        1.16868
H          2.01705        8.37589        0.53299
C          9.82556        9.48548        2.28994
C          5.21043        3.16536        2.29147
C          7.11823        4.25486        2.00898
C          4.45404        6.05512        6.94443
H          4.28297        6.06265        8.00163
C         10.47573        9.96949        3.18885
C          8.50468        4.65638        1.65622
H          8.49733        5.63277        1.16611
H          8.94803        3.91952        0.99137
H          9.12174        4.73808        2.55087
C          3.74506        5.34902        5.98882
C          6.49170        3.02475        1.79078
H          6.91443        2.15421        1.33197
C          2.45795        6.66668        1.84875
C          6.47494        7.67345        6.77830
H          7.47372        7.28718        6.57331
H          6.35238        7.78024        7.85322
H          6.39359        8.65523        6.31081
B          3.88577        5.12487        3.39621
H          2.95639        4.40332        3.45794
C          4.11285        2.16400        2.32187
H          3.78895        1.97595        3.34423
H          4.46194        1.23156        1.88660
H          3.25266        2.51629        1.75465
C         10.21453       10.97712        6.03679
H         10.76468       11.28984        6.93089
C         12.12391       12.37654        3.91120
H         11.26962       13.01551        3.66897
C          1.21804        5.84797        1.87367
H          1.40605        4.84944        1.48209
H          0.45659        6.32630        1.26362
H          0.84226        5.74656        2.89053
C          9.47841        9.68161        6.36582
H          8.91711        9.34217        5.49801
H          8.78203        9.83610        7.18959
H         10.17033        8.89311        6.64936
C          2.58777        4.43770        6.18378
H          1.71501        4.79963        5.64270
H          2.34651        4.38123        7.24183
H          2.81862        3.43727        5.82142
C         12.58312        8.07747        4.65138
H         11.70683        7.71418        5.18016
H         13.42398        7.42792        4.89321
H         12.38168        8.00061        3.58633
C         12.89521        9.52149        5.03670
H         13.77097        9.82843        4.45468
C         12.98239       13.11110        4.93753
H         12.42537       13.29311        5.85405
H         13.31251       14.07240        4.54430
H         13.86797       12.52826        5.18205
C          9.19599       12.06590        5.70806
H          9.68461       13.01755        5.51504
H          8.50367       12.20184        6.53845
H          8.62036       11.78709        4.82936
C         12.91126       12.16722        2.62096
H         13.79393       11.55805        2.80202
H         13.23907       13.12199        2.21143
H         12.29784       11.66457        1.87752
C         13.28190        9.59836        6.51353
H         13.52506       10.61744        6.80597
H         14.15187        8.97221        6.71086
H         12.46754        9.24746        7.14277
