67
CSD_code = ZORVOT | q = 0 | S = 0 | Stoichiometry = C25H38FeOSi2 | MND = 8
Fe        -2.34277       13.78947       13.85264
Si        -0.84481       17.58869       13.34231
Si        -4.53003       14.24870       14.04800
O         -2.08671       15.33180       16.27109
C         -2.38947       15.36584       13.08533
C         -2.27631       16.55893       12.59032
C         -3.15765       17.11724       11.56687
C         -3.68284       16.26710       10.59339
H         -3.41369       15.22234       10.62215
C         -4.53325       16.75060        9.61909
H         -4.93292       16.07838        8.87317
C         -4.87560       18.09310        9.59620
H         -5.53891       18.47336        8.83339
C         -4.36390       18.94347       10.56176
H         -4.63291       19.99031       10.55525
C         -3.51186       18.46258       11.53890
H         -3.13486       19.13123       12.29749
C         -1.51885       18.63311       14.79117
H         -1.90464       17.98128       15.56904
H         -2.32406       19.29786       14.49510
H         -0.73413       19.24333       15.22875
C         -0.08477       18.66728       11.96044
H          0.74630       19.24942       12.34591
H         -0.80335       19.35990       11.53653
H          0.29242       18.05365       11.14786
C          0.48361       16.40059       14.00781
H          0.98648       16.81787       14.87382
H          1.24011       16.17973       13.26229
H          0.01842       15.46579       14.30683
C         -5.11106       15.98823       14.62914
H         -6.18268       16.00851       14.80238
H         -4.88220       16.74649       13.88838
H         -4.62241       16.27471       15.55340
C         -5.18719       13.06218       15.41401
H         -4.56443       13.12359       16.29922
H         -5.20474       12.03026       15.08888
H         -6.19812       13.33168       15.70029
C         -5.55067       13.93899       12.44587
H         -6.51506       13.50255       12.68241
H         -5.04769       13.27684       11.75279
H         -5.72650       14.87422       11.92697
C         -2.21814       14.67247       15.33308
C         -1.96609       12.38888       12.22397
C         -2.62024       11.65538       13.26124
C         -1.82696       11.77008       14.42956
C         -0.64182       12.50953       14.09515
C         -0.72133       12.86668       12.72338
C         -2.35004       12.38284       10.77767
H         -1.87970       11.53713       10.27048
H         -2.01947       13.29497       10.28636
H         -3.42605       12.28975       10.65522
C         -3.78745       10.74317       13.05346
H         -4.65302       11.27228       12.66310
H         -4.07087       10.25695       13.98275
H         -3.51508        9.96686       12.33565
C         -2.03780       11.04994       15.72553
H         -1.54720       10.07457       15.70176
H         -3.09543       10.89801       15.92183
H         -1.61924       11.61840       16.55232
C          0.54340       12.65175       14.99990
H          1.23428       13.40592       14.63311
H          1.07609       11.70106       15.06696
H          0.23415       12.93556       16.00352
C          0.33139       13.51195       11.87718
H          1.20515       13.76942       12.46809
H         -0.04939       14.42042       11.41327
H          0.64155       12.82810       11.08568
