67
CSD_code = ZUJQOK | q = 0 | S = 0 | Stoichiometry = C21H41CrN3Si | MND = 4
Cr         3.05305        2.50615        0.40747
Si         0.48037        3.96756       -1.35521
N          3.64946        2.50615       -1.09715
C         -1.42847        3.99454       -1.44442
N          3.84543        3.89355        1.23082
C         -4.22748        4.10026       -1.55487
C          3.28262        4.25638        2.50949
C         -2.18787        4.25844       -0.30827
C         -2.11116        3.78730       -2.63818
N          3.07838        0.79157        0.93049
C          1.03468        2.88119        0.09330
C         -3.56888        4.31175       -0.35558
C         -3.49254        3.83808       -2.69818
C          4.22668        4.00880        3.69934
C          3.45694       -0.37771        0.15585
C          2.76123        0.55057        2.31584
C          4.88954       -0.23311       -0.36635
C          1.00861        5.78919       -1.08384
C          1.52736       -0.34988        2.49581
C          2.77312        5.70772        2.52084
C          1.22236        3.28395       -2.96738
C          2.49436       -0.55371       -1.02307
C          3.95639       -0.00418        3.11153
C          5.06932        4.58457        0.85952
C          6.22183        3.57431        0.77930
C          4.91234        5.29025       -0.48825
H         -5.30671        4.14079       -1.59738
H          2.39611        3.62193        2.66648
H         -1.68567        4.42827        0.63435
H         -1.54806        3.58513       -3.53683
H          0.54321        1.90822       -0.02585
H          0.65147        3.30713        1.03198
H         -4.13529        4.51934        0.54213
H         -3.99972        3.67398       -3.63890
H          4.59777        2.98489        3.68097
H          3.69180        4.16700        4.63391
H          5.07810        4.68514        3.67749
H          3.40722       -1.27926        0.78328
H          2.50426        1.52128        2.76440
H          5.59128       -0.12312        0.45833
H          4.93255        0.65629       -0.99307
H          5.16734       -1.10515       -0.95259
H          0.80374        6.39011       -1.96444
H          2.07334        5.84354       -0.88291
H          0.47561        6.24403       -0.25290
H          0.68921        0.05154        1.92832
H          1.25016       -0.39207        3.54718
H          1.72310       -1.36299        2.15255
H          2.10415        5.86460        1.67690
H          3.59734        6.41357        2.44707
H          2.23309        5.90636        3.44454
H          1.22061        4.01313       -3.77041
H          0.70152        2.39694       -3.31360
H          2.25354        3.00329       -2.76126
H          1.47691       -0.70568       -0.66739
H          2.78672       -1.41138       -1.62404
H          2.52683        0.34933       -1.63003
H          4.83903        0.60828        2.92641
H          4.18312       -1.02778        2.82240
H          3.73479        0.00836        4.17690
H          5.32363        5.33814        1.61871
H          6.34817        3.05849        1.73046
H          7.15268        4.07977        0.53273
H          5.98736        2.84535        0.00564
H          4.21685        6.12241       -0.40628
H          4.52610        4.56744       -1.20627
H          5.87126        5.67009       -0.83090
