63
CSD_code = ZUXPAJ | q = 0 | S = 0 | Stoichiometry = C25H34OSi2Zr | MND = 12
C          4.44360       -3.17634        3.12019
C          4.71514       -4.49358        3.20600
C          4.12150       -2.01183        0.22443
C          2.92238       -0.47199        2.59707
C          1.58932       -3.06943        1.73004
C          5.03016       -7.42621        2.67027
C          2.14529       -6.36652        2.74811
C          3.99596       -5.81262        0.31160
C          5.28634       -2.23503        3.98472
C          6.29004       -1.53813        3.07952
C          6.96847       -2.27186        2.11176
C          7.92762       -1.66683        1.31907
C          8.21931       -0.32203        1.48185
C          7.55138        0.41243        2.44612
C          6.59481       -0.19393        3.24298
C          3.73329       -4.72121        6.16825
C          4.02967       -6.07764        5.89410
C          5.15045       -6.44183        6.67041
C          5.55531       -5.30654        7.40966
C          4.67022       -4.25205        7.10727
C          8.45505       -4.66630        5.63919
C          8.35460       -4.34613        4.27156
C          7.89401       -5.49433        3.58353
C          7.75408       -6.53738        4.53542
C          8.10780       -6.02349        5.79589
O          5.98822       -2.89088        4.99875
Si         3.29341       -2.23024        1.93709
Si         3.94070       -5.89635        2.22912
Zr         5.98670       -4.77782        4.97610
H          4.51857       -2.94694       -0.15456
H          4.94436       -1.30500        0.27610
H          3.40878       -1.63612       -0.50365
H          2.48680       -0.49237        3.59155
H          2.21781        0.03784        1.94639
H          3.82168        0.13369        2.63908
H          1.14131       -3.31951        2.68598
H          1.65497       -3.98118        1.15051
H          0.90723       -2.40096        1.21366
H          4.56693       -8.34861        2.33164
H          5.17940       -7.50964        3.74925
H          6.00554       -7.37049        2.19384
H          2.08525       -7.40169        3.07127
H          1.44700       -6.24578        1.92690
H          1.79475       -5.74447        3.56577
H          3.72968       -6.77085       -0.12461
H          4.99192       -5.56090       -0.04048
H          3.31239       -5.06931       -0.08231
H          4.63826       -1.46935        4.45063
H          6.72138       -3.32036        1.97759
H          8.44791       -2.24354        0.56782
H          8.96482        0.15085        0.85953
H          7.77660        1.46063        2.57959
H          6.08291        0.38050        4.00206
H          2.87830       -4.17086        5.79358
H          3.39834       -6.75566        5.33517
H          5.53361       -7.44904        6.79180
H          6.31149       -5.28780        8.18722
H          4.66633       -3.27451        7.57392
H          8.85074       -4.01589        6.41082
H          8.66155       -3.41116        3.82040
H          7.85076       -5.61003        2.50533
H          7.58696       -7.58324        4.30934
H          8.21875       -6.60323        6.70381
