86
CSD_code = WUBPUG | q = 0 | S = 0 | Stoichiometry = C29H52CoNP2Si | MND = 6
C          8.18974       17.25340        4.54793
C          8.75274       13.73239        5.29509
H          9.65822       13.26207        5.68577
H          8.40684       13.16087        4.42699
C          9.00893       15.13007        4.85345
C         10.25455       15.50017        4.36593
H         11.04598       14.76779        4.31363
C         10.46402       16.80321        3.95054
H         11.42182       17.11716        3.56494
C          9.40994       17.69332        4.05354
H          9.52574       18.72553        3.75937
C          7.05869       18.20275        4.72678
H          7.11154       19.03143        4.01779
H          7.12423       18.60400        5.74431
C          6.91634       11.85811        6.38899
C          6.04566       11.48279        7.58743
H          5.28778       12.24514        7.75240
H          6.63749       11.36389        8.49207
H          5.53580       10.53887        7.39577
C          8.11430       10.90702        6.29651
H          7.73329        9.88549        6.29830
H          8.80175       10.99927        7.12774
H          8.66612       11.04512        5.37000
C          6.09138       11.65682        5.11656
H          5.83611       10.60270        5.00819
H          6.63945       11.96027        4.22651
H          5.16785       12.22312        5.15860
C          8.22271       14.05249        8.14852
C          9.03977       15.33544        7.97087
H          8.41992       16.12938        7.56194
H          9.89682       15.18384        7.31613
H          9.41295       15.66919        8.93904
C          7.14525       14.31592        9.20062
H          7.60394       14.66853       10.12434
H          6.57482       13.41976        9.42582
H          6.45758       15.07897        8.84387
C          9.17196       12.96786        8.65397
H          9.93527       12.72086        7.91855
H          8.64151       12.06606        8.94468
H          9.68408       13.34322        9.54089
C          5.10107       17.26295        2.79545
C          4.85233       18.60974        2.11870
H          4.75163       18.44197        1.04564
H          5.68542       19.29550        2.26197
H          3.93589       19.08069        2.46023
C          3.90333       16.34064        2.57285
H          3.77208       16.14156        1.50930
H          2.98229       16.77104        2.95432
H          4.07827       15.39604        3.08289
C          6.32181       16.62699        2.12379
H          6.58317       15.69141        2.61298
H          7.18662       17.28861        2.14493
H          6.09425       16.40686        1.08085
C          4.34853       18.62392        5.47540
C          4.75751       20.06511        5.14419
H          3.99623       20.73476        5.54481
H          4.82920       20.25162        4.07922
H          5.70168       20.33457        5.61066
C          2.88222       18.42550        5.08847
H          2.59250       17.38373        5.19919
H          2.68603       18.74252        4.06778
H          2.24982       19.02183        5.74633
C          4.46728       18.45824        6.99230
H          3.90879       19.25024        7.49107
H          5.50312       18.52057        7.31962
H          4.07110       17.49996        7.31204
C          3.15556       13.17784        5.95605
C          2.69024       12.29224        6.91978
H          2.90109       12.48933        7.96107
C          1.95442       11.17143        6.57900
H          1.60697       10.49781        7.35067
C          1.65900       10.91306        5.25170
H          1.08624       10.03733        4.98016
C          2.09899       11.79079        4.27569
H          1.86732       11.60362        3.23594
C          2.83547       12.90620        4.63052
H          3.17790       13.57792        3.85695
N          7.98773       15.98907        4.93030
Si         4.11123       14.75530        6.46760
P          7.33580       13.71779        6.48702
P          5.45444       17.28069        4.67490
Co         6.15745       15.39161        5.62409
H          5.93387       14.57142        4.43077
H          4.04732       14.64530        7.96064
H          6.31714       16.21014        6.83093
H          2.97687       15.71226        6.25937
