42
CSD_code = DEQKUF | q = 0 | S = 0 | Stoichiometry = C14H23Br2NbSi2 | MND = 13
Nb         2.61479       -3.33731        1.19188
Si         1.89574       -0.85616        2.03004
Br         3.00023        0.69066        0.73704
C          0.58084       -3.33722       -0.48395
C          1.36839       -2.19801       -0.76784
C          2.64724       -2.63207       -1.16171
C          4.54843       -3.33725        2.96074
C          4.72596       -2.19795        2.14178
C          4.94257       -2.63228        0.82194
C          2.35698       -0.34943        3.82443
C          0.05421       -0.34191        1.85848
H         -0.48028       -3.33719       -0.26346
H          1.01032       -1.18214       -0.83730
H          3.41009       -1.99045       -1.58206
H          4.48112       -3.33725        4.04263
H          4.84555       -1.18277        2.48808
H          5.25325       -1.99079        0.00819
H          2.10455       -1.14915        4.51698
H          1.80735        0.53801        4.12955
H          3.41344       -0.12903        3.94847
H         -0.12895        0.61202        2.34818
H         -0.58560       -1.08430        2.32941
H         -0.26851       -0.23970        0.82630
H          1.50102       -3.33729        2.42417
Si         1.89572       -5.81823        2.03004
Br         3.00026       -7.36516        0.73702
C          2.35701       -6.32513        3.82438
H          2.10439       -5.52554        4.51701
H          1.80755       -7.21271        4.12938
H          3.41351       -6.54533        3.94846
C          0.05424       -6.33263        1.85848
H         -0.12886       -7.28658        2.34816
H         -0.58559       -5.59028        2.32943
H         -0.26846       -6.43482        0.82631
C          1.36833       -4.47645       -0.76789
C          2.64719       -4.04244       -1.16176
H          3.41003       -4.68408       -1.58211
C          4.72600       -4.47655        2.14178
C          4.94260       -4.04221        0.82194
H          5.25329       -4.68368        0.00818
H          4.84563       -5.49172        2.48808
H          1.01021       -5.49231       -0.83736
