92
CSD_code = CUTZOI | q = 0 | S = 0 | Stoichiometry = C38H50N2RuSi | MND = 9
Ru         3.64156        5.59738       16.17854
Si         2.06414        7.16594       15.26369
C          3.45027        4.25461       17.93717
H          3.72798        4.41970       18.97036
C          4.18820        3.52920       16.97682
H          5.15586        3.06755       17.12674
C          3.38241        3.38007       15.82683
H          3.61614        2.75891       14.97188
C          2.11747        3.97507       16.08427
H          1.23729        3.87711       15.45987
C          2.16105        4.52274       17.38673
H          1.31379        4.91205       17.93916
N          6.28633        6.72207       17.22328
N          6.40534        6.45193       15.09395
C          5.54534        6.33445       16.14440
C          7.55810        7.07552       16.84447
H          8.28359        7.42640       17.54875
C          7.63407        6.90088       15.51090
H          8.44332        7.05466       14.82648
C          5.85696        6.86642       18.57224
C          5.17249        8.03159       18.93810
C          4.79117        8.17184       20.26497
H          4.26004        9.05601       20.57812
C          5.08970        7.19667       21.19784
H          4.77889        7.32034       22.22493
C          5.80557        6.07529       20.82770
H          6.05909        5.33831       21.57375
C          6.20793        5.89098       19.51078
C          6.17286        6.20746       13.70934
C          5.67035        7.24087       12.91048
C          5.58274        7.01911       11.54326
H          5.19916        7.79228       10.89855
C          5.97906        5.81518       10.99099
H          5.90901        5.66458        9.92374
C          6.45472        4.80024       11.79775
H          6.75076        3.86295       11.35359
C          6.55731        4.97693       13.17117
C          4.93006        9.13940       17.93834
H          4.95777        8.71503       16.92928
C          3.56189        9.79786       18.10318
H          2.78305        9.04060       18.08952
H          3.49714       10.36810       19.02634
H          3.38517       10.47650       17.27298
C          6.04686       10.18090       18.06945
H          7.02060        9.73408       17.88047
H          5.89243       10.98297       17.35207
H          6.05302       10.60715       19.07058
C          7.07087        4.70553       19.13578
H          7.04578        4.58391       18.04751
C          8.51872        4.98144       19.55810
H          9.15558        4.14316       19.28356
H          8.90656        5.87677       19.07996
H          8.57489        5.12000       20.63557
C          6.60710        3.39380       19.77295
H          7.15992        2.56125       19.34115
H          6.78935        3.39136       20.84464
H          5.54723        3.22443       19.60580
C          5.23899        8.54800       13.53353
H          4.83386        8.31688       14.52784
C          4.13764        9.24689       12.73790
H          3.72679       10.06030       13.33012
H          4.52451        9.66834       11.81274
H          3.33119        8.55603       12.51050
C          6.43664        9.49435       13.68035
H          6.10402       10.44641       14.08676
H          7.19085        9.08550       14.34732
H          6.89435        9.67489       12.70929
C          7.07305        3.86590       14.05781
H          6.75038        4.07184       15.08452
C          8.60365        3.82338       14.02687
H          8.96878        3.00061       14.63833
H          8.95534        3.67853       13.00759
H          9.02861        4.74844       14.40885
C          6.50393        2.50432       13.65454
H          6.68445        1.77617       14.44328
H          5.43260        2.57626       13.48504
H          6.97160        2.13404       12.74555
C          1.31130        6.76929       13.54631
C          2.04476        6.20088       12.51072
H          3.08013        5.93700       12.67802
C          1.48184        5.95918       11.26980
H          2.07984        5.51776       10.48361
C          0.15624        6.28019       11.03570
H         -0.28910        6.09174       10.06864
C         -0.59488        6.84373       12.05349
H         -1.63232        7.09741       11.88134
C         -0.01878        7.08357       13.28792
H         -0.61216        7.52677       14.07444
H          2.33245        8.63478       15.13709
H          0.82229        7.23723       16.10066
H          3.52675        6.73183       17.18884
H          3.96957        5.59852       14.69315
