73
CSD_code = RAPTEK | q = 0 | S = 0 | Stoichiometry = C27H42FeN2Si | MND = 7
Fe         7.02665        0.70570        3.35229
Si         8.76732        1.43771        4.49098
N          6.49812        3.27886        2.73571
N          5.78171        3.16140        4.76916
C          9.50085        3.09902        3.94510
C          9.05006        4.30357        4.46571
C          9.55078        5.51706        4.03085
C         10.53555        5.54931        3.05713
C         11.00966        4.35871        2.53048
C         10.48869        3.15455        2.97007
C          6.33772        2.42384        3.78254
C          6.03724        4.53840        3.05918
C          5.58955        4.46630        4.34305
C          6.99829        2.70430        1.50390
C          7.91588        3.62396        0.70662
C          5.81759        2.21825        0.66320
C          6.06477        5.71498        2.14945
C          5.04217        5.56498        5.18553
C          5.45228        2.53826        6.03071
C          6.11107        3.21750        7.22805
C          3.93888        2.41063        6.21337
C          7.33953       -1.17909        4.36666
C          7.67735       -1.25712        2.98926
C          6.49188       -1.00287        2.23272
C          5.43145       -0.73563        3.13787
C          5.95856       -0.83251        4.45738
C          8.19118       -1.59852        5.51842
C          8.97833       -1.73207        2.42326
C          6.39960       -1.17847        0.74803
C          3.97967       -0.55827        2.81431
C          5.14060       -0.91833        5.70717
H          8.65791        1.57178        5.97360
H          9.97794        0.58177        4.35056
H         10.85926        2.22900        2.55167
H         10.93465        6.49433        2.71519
H         11.78387        4.37419        1.77488
H          7.60531        1.82333        1.82999
H          5.88112        1.53669        5.92282
H          8.29300        4.28945        5.23556
H          5.60733        5.48125        1.18958
H          4.72228        6.38951        4.55322
H          5.20557        3.06127        0.34839
H          8.46864        3.03336       -0.01958
H          5.67743        4.19181        7.43245
H          3.72406        1.73711        7.03843
H          6.16805        1.69588       -0.22143
H          5.20883        1.54466        1.26043
H          4.18583        5.23572        5.76796
H          5.80233        5.94379        5.86984
H          7.35335        4.37945        0.16614
H          8.63137        4.10811        1.36444
H          3.47631        3.36939        6.43281
H          3.48936        2.01097        5.30769
H          5.97827        2.59515        8.10923
H          7.17680        3.33144        7.04886
H          5.51449        6.53911        2.59537
H          7.08850        6.04526        1.97791
H          9.00620       -2.82259        2.37320
H          5.44599       -0.82856        0.36102
H          4.23590       -0.32372        5.62781
H          3.41535       -1.44977        3.09435
H          8.03458       -0.95019        6.37651
H          9.12779       -1.34397        1.41792
H          9.80728       -1.39876        3.04258
H          4.84488       -1.95704        5.87462
H          5.70744       -0.59435        6.57689
H          7.19771       -0.63822        0.23884
H          6.50059       -2.23494        0.49213
H          7.94402       -2.62113        5.81104
H          9.24346       -1.56140        5.25706
H          3.56306        0.28765        3.35895
H          3.82743       -0.38588        1.75132
H          9.17867        6.44167        4.45248
