85
CSD_code = XOQVOP | q = 0 | S = 0 | Stoichiometry = C33H48NPRuSi | MND = 9
Ru         0.07999        1.63789        4.01417
H          0.89068        0.82364        3.01836
P          0.36819       -0.39278        5.16249
Si         2.27357        2.58299        4.03102
H          2.35144        3.95023        4.64554
H          3.41148        1.91369        4.74211
N          1.40870        2.10074        6.88003
C          2.95354        0.66236        8.14757
H          3.88170        1.13562        7.81742
H          2.69982        1.07854        9.12578
C          1.85424        0.86692        7.14497
C          1.41092       -0.34209        6.63172
C          2.18557       -1.40559        7.27789
C          2.16885       -2.79463        7.19210
H          1.50231       -3.31912        6.53052
C          3.02580       -3.54764        7.97805
H          2.99867       -4.62515        7.89675
C          3.90972       -2.95291        8.86128
H          4.56844       -3.55960        9.46427
C          3.93955       -1.57009        8.96724
H          4.62028       -1.08435        9.65218
C          3.08664       -0.82283        8.18801
C         -1.99510        2.65954        4.16360
C         -1.01775        3.51029        3.54097
C         -0.61215        2.89013        2.32170
C         -1.32179        1.64353        2.21215
C         -2.19379        1.52447        3.33130
C         -2.90887        3.10637        5.26793
H         -2.36429        3.42393        6.15815
H         -3.60199        2.31812        5.55565
H         -3.49750        3.95882        4.92035
C         -0.77485        4.94902        3.89465
H          0.25624        5.23649        3.69460
H         -0.99112        5.14529        4.94378
H         -1.42805        5.58699        3.29343
C          0.08781        3.57180        1.18480
H         -0.65881        3.98647        0.50208
H          0.71542        2.88111        0.62454
H          0.71987        4.38277        1.53802
C         -1.40704        0.82659        0.95673
H         -1.65963       -0.21138        1.16611
H         -0.46688        0.85025        0.40856
H         -2.18600        1.24033        0.31074
C         -3.33492        0.55493        3.40854
H         -4.18473        0.96635        2.85644
H         -3.65732        0.37374        4.43143
H         -3.07700       -0.39932        2.95239
C          1.16338       -1.76060        4.16494
H          1.12910       -2.67284        4.76135
C          2.62578       -1.42166        3.90269
H          3.18457       -1.38769        4.83476
H          2.70926       -0.44950        3.42166
H          3.07583       -2.17499        3.25771
C          0.40761       -2.01115        2.86542
H         -0.61917       -2.31825        3.05795
H          0.89656       -2.79885        2.29341
H          0.39580       -1.10608        2.26062
C         -1.24724       -1.23194        5.68524
H         -1.84440       -1.26694        4.76647
C         -1.12510       -2.64771        6.23940
H         -0.71393       -3.34284        5.51281
H         -2.11821       -3.00902        6.50904
H         -0.51194       -2.65187        7.13642
C         -1.98015       -0.37816        6.71382
H         -2.20363        0.60932        6.32090
H         -1.37276       -0.27275        7.61252
H         -2.92254       -0.85038        6.99328
C          0.22919        2.29587        6.09758
H          0.03507        3.37337        6.09686
H         -0.59256        1.81332        6.64992
C          2.07256        3.23199        7.48089
H          1.65968        4.15182        7.07681
H          3.14082        3.21823        7.26142
H          1.93608        3.23765        8.56814
C          3.05858        2.94741        2.33159
C          3.23203        1.95742        1.37211
H          2.91041        0.94873        1.59154
C          3.79672        2.23142        0.13964
H          3.91915        1.44085       -0.58866
C          4.20207        3.51954       -0.16551
H          4.64027        3.74006       -1.12880
C          4.04171        4.52154        0.77562
H          4.35833        5.53067        0.54907
C          3.47804        4.23090        2.00506
H          3.36245        5.02073        2.73410
