77
CSD_code = GOTWUJ | q = 0 | S = 0 | Stoichiometry = C20H48Cl2N2O2Si2Zr | MND = 6
Zr        -3.40763        2.12634       12.77634
Cl        -4.77317        0.78271       14.18787
Cl        -5.24459        3.46758       12.15297
Si        -2.35451        4.74379       13.76862
Si        -2.43526       -0.51520       11.96399
O         -3.28592        3.64404       14.68730
O         -1.86390        0.61229       13.12513
N         -1.96532        3.61857       12.55712
N         -3.40604        0.67547       11.23922
C         -3.32508        6.33010       13.26978
H         -4.23593        6.07474       12.73354
H         -2.71580        6.94255       12.61164
H         -3.59985        6.96197       14.10858
C         -0.85562        5.30619       14.84131
H         -1.08163        6.19193       15.42453
H         -0.00939        5.55065       14.21058
H         -0.53040        4.52988       15.52849
C         -0.95624       -1.16117       10.91768
H         -0.20105       -0.39677       10.76355
H         -1.29837       -1.47681        9.93939
H         -0.47585       -2.02138       11.37229
C         -3.22277       -2.04448       12.82901
H         -2.49020       -2.78684       13.13221
H         -3.91319       -2.54450       12.15670
H         -3.79294       -1.74621       13.70554
C         -1.40186        3.97217       11.26429
C         -0.20754        4.92930       11.39796
H         -0.52825        5.87242       11.82964
H          0.23122        5.12127       10.42174
H          0.55105        4.49411       12.04375
C         -2.46802        4.62699       10.36698
H         -3.36529        4.00706       10.36411
H         -2.10136        4.73379        9.34803
H         -2.72939        5.60976       10.74594
C         -0.92278        2.68920       10.56174
H         -0.10680        2.23685       11.11946
H         -0.56496        2.92169        9.56022
H         -1.75294        1.97945       10.49543
C         -4.11838        3.94480       15.82538
C         -5.55845        4.11323       15.33434
H         -5.61639        4.91481       14.60185
H         -6.21710        4.34549       16.16737
H         -5.89888        3.18863       14.86602
C         -3.66670        5.20215       16.56880
H         -2.63042        5.10678       16.87709
H         -4.28066        5.32807       17.45721
H         -3.77436        6.08596       15.95212
C         -4.05222        2.77267       16.81478
H         -4.32875        1.84459       16.32147
H         -4.75102        2.95073       17.62784
H         -3.05278        2.68119       17.23415
C         -4.46233        0.40911       10.27191
C         -4.14660       -0.81406        9.39843
H         -3.20813       -0.65903        8.87338
H         -4.93634       -0.96463        8.66646
H         -4.05917       -1.70836       10.00664
C         -5.79376        0.16958       11.00711
H         -5.69694       -0.68043       11.68052
H         -6.59226       -0.03119       10.29587
H         -6.06401        1.05085       11.59447
C         -4.61303        1.62158        9.33436
H         -4.95233        2.49357        9.89170
H         -5.34959        1.40444        8.56367
H         -3.66096        1.84045        8.85257
C         -0.87679        0.49223       14.14494
C         -0.38464       -0.94073       14.33289
H         -1.20703       -1.58392       14.62821
H          0.37128       -0.96281       15.11438
H          0.05554       -1.31962       13.41715
C         -1.53494        0.98016       15.43848
H         -1.82620        2.02456       15.31194
H         -0.85004        0.89593       16.27968
H         -2.42302        0.38029       15.64266
C          0.29264        1.41346       13.77805
H          0.82944        1.01470       12.91961
H          0.98730        1.49956       14.60990
H         -0.10289        2.40142       13.53296
