74
CSD_code = NECVID | q = 0 | S = 0 | Stoichiometry = C24H40N2O5Si2W | MND = 6
Si         7.89238       -2.11724        2.73477
Si         6.94498       -1.24667        4.78866
H          7.71484        0.04178        4.65404
W          4.58704       -1.07399        5.73355
N          8.61815       -0.93711        7.19981
N          7.91011       -2.95724        7.00033
O          1.74147       -0.70930        6.98281
O          3.25650       -0.22050        3.01660
O          3.67750       -4.06876        5.51647
O          5.56074       -1.70412        8.64976
O          5.14672        1.94808        6.38626
C          7.98877       -1.77908        6.35648
C          8.47589       -2.86107        8.25210
C          8.92554       -1.58237        8.37914
C          8.88716        0.45082        6.94789
H          9.41302        0.56303        6.00106
H          9.50165        0.85421        7.74789
H          7.95215        1.01098        6.89671
C          7.22789       -4.12993        6.54047
H          6.98824       -4.01768        5.48965
H          6.30083       -4.26969        7.10287
H          7.85565       -5.01121        6.67943
C          8.50240       -4.00564        9.19518
H          8.99122       -3.71882       10.12090
H          9.04074       -4.85091        8.76661
H          7.48763       -4.32858        9.42554
C          9.60756       -0.92019        9.52038
H          9.73224       -1.62959       10.33281
H          9.01747       -0.08132        9.88807
H         10.59309       -0.55470        9.23160
C          9.74214       -2.76862        3.01384
C         10.56508       -2.85645        1.72682
H         10.71182       -1.87735        1.28239
H         10.08817       -3.49990        0.99415
H         11.55109       -3.27003        1.94393
C          9.75227       -4.15429        3.66146
H          9.33771       -4.90863        3.00092
H          9.19247       -4.15017        4.59191
H         10.77751       -4.44880        3.89013
C         10.47349       -1.84145        3.98725
H         11.48843       -2.20323        4.15554
H          9.95921       -1.81739        4.94446
H         10.53882       -0.82931        3.60834
C          6.74965       -3.53293        1.98053
C          7.39814       -4.28320        0.81547
H          6.68495       -4.98659        0.38357
H          8.26034       -4.85473        1.14750
H          7.71548       -3.60690        0.02878
C          6.37421       -4.56443        3.04638
H          5.76641       -4.09961        3.81828
H          7.24448       -5.02922        3.49640
H          5.77583       -5.35732        2.59649
C          5.42008       -2.95581        1.49285
H          4.75072       -3.76597        1.20049
H          5.54899       -2.31568        0.62671
H          4.93010       -2.39048        2.28339
C          8.04919       -0.88579        0.05928
H          7.19661       -1.44546       -0.31259
H          8.94990       -1.46519       -0.12133
H          8.11856        0.03062       -0.52823
C          7.88757       -0.53956        1.54338
C          6.57597        0.23631        1.70233
H          6.46283        0.61948        2.71252
H          5.70815       -0.36940        1.47393
H          6.57124        1.08847        1.02184
C          9.00425        0.44442        1.90159
H          8.89447        1.35474        1.31133
H          9.98702        0.03611        1.68809
H          8.95540        0.72266        2.95010
C          4.08161       -2.99148        5.50768
C          3.80873       -0.57124        3.95775
C          2.77482       -0.84276        6.50673
C          5.23982       -1.49177        7.56205
C          4.96439        0.85109        6.09892
